Name,Input,Ideal_hellinger,Noisy_hellinger,Ideal_jensenshannon,Noisy_jensenshannon,Ideal_trace,Noisy_trace,Ideal_fidelity,Noisy_fidelity,Ideal_expectation,Noisy_expectation
qftentangled_8_Mutant_Remove_cp_P15_Q6.qasm,PureState_0,0.05941702295470487,0.23046011089778082,0.05837131665519979,0.2152645753971982,0.0,0.14663217688220936,1.0000000000000697,0.5558417217139117,0.003108286970836779,0.02423546302916322
qftentangled_8_Mutant_Remove_cp_P15_Q6.qasm,Quratest_0,0.06322125676631819,0.20580954587585507,0.060573040910697026,0.1993755533477294,0.0,0.13644035837885066,1.000000000000063,0.5594098043834127,0.028568034873393336,0.030025715126606664
qftentangled_8_Mutant_Remove_cp_P15_Q6.qasm,PureState_1,0.061783602551859794,0.2319774194909767,0.06063106555874016,0.2165015851959998,0.0,0.14663217422430253,1.0000000000000684,0.558130252007604,0.009455943220836791,0.03155968177916321
qftentangled_8_Mutant_Remove_cp_P15_Q6.qasm,Quratest_1,0.05764131987366138,0.1824548340787714,0.05597390287746686,0.17712699848055338,0.0,0.12323481917590104,1.0000000000000666,0.5668693182496646,0.020275550299488188,0.017834144049488188
qftentangled_8_Mutant_Remove_cp_P15_Q6.qasm,PureState_2,0.05634444249781974,0.23413892318145862,0.05530511397938624,0.2188632105523659,0.0,0.1456227454147805,1.0000000000000688,0.5584450824373589,0.02221617190996899,0.004638046909968989
qftentangled_8_Mutant_Remove_cp_P15_Q6.qasm,Quratest_2,0.06509140000323983,0.2233410586194624,0.06165009976909475,0.21344192186655703,0.0,0.13869570763991934,1.0000000000000684,0.5685930469103252,0.01101591245125496,0.03976533754874504
qftentangled_8_Mutant_Remove_cp_P15_Q6.qasm,PureState_3,0.06730224825523795,0.23566260896019198,0.06543960606062003,0.21947786335320402,0.0,0.1452911292043756,1.0000000000000693,0.5562594137174396,0.004320635811417006,0.047289385811417006
qftentangled_8_Mutant_Remove_cp_P15_Q6.qasm,Quratest_3,0.059028831617764815,0.24537047178453147,0.056498296946904406,0.23147744041197188,0.0,0.1566766115948982,1.0000000000000666,0.5686400383014161,0.004489553817443932,0.023342477432556068
qftentangled_8_Mutant_Remove_cp_P15_Q6.qasm,PureState_4,0.05821435600856886,0.23563057933455195,0.05703065383666639,0.21907286127095335,0.0,0.14439897035025184,1.000000000000067,0.5594901262363267,0.0022664769885631254,0.025215695738563127
qftentangled_8_Mutant_Remove_cp_P15_Q6.qasm,Quratest_4,0.059908221224111775,0.18942423602090672,0.058853925423629126,0.18349421191462226,0.0,0.15353852346089147,1.0000000000000675,0.5578164735828359,0.02705300621746176,0.013474337532538239
qftentangled_8_Mutant_Remove_cp_P15_Q6.qasm,PureState_5,0.05733792072210204,0.2287968733393321,0.056192111172220845,0.2137514447458654,0.0,0.14826464499016695,1.0000000000000648,0.5544380425301287,0.02024294246257105,0.04856325496257105
qftentangled_8_Mutant_Remove_cp_P15_Q6.qasm,Quratest_5,0.06243493841231636,0.2333216312423234,0.059947995399899125,0.22503520415821604,0.0,0.17650881706520638,1.0000000000000662,0.569017209613033,0.010358906806108154,0.011335469306108154
qftentangled_8_Mutant_Remove_cp_P15_Q6.qasm,PureState_6,0.05802333226995189,0.23101566360005066,0.05709236595816535,0.21548302445653159,0.0,0.14498287143098343,1.0000000000000702,0.5594064868663157,0.037130710603915235,0.008279445646084764
qftentangled_8_Mutant_Remove_cp_P15_Q6.qasm,Quratest_6,0.06475639047030088,0.18641695805422007,0.06322500777217555,0.17923916652078734,0.0,0.11584236155932007,1.0000000000000648,0.5415169428072423,0.00469674416921283,0.01336966208078717
qftentangled_8_Mutant_Remove_cp_P15_Q6.qasm,PureState_7,0.05837035246322873,0.24337814707440264,0.05725637868661905,0.22773417983559643,0.0,0.14896398952276618,1.0000000000000684,0.5540264062255734,0.01680788652094212,0.00907101972905788
qftentangled_8_Mutant_Remove_cp_P15_Q6.qasm,Quratest_7,0.057731154614929024,0.1937077625973207,0.05530209358459264,0.18401356393534635,0.0,0.13176864427338392,1.0000000000000613,0.5684922015974769,0.001657586469703128,0.012502569780296872
qftentangled_8_Mutant_Remove_cp_P15_Q6.qasm,PureState_8,0.05540767516949127,0.23472875355259473,0.0546383891998794,0.21917162225502954,0.0,0.14852388306866113,1.0000000000000706,0.5540798182271885,0.00022341121257102997,0.04661012996257103
qftentangled_8_Mutant_Remove_cp_P15_Q6.qasm,Quratest_8,0.05709196692239142,0.17981033343367975,0.056690267908487864,0.17428948137041195,0.0,0.11892099487810828,1.0000000000000666,0.5509734249955853,0.021977978436532743,0.023442822186532743
qftentangled_8_Mutant_Remove_cp_P15_Q6.qasm,PureState_9,0.06405851822618933,0.2331743426225405,0.06221195623554207,0.21747337737946792,0.0,0.14738422254469996,1.0000000000000688,0.5549274738483847,0.0013129668540584269,0.04916452935405843
qftentangled_8_Mutant_Remove_cp_P15_Q6.qasm,Quratest_9,0.055406004441667246,0.2046241426588664,0.05428260573056389,0.19716364896694788,0.0,0.1377006575250087,1.000000000000056,0.5395442493483217,0.025028707814712253,0.006221292185287747
qftentangled_8_Mutant_Remove_cp_P15_Q6.qasm,PureState_10,0.06380996707102228,0.22158689122253333,0.0620756547951466,0.20693590376067802,0.0,0.14767321593610072,1.0000000000000657,0.5575539991194797,0.021285523013100452,0.006058226986899546
qftentangled_8_Mutant_Remove_cp_P15_Q6.qasm,Quratest_10,0.0627851066702872,0.30578567056567185,0.05935387839212212,0.2849710570301151,0.0,0.22580426944497256,1.0000000000000613,0.5718534096749017,0.028234536677233205,0.020105307072766795
qftentangled_8_Mutant_Remove_cp_P15_Q6.qasm,PureState_11,0.06072635055149115,0.23922127715494693,0.059575261166278363,0.2230962937543845,0.0,0.14830232244317984,1.0000000000000662,0.55670429169655,0.003222906856470531,0.09296849939352947
qftentangled_8_Mutant_Remove_cp_P15_Q6.qasm,Quratest_11,0.06170648010098733,0.26542011844922964,0.057952872236568254,0.24706821487870118,0.0,0.16810230856015346,1.0000000000000582,0.563635900723781,0.002077157596018656,0.024538095096018654
qftentangled_8_Mutant_Remove_cp_P15_Q6.qasm,PureState_12,0.06053070831465408,0.22055120465977676,0.05924905546437908,0.20522307972812126,0.0,0.14776117843484976,1.0000000000000688,0.5572118457643419,0.0065003505322133006,0.0208433994677867
qftentangled_8_Mutant_Remove_cp_P15_Q6.qasm,Quratest_12,0.0635566310064462,0.2106233232587207,0.06139769350340403,0.20370654232426055,0.0,0.1385672402615854,1.0000000000000577,0.5371745466181125,0.00229699518493931,0.02817590143493931
qftentangled_8_Mutant_Remove_cp_P15_Q6.qasm,PureState_13,0.05895360249593386,0.23232472074818644,0.058163892023957504,0.21684063963890304,0.0,0.1469571188784776,1.0000000000000733,0.5575955905861524,0.0024290767314765205,0.14256579548147652
qftentangled_8_Mutant_Remove_cp_P15_Q6.qasm,Quratest_13,0.062066034727188635,0.21318939975871726,0.05931157540069398,0.20518630953126787,0.0,0.1498093368064338,1.0000000000000662,0.5772380905824785,0.02029915402606927,0.014368814723930728
qftentangled_8_Mutant_Remove_cp_P15_Q6.qasm,PureState_14,0.058036709749292544,0.23323677851260047,0.05702066680484309,0.21785491543071855,0.0,0.145361674757916,1.0000000000000693,0.5565137339325887,0.02606569929646414,0.05096804304646414
qftentangled_8_Mutant_Remove_cp_P15_Q6.qasm,Quratest_14,0.06549075048989639,0.24227969187541204,0.06284981896597358,0.23143626879661625,0.0,0.1448978667061395,1.0000000000000724,0.5152732078579683,0.015818789784401287,0.03886871021559871
qftentangled_8_Mutant_Remove_cp_P15_Q6.qasm,PureState_15,0.055986440857359925,0.23832174973357173,0.054404485935829174,0.222230328514854,0.0,0.14799453787030967,1.0000000000000688,0.5544727585749721,0.013786642070600846,0.052849142070600846
qftentangled_8_Mutant_Remove_cp_P15_Q6.qasm,Quratest_15,0.06055748827470201,0.20235096014487583,0.05857836781481781,0.1960469954107405,0.0,0.16528622708096483,1.00000000000006,0.5730965638614376,0.007510186487311832,0.04522418851268817
qftentangled_8_Mutant_Remove_cp_P15_Q6.qasm,PureState_16,0.05605860101052759,0.23347336761013399,0.05469635823915934,0.21773241545560273,0.0,0.1495240281916006,1.0000000000000706,0.5557596094112675,0.01702804417915995,0.02435226292915995
qftentangled_8_Mutant_Remove_cp_P15_Q6.qasm,Quratest_16,0.05951699608629305,0.17350098786272317,0.058050027743747644,0.16770072676795228,0.0,0.11697530548427035,1.0000000000000684,0.5617434116158055,0.0010604269772061456,0.023521364477206146
qftentangled_8_Mutant_Remove_cp_P15_Q6.qasm,PureState_17,0.057358371276736236,0.2322916708280946,0.05643878898228784,0.21664578973782284,0.0,0.14615913365376598,1.0000000000000644,0.5581785116339486,0.02701302600043834,0.04525259899956166
qftentangled_8_Mutant_Remove_cp_P15_Q6.qasm,Quratest_17,0.0599662020210052,0.19811205645915614,0.056943720449362856,0.19020871458033617,0.0,0.1092623366267976,1.00000000000006,0.5880942911135832,0.031965503998387865,0.014909496001612134
qftentangled_8_Mutant_Remove_cp_P15_Q6.qasm,PureState_18,0.05177550149757484,0.23039448814349517,0.05078633350152872,0.21494593299062437,0.0,0.14415641294745732,1.0000000000000684,0.5572843495058103,0.006739209368771397,0.011133740618771397
qftentangled_8_Mutant_Remove_cp_P15_Q6.qasm,Quratest_18,0.053333728952968465,0.18550577387229916,0.052769502149316236,0.17705865837776097,0.0,0.11578131627148822,1.0000000000000662,0.5282130277137801,0.005941020472705429,0.004801167027294571
qftentangled_8_Mutant_Remove_cp_P15_Q6.qasm,PureState_19,0.05843722462493401,0.23418468483954008,0.05709684396005927,0.2185749829406109,0.0,0.14796300620656166,1.000000000000067,0.5547562451691076,0.016608930314656774,0.019050336564656774
qftentangled_8_Mutant_Remove_cp_P15_Q6.qasm,Quratest_19,0.06291489649278609,0.1865900462672867,0.05930012030260821,0.17709684373162626,0.0,0.08944741018246707,1.0000000000000648,0.570376781402694,0.01335635171282059,0.01203427328717941
qftentangled_8_Mutant_Remove_cp_P15_Q6.qasm,PureState_20,0.056804250386499326,0.2408229813846645,0.055086834198357026,0.22511277557187948,0.0,0.1499036533230361,1.0000000000000662,0.5556141312272923,0.005207189909021789,0.006999841340978211
qftentangled_8_Mutant_Remove_cp_P15_Q6.qasm,Quratest_20,0.05890682935589097,0.22974792015878354,0.05650069845996976,0.21859904663443472,0.0,0.13461908527716254,1.0000000000000622,0.5428669580565191,0.0020583376725806513,0.06239478732741935
qftentangled_8_Mutant_Remove_cp_P15_Q6.qasm,PureState_21,0.056421323470606306,0.2279017386581548,0.055221927840039445,0.21250820531774353,0.0,0.14615393894892792,1.0000000000000737,0.5561341130863285,0.013330153143488725,0.0003417218565112748
qftentangled_8_Mutant_Remove_cp_P15_Q6.qasm,Quratest_21,0.05965354900196674,0.2115324934026361,0.05796443911858415,0.20460696259043856,0.0,0.154785270457912,1.0000000000000666,0.5475048786337229,0.013048621693581286,0.036486121693581286
qftentangled_8_Mutant_Remove_cp_P15_Q6.qasm,PureState_22,0.06284804329426745,0.2366226270330496,0.0606245537308668,0.22076398513359607,0.0,0.14822963286112412,1.0000000000000635,0.5568480581311726,0.019790828133216434,0.004623234366783566
qftentangled_8_Mutant_Remove_cp_P15_Q6.qasm,Quratest_22,0.06286610381809322,0.17404482718869027,0.06031268723330297,0.16756314942417344,0.0,0.11966974798986318,1.0000000000000693,0.5473586932131251,0.009226169689659645,0.014108982189659645
qftentangled_8_Mutant_Remove_cp_P15_Q6.qasm,PureState_23,0.05653895666917035,0.23721242492559494,0.05518359722733531,0.22112681238229623,0.0,0.14854340284207174,1.0000000000000608,0.5563400189400907,0.010547125606470531,0.10957006189352947
qftentangled_8_Mutant_Remove_cp_P15_Q6.qasm,Quratest_23,0.060421779408124945,0.2536254940127892,0.058061644579492075,0.2389207654982919,0.0,0.14542155778612675,1.0000000000000622,0.5289619964960882,0.008067684897975439,0.035389346352024564
qftentangled_8_Mutant_Remove_cp_P15_Q6.qasm,PureState_24,0.05749655426283254,0.23560086042978054,0.05655336570117764,0.2203337405806369,0.0,0.14799453975136664,1.0000000000000626,0.5567468094452782,0.02355226707060079,0.05822023582060079
qftentangled_8_Mutant_Remove_cp_P15_Q6.qasm,Quratest_24,0.06267617165676434,0.24875926733954765,0.06015293258216882,0.23070701926525278,0.0,0.1518765981898728,1.0000000000000662,0.5380459720358829,0.007092332780979246,0.049060010969020754
qftentangled_8_Mutant_Remove_cp_P15_Q6.qasm,PureState_25,0.05793813877819593,0.2290933465055393,0.05662742065785787,0.213526736970062,0.0,0.14715279740273057,1.0000000000000653,0.5552819164056738,0.011078591854058448,0.023773904354058448
qftentangled_8_Mutant_Remove_cp_P15_Q6.qasm,Quratest_25,0.06158024452111665,0.21579064969893075,0.05965033256422647,0.2060352144548893,0.0,0.12143522661872672,1.0000000000000675,0.5555138476062367,0.02100493091400127,0.04930756908599873
qftentangled_8_Mutant_Remove_cp_P15_Q6.qasm,PureState_26,0.058201476662746346,0.21779613297942413,0.05636813334528436,0.2026629086157284,0.0,0.1472390103203758,1.000000000000071,0.5552161977761559,0.013670079374681308,0.01806461062468131
qftentangled_8_Mutant_Remove_cp_P15_Q6.qasm,Quratest_26,0.060547242574826556,0.17243014916792046,0.05894863942980281,0.16831109526721144,0.0,0.13477018471308458,1.00000000000006,0.5660330869898069,0.024926928513984106,0.012670727736015894
qftentangled_8_Mutant_Remove_cp_P15_Q6.qasm,PureState_27,0.058909704140205396,0.22791761805245597,0.05762382644055182,0.21298396238926373,0.0,0.14858836658553015,1.0000000000000657,0.5544549589480158,0.03424603759353064,0.02239458740646936
qftentangled_8_Mutant_Remove_cp_P15_Q6.qasm,Quratest_27,0.0534898590152857,0.14406513585827732,0.0530047359587431,0.1396240089619145,0.0,0.08753392400707155,1.000000000000063,0.5782539080459677,0.008976107423471893,0.021785611326528107
qftentangled_8_Mutant_Remove_cp_P15_Q6.qasm,PureState_28,0.05508886316026866,0.23944959979213745,0.053735752738904574,0.2235164833434974,0.0,0.14604385957087457,1.0000000000000675,0.558575586444407,0.006051039103525474,0.032906507853525474
qftentangled_8_Mutant_Remove_cp_P15_Q6.qasm,Quratest_28,0.05995878004157373,0.24617163737405148,0.05521334410485085,0.23281336329315586,0.0,0.13795814299958004,1.0000000000000595,0.567395472869918,0.000518663573580963,0.03518663232358096
qftentangled_8_Mutant_Remove_cp_P15_Q6.qasm,PureState_29,0.0632420629214373,0.2430338162915343,0.06224564096664924,0.2265066657706421,0.0,0.14601616439887216,1.000000000000072,0.5580285572914886,0.0341073472608643,0.0648690660108643
qftentangled_8_Mutant_Remove_cp_P15_Q6.qasm,Quratest_29,0.06199096429838499,0.1962290805001733,0.06009015811459034,0.18694424775966303,0.0,0.1338300050722509,1.0000000000000706,0.5488172952585906,0.009788856805617183,0.023414268194382817
qftentangled_8_Mutant_Remove_cp_P15_Q6.qasm,PureState_30,0.06062809184362085,0.22549138579270117,0.05925962455260361,0.2108301098305159,0.0,0.14795390205533102,1.0000000000000666,0.5571946986960291,0.03144885198689959,0.004683960513100413
qftentangled_8_Mutant_Remove_cp_P15_Q6.qasm,Quratest_30,0.06282357668699076,0.2422061727076094,0.05955875540051553,0.2313848511063269,0.0,0.14421730996109694,1.0000000000000635,0.5289549184797975,0.02907867373473807,0.05881195126526193
qftentangled_8_Mutant_Remove_cp_P15_Q6.qasm,PureState_31,0.0565353981259144,0.21697561745873606,0.05481485793389861,0.20285911866159997,0.0,0.14611465888062364,1.0000000000000622,0.5583768738289788,0.0009964071719823393,0.00828093657801766
qftentangled_8_Mutant_Remove_cp_P15_Q6.qasm,Quratest_31,0.059908572141080293,0.2283816369624381,0.05756085013948878,0.22066477889994326,0.0,0.19286881680532747,1.0000000000000684,0.5455340113528382,0.028564379980529766,0.00024406748052976587
qftentangled_8_Mutant_Remove_cp_P15_Q6.qasm,PureState_32,0.05598233136063359,0.23846500434965615,0.05465908047074654,0.22232389617911127,0.0,0.14702013867500005,1.000000000000068,0.5573354846593187,0.015912451667803612,0.020306982917803612
qftentangled_8_Mutant_Remove_cp_P15_Q6.qasm,Quratest_32,0.06557383339444345,0.2260176228245848,0.06284293754948055,0.21425624002405322,0.0,0.17567744572007946,1.0000000000000653,0.541612813123393,0.00505608513850005,0.01189202263850005
qftentangled_8_Mutant_Remove_cp_P15_Q6.qasm,PureState_33,0.05475665025978106,0.2304912723536847,0.05255816381497526,0.21491300295986865,0.0,0.1452565507598269,1.000000000000068,0.5564008874002306,0.001977480196759372,0.015600644803240627
qftentangled_8_Mutant_Remove_cp_P15_Q6.qasm,Quratest_33,0.06382900455651531,0.25611048368123224,0.05963518350630818,0.24294264173527477,0.0,0.14844216590206682,1.0000000000000706,0.5520705049677302,0.019839111076928526,0.043764892326928526
qftentangled_8_Mutant_Remove_cp_P15_Q6.qasm,PureState_34,0.054911368535671905,0.24482122450326665,0.05383649999755672,0.22827364493392982,0.0,0.14856809296272624,1.000000000000072,0.5564083257172661,0.029926045675153667,0.07310129807484633
qftentangled_8_Mutant_Remove_cp_P15_Q6.qasm,Quratest_34,0.0623356292639385,0.2356993913977846,0.05953380338573785,0.22015562358205087,0.0,0.13484492343259777,1.0000000000000706,0.5561444020139725,0.0070383535654408615,0.0022389901845591385
qftentangled_8_Mutant_Remove_cp_P15_Q6.qasm,PureState_35,0.05704249249395788,0.23515037321809965,0.055039096242177864,0.21925512551724327,0.0,0.14503110398129893,1.000000000000067,0.5566210551125158,0.0009026670614170132,0.022875323311417013
qftentangled_8_Mutant_Remove_cp_P15_Q6.qasm,Quratest_35,0.06814203822474231,0.3038253336448132,0.06334737198690929,0.2876015458592843,0.0,0.2813847322140842,1.0000000000000648,0.570288379591416,0.012213519272864085,0.060553363022864085
qftentangled_8_Mutant_Remove_cp_P15_Q6.qasm,PureState_36,0.05608495929686647,0.23818347184922042,0.05485958616973724,0.22196334428882042,0.0,0.14719135879043416,1.0000000000000724,0.5576210663555958,0.019710813138321244,0.027523313138321244
qftentangled_8_Mutant_Remove_cp_P15_Q6.qasm,Quratest_36,0.06236454822174006,0.29740969482528373,0.058459524974993494,0.27373015951249086,0.0,0.1782737649261053,1.000000000000068,0.5388457305994285,0.01773682223536656,0.03939208401463344
qftentangled_8_Mutant_Remove_cp_P15_Q6.qasm,PureState_37,0.05865040061859657,0.23409018734282208,0.056967694422714085,0.219071419469226,0.0,0.1484920132620192,1.0000000000000693,0.5542177070854215,0.006088078116783573,0.011490046883216427
qftentangled_8_Mutant_Remove_cp_P15_Q6.qasm,Quratest_37,0.06818443884959213,0.25897404445773564,0.06310635389392175,0.23899203590101803,0.0,0.1362073861988989,1.0000000000000684,0.5523671944363993,0.008113120557414852,0.09014437055741485
qftentangled_8_Mutant_Remove_cp_P15_Q6.qasm,PureState_38,0.05692769389178292,0.21788433986731504,0.05574718723573482,0.2035651679480213,0.0,0.14482716990723685,1.0000000000000706,0.5591726782281929,0.010829277118232677,0.005284004131767323
qftentangled_8_Mutant_Remove_cp_P15_Q6.qasm,Quratest_38,0.05913490457420429,0.20054630638544063,0.05603586306311392,0.19396775459542467,0.0,0.08319292444239279,1.0000000000000697,0.5930995180440818,0.013531255361456324,0.013531255361456324
qftentangled_8_Mutant_Remove_cp_P15_Q6.qasm,PureState_39,0.05853584617169253,0.22487147334747062,0.05778751666893434,0.2101438257368551,0.0,0.14429248497633482,1.0000000000000706,0.559728099715992,4.060067011500603e-05,0.025431225670115007
qftentangled_8_Mutant_Remove_cp_P15_Q6.qasm,Quratest_39,0.06650150080049665,0.23426700185186733,0.06386474647011398,0.22544517104746944,0.0,0.16852488927432602,1.000000000000075,0.5280164194729524,0.027814607349497686,0.010236482349497686
qftentangled_8_Mutant_Remove_cp_P15_Q6.qasm,PureState_40,0.05897999863530298,0.2372206623009542,0.057799597515716186,0.22129940568012205,0.0,0.14724978557629012,1.0000000000000657,0.5573423808936276,0.002677921878580569,0.07494354687858057
qftentangled_8_Mutant_Remove_cp_P15_Q6.qasm,Quratest_40,0.061758187581452316,0.22114808260061813,0.059861040490356864,0.21164218855338401,0.0,0.15062158460074332,1.0000000000000635,0.5750898964736907,0.015347498647796332,0.09982015489779633
qftentangled_8_Mutant_Remove_cp_P15_Q6.qasm,PureState_41,0.05329311791597419,0.23580997027739745,0.052561943685499844,0.2200187662503885,0.0,0.14632195584308294,1.0000000000000666,0.5582148502822629,0.012680811724212017,0.04588393672421202
qftentangled_8_Mutant_Remove_cp_P15_Q6.qasm,Quratest_41,0.04972275661573853,0.172506235228048,0.04916375420189855,0.16819293981844755,0.0,0.1250762364701105,1.000000000000064,0.5606728602550776,0.018075871511847974,0.010732722238152026
qftentangled_8_Mutant_Remove_cp_P15_Q6.qasm,PureState_42,0.05959152215782479,0.21546925398585878,0.05833243516123536,0.20068433719970494,0.0,0.14745630122361014,1.0000000000000697,0.5552887229806209,0.01946738239206145,0.02190878864206145
qftentangled_8_Mutant_Remove_cp_P15_Q6.qasm,Quratest_42,0.06027719959189721,0.16650681277082502,0.058225975366896957,0.16109075939499723,0.0,0.10718493674502438,1.0000000000000595,0.5603195783489954,0.00045585799344217276,0.024869920493442173
qftentangled_8_Mutant_Remove_cp_P15_Q6.qasm,PureState_43,0.058783567055994024,0.23788470373269094,0.05787068053963177,0.22149267706653372,0.0,0.14800707213639547,1.000000000000067,0.5571720066690113,0.007021333109928002,0.086611176859928
qftentangled_8_Mutant_Remove_cp_P15_Q6.qasm,Quratest_43,0.06117573765877689,0.2093766352282645,0.05786860023554911,0.20282214344730382,0.0,0.14685934860937494,1.0000000000000662,0.5383797769549381,0.016420420695003844,0.020326670695003844
qftentangled_8_Mutant_Remove_cp_P15_Q6.qasm,PureState_44,0.059021943853361,0.21754149375284615,0.05694216089297456,0.20322956017030291,0.0,0.1470088164714928,1.0000000000000662,0.5556818354173759,0.022524805107938535,0.024966211357938535
qftentangled_8_Mutant_Remove_cp_P15_Q6.qasm,Quratest_44,0.05679842907368876,0.1529599285601436,0.056030748347591065,0.1479808239418336,0.0,0.09712469250224559,1.0000000000000644,0.5779866632761125,0.0016765808118902742,0.039827325438109726
qftentangled_8_Mutant_Remove_cp_P15_Q6.qasm,PureState_45,0.05613714415360815,0.22412635054648122,0.054761043419454015,0.2085520905708027,0.0,0.147285289069338,1.000000000000072,0.5578246441821461,0.013601188070322082,0.012136344320322082
qftentangled_8_Mutant_Remove_cp_P15_Q6.qasm,Quratest_45,0.059809325644404145,0.17381889962928476,0.05897191468651433,0.17075097825493696,0.0,0.10219174148296842,1.000000000000064,0.5653950419053638,0.003061298736023302,0.0763034862360233
qftentangled_8_Mutant_Remove_cp_P15_Q6.qasm,PureState_46,0.05639570684931678,0.24143775554059735,0.05507441263954974,0.22571837577753906,0.0,0.14830232391879217,1.0000000000000648,0.5544204260032262,0.0012697818564704755,0.08906224939352952
qftentangled_8_Mutant_Remove_cp_P15_Q6.qasm,Quratest_46,0.061886886900905554,0.2078782806961953,0.05886178508323441,0.20056158707735516,0.0,0.15061764342974165,1.000000000000067,0.5377658187254406,0.009305851037716535,0.015165226037716535
qftentangled_8_Mutant_Remove_cp_P15_Q6.qasm,PureState_47,0.055977248386696654,0.22937862553968005,0.05496390046304118,0.21435569380992048,0.0,0.14834476866563176,1.000000000000068,0.5544098631418547,0.004962281315699795,0.026775999934300205
qftentangled_8_Mutant_Remove_cp_P15_Q6.qasm,Quratest_47,0.05621146673043531,0.18795029538725544,0.05414073759330457,0.18098381364086424,0.0,0.12527206431169113,1.0000000000000684,0.5236973969545852,0.0014116963860238453,0.021431227636023845
qftentangled_8_Mutant_Remove_cp_P15_Q6.qasm,PureState_48,0.059249987915159126,0.22775968128795054,0.057706685111109345,0.21338280193398962,0.0,0.1463219555830086,1.0000000000000662,0.5559292454118983,0.006850438275787962,0.0029151867242120377
qftentangled_8_Mutant_Remove_cp_P15_Q6.qasm,Quratest_48,0.06348454081862177,0.2839764160030784,0.059710458885325134,0.2643435228463242,0.0,0.1872013318236243,1.0000000000000688,0.572490246887505,0.0027770126143003664,0.03451529386430037
qftentangled_8_Mutant_Remove_cp_P15_Q6.qasm,PureState_49,0.05645019235671037,0.23535949623075583,0.05525528123772476,0.21934300170119872,0.0,0.14522301824965278,1.0000000000000715,0.5590629787009161,0.0009382815629417549,0.001991405937058245
qftentangled_8_Mutant_Remove_cp_P15_Q6.qasm,Quratest_49,0.06703802821755483,0.1723079048856483,0.06492866371108616,0.16700284209040914,0.0,0.08997744747273315,1.0000000000000622,0.5781101167171531,0.0017781357568905087,0.009452332993109491
qftentangled_8_Mutant_Remove_cp_P15_Q6.qasm,PureState_50,0.05705410681704048,0.23792156588816407,0.055741507529188834,0.22209529954282947,0.0,0.1493154000473509,1.000000000000068,0.5535348361256269,0.017904256914082844,0.0069980868359171555
qftentangled_8_Mutant_Remove_cp_P15_Q6.qasm,Quratest_50,0.05556422199608791,0.17243954626735603,0.05518543385718441,0.1674251534638071,0.0,0.11287857990110853,1.0000000000000653,0.545824483974588,0.020768578691278614,0.009538109941278614
qftentangled_8_Mutant_Remove_cp_P15_Q6.qasm,PureState_51,0.0613740364194808,0.22297235375084185,0.06008237252214734,0.20814496926535023,0.0,0.1445799227539593,1.000000000000068,0.5570913418901813,0.014119555579885026,0.003865649329885026
qftentangled_8_Mutant_Remove_cp_P15_Q6.qasm,Quratest_51,0.06290633449300019,0.20048772804069323,0.06026495582623428,0.194276248160179,0.0,0.13137369843004343,1.000000000000063,0.5421098831431888,0.005072658951168367,0.025092190201168367
qftentangled_8_Mutant_Remove_cp_P15_Q6.qasm,PureState_52,0.056509615275868355,0.2197266025905812,0.05543357153455811,0.2040903690451247,0.0,0.14337815175136637,1.000000000000068,0.5579658058182401,0.000239800862807035,0.001704644612807035
qftentangled_8_Mutant_Remove_cp_P15_Q6.qasm,Quratest_52,0.06547118368740855,0.21348284318168492,0.06290094129024788,0.20407475933263844,0.0,0.13615041351765975,1.0000000000000595,0.5668442672942765,0.0014380899739260128,0.0009498087239260128
qftentangled_8_Mutant_Remove_cp_P15_Q6.qasm,PureState_53,0.05420922423172781,0.22982180309390882,0.053202774589271716,0.2147932082825486,0.0,0.1489939417584082,1.0000000000000653,0.5543791252484832,0.01459460202066566,0.01079602297933434
qftentangled_8_Mutant_Remove_cp_P15_Q6.qasm,Quratest_53,0.059051831872028324,0.22473986192360698,0.05694674032562529,0.216415368846999,0.0,0.15012410534917267,1.0000000000000608,0.5371991791167456,0.009728139068358638,0.005333607818358638
qftentangled_8_Mutant_Remove_cp_P15_Q6.qasm,PureState_54,0.0555262688372532,0.22997394553237457,0.05463397346916874,0.21426022593513794,0.0,0.14417216557123821,1.000000000000067,0.557580276805843,0.0026163355114368764,0.006522585511436876
qftentangled_8_Mutant_Remove_cp_P15_Q6.qasm,Quratest_54,0.06776901688658614,0.2506538908336658,0.06342470099239196,0.23416266196631888,0.0,0.1547851617994465,1.00000000000006,0.5327845146556655,0.0010820428051655125,0.012312511555165512
qftentangled_8_Mutant_Remove_cp_P15_Q6.qasm,PureState_55,0.06105884286061176,0.24603292074157238,0.06015465470221981,0.22965825303913773,0.0,0.1499036544407532,1.0000000000000702,0.5533398807410391,0.030925622590978162,0.007160314909021838
qftentangled_8_Mutant_Remove_cp_P15_Q6.qasm,Quratest_55,0.060695179187993276,0.2419769697346379,0.05800521113680186,0.2301502965920554,0.0,0.14326320156827727,1.000000000000067,0.5652906884795104,0.005026301218302394,0.008157292531697606
qftentangled_8_Mutant_Remove_cp_P15_Q6.qasm,PureState_56,0.059782461454239204,0.22114082900446758,0.05823579869622536,0.20608342394656068,0.0,0.14533928595061757,1.0000000000000675,0.5588105275130715,0.04516539065996901,0.00805726559003099
qftentangled_8_Mutant_Remove_cp_P15_Q6.qasm,Quratest_56,0.05710606226012354,0.19710859610854986,0.055842274256468274,0.18993048469135526,0.0,0.13357466879350496,1.000000000000067,0.5585340657743425,0.005407382240511974,0.032262850990511974
qftentangled_8_Mutant_Remove_cp_P15_Q6.qasm,PureState_57,0.061639297260465103,0.23409829666018409,0.059676357222528446,0.21809859104259863,0.0,0.1481156996151417,1.0000000000000693,0.5566731499872911,0.046368661881625924,0.031231943131625924
qftentangled_8_Mutant_Remove_cp_P15_Q6.qasm,Quratest_57,0.06624212898297022,0.24306294965914707,0.062092079194642505,0.22750833477832877,0.0,0.13999568224572922,1.0000000000000644,0.5728369250595491,0.0034662703493162327,0.006395957849316233
qftentangled_8_Mutant_Remove_cp_P15_Q6.qasm,PureState_58,0.05550480808588959,0.2381370505229611,0.054162336235784564,0.22223518356428723,0.0,0.1460337252099041,1.0000000000000653,0.5583603556856077,0.02304743248792364,0.03798772376207636
qftentangled_8_Mutant_Remove_cp_P15_Q6.qasm,Quratest_58,0.0592414189339145,0.1979933843170908,0.05796387411832411,0.19051740163864303,0.0,0.13494453193163097,1.0000000000000662,0.5648477384219799,0.0042052697931929395,0.09247441770680706
qftentangled_8_Mutant_Remove_cp_P15_Q6.qasm,PureState_59,0.06107818741629936,0.23791692850305524,0.05931481356412363,0.2213963137694688,0.0,0.14856809146312694,1.0000000000000693,0.5541357570777448,0.0047419230748463465,0.027691141824846346
qftentangled_8_Mutant_Remove_cp_P15_Q6.qasm,Quratest_59,0.06104036721092719,0.21817681345491552,0.05883203465308355,0.2078639315392054,0.0,0.1272883473144083,1.0000000000000657,0.5325122622238415,0.011740091485156014,0.0009552210148439863
qftentangled_8_Mutant_Remove_cp_P15_Q6.qasm,PureState_60,0.06055642659456345,0.2316536315344272,0.05995220774709302,0.2163499249811889,0.0,0.1498429288835658,1.0000000000000702,0.5556233885000291,0.02706759809919202,0.0007644331508079791
qftentangled_8_Mutant_Remove_cp_P15_Q6.qasm,Quratest_60,0.06150727575137133,0.1693656210826617,0.060236048382686584,0.16307171093857567,0.0,0.10173209280547438,1.0000000000000613,0.5522278100926625,0.005289934037874547,0.004313371537874547
qftentangled_8_Mutant_Remove_cp_P15_Q6.qasm,PureState_61,0.06243785918081947,0.2203950493172954,0.060120189623278336,0.2061574588816383,0.0,0.14636821975878211,1.0000000000000684,0.5557309052693711,0.03078156342198234,0.01999968657801766
qftentangled_8_Mutant_Remove_cp_P15_Q6.qasm,Quratest_61,0.061005997017879884,0.1727416535616581,0.05920997753141031,0.1668587155855462,0.0,0.07016841404095518,1.0000000000000648,0.5851545046769888,0.001619009111128623,0.020661977861128625
qftentangled_8_Mutant_Remove_cp_P15_Q6.qasm,PureState_62,0.05765746453637913,0.2357254972927999,0.05632889437249096,0.2194152967626351,0.0,0.14796300518653507,1.0000000000000693,0.5570374104627023,0.0009691946853432418,0.006828569685343242
qftentangled_8_Mutant_Remove_cp_P15_Q6.qasm,Quratest_62,0.06007228303325768,0.24180447353690931,0.05600954050196631,0.22647515824013742,0.0,0.16081179553260005,1.0000000000000706,0.5707243799508337,0.004652562588138481,0.03294509366186152
qftentangled_8_Mutant_Remove_cp_P15_Q6.qasm,PureState_63,0.05688579052696693,0.2351650821231454,0.05529405800734637,0.21871576614940377,0.0,0.14852388596660113,1.0000000000000715,0.5563600420357798,0.007100807537428963,0.023660911212571037
qftentangled_8_Mutant_Remove_cp_P15_Q6.qasm,Quratest_63,0.05849769826139248,0.22790404113761079,0.05689445212683786,0.22022796427913485,0.0,0.146427747631876,1.0000000000000657,0.556433782980235,0.0037122302767918086,0.03447394902679181
qftentangled_8_Mutant_Remove_cp_P15_Q6.qasm,PureState_64,0.057492299399897896,0.23340636559102176,0.055094258727318324,0.21790931449905912,0.0,0.14766550778687884,1.000000000000071,0.5571742130758714,0.020322451859006357,0.0016502043909936426
qftentangled_8_Mutant_Remove_cp_P15_Q6.qasm,Quratest_64,0.054531413600797204,0.27959508648479214,0.05149110925127033,0.26039685092497306,0.0,0.15916933584972642,1.000000000000067,0.5698600873278623,0.010688303428619761,0.15288591532138024
qftentangled_8_Mutant_Remove_cp_P15_Q6.qasm,PureState_65,0.060822709994801834,0.235924016685208,0.059313859076638865,0.22026663424880957,0.0,0.1476655092811951,1.0000000000000693,0.5549029420069371,0.028623233109006344,0.013857235640993656
qftentangled_8_Mutant_Remove_cp_P15_Q6.qasm,Quratest_65,0.05793505825482272,0.2411926747876129,0.05572367183338508,0.2267158981811591,0.0,0.1309900836610161,1.0000000000000666,0.5475122612144523,0.01652656767107661,0.01423515107892339
qftentangled_8_Mutant_Remove_cp_P15_Q6.qasm,PureState_66,0.05600563845892642,0.22529341593760574,0.05441719762086904,0.21002861677305307,0.0,0.145718497913312,1.0000000000000626,0.5564765814469673,0.011680676923744396,0.0005263543262556038
qftentangled_8_Mutant_Remove_cp_P15_Q6.qasm,Quratest_66,0.06382435638335902,0.2253022467520548,0.06042448953512633,0.21644983485212158,0.0,0.132852205152438,1.0000000000000706,0.5601531169700209,0.0031678459222790056,0.023187377172279006
qftentangled_8_Mutant_Remove_cp_P15_Q6.qasm,PureState_67,0.05826111785678513,0.22635016087532908,0.0564437200190671,0.21002327433935147,0.0,0.1482865383629735,1.000000000000064,0.5570937304918002,0.013506146201961043,0.013017864951961043
qftentangled_8_Mutant_Remove_cp_P15_Q6.qasm,Quratest_67,0.06115742494612263,0.2627180180424272,0.05843784421338481,0.24414789993473054,0.0,0.16163403557658793,1.000000000000068,0.5659878117551623,0.008572757326404376,0.052518069826404376
qftentangled_8_Mutant_Remove_cp_P15_Q6.qasm,PureState_68,0.05849635484891041,0.2253530928290332,0.05733770908530011,0.21025226838436215,0.0,0.14680258469410862,1.0000000000000688,0.5557209750029407,0.0008576182451543986,0.017947461995154398
qftentangled_8_Mutant_Remove_cp_P15_Q6.qasm,Quratest_68,0.05996911592365704,0.20388797236111847,0.058430271251588985,0.19571492710203134,0.0,0.122721901260614,1.0000000000000657,0.5196150683133095,0.0014778729905506535,0.061510408259449346
qftentangled_8_Mutant_Remove_cp_P15_Q6.qasm,PureState_69,0.06089450438189844,0.2295906013544699,0.059661292561792804,0.21440728883805277,0.0,0.1470382157025823,1.0000000000000675,0.5557565947009103,0.011163831576909023,0.03668773092309098
qftentangled_8_Mutant_Remove_cp_P15_Q6.qasm,Quratest_69,0.06295526373438078,0.2319711220691712,0.05952933687557742,0.2216938135591936,0.0,0.1403800906948492,1.0000000000000702,0.5470918193588621,0.005436500962773351,0.02581349903722665
qftentangled_8_Mutant_Remove_cp_P15_Q6.qasm,PureState_70,0.053291839408702114,0.2245113071162482,0.05229383131622239,0.20959576800505936,0.0,0.14726216203101586,1.0000000000000737,0.5552752623852505,0.010812859240837486,0.022531609240837486
qftentangled_8_Mutant_Remove_cp_P15_Q6.qasm,Quratest_70,0.06080579228824334,0.2643476319303616,0.057234634845663275,0.24979926975194944,0.0,0.22731474272187618,1.0000000000000666,0.544481548015915,0.02120976430941534,0.02951054555941534
qftentangled_8_Mutant_Remove_cp_P15_Q6.qasm,PureState_71,0.06376636060197863,0.23301169787665985,0.06180966429490795,0.21772959240784018,0.0,0.1457623045492351,1.000000000000067,0.5589611748358645,0.006539320353525488,0.0006799453535254879
qftentangled_8_Mutant_Remove_cp_P15_Q6.qasm,Quratest_71,0.06774236335818372,0.22468585780427988,0.06326996100617097,0.21506671229409505,0.0,0.14912165816645498,1.00000000000006,0.5481388600291279,0.029644389603125654,0.026996235396874346
qftentangled_8_Mutant_Remove_cp_P15_Q6.qasm,PureState_72,0.05719138753366183,0.23275612342106408,0.05643295239394092,0.21775541187916894,0.0,0.145530209650841,1.000000000000068,0.5589275176270567,0.00867991311606314,0.01258616311606314
qftentangled_8_Mutant_Remove_cp_P15_Q6.qasm,Quratest_72,0.05650668642625553,0.1919543411796995,0.055896496785941135,0.18495740788705822,0.0,0.11134991829268304,1.0000000000000657,0.5553567074668775,0.020703405077120915,0.013476282422879085
qftentangled_8_Mutant_Remove_cp_P15_Q6.qasm,PureState_73,0.05693038362819542,0.22888274346111964,0.05570463569093585,0.21309852713361732,0.0,0.14533929265102502,1.000000000000068,0.5565279355600048,0.01440367190996903,0.01538148434003097
qftentangled_8_Mutant_Remove_cp_P15_Q6.qasm,Quratest_73,0.06008087638946313,0.20590427322450908,0.05843244727819883,0.1968699907122604,0.0,0.14741707116208874,1.0000000000000675,0.5492835512544831,0.007970380481811607,0.021642255481811607
qftentangled_8_Mutant_Remove_cp_P15_Q6.qasm,PureState_74,0.0603127136257898,0.2389442987113204,0.05854199715607491,0.2237253815710485,0.0,0.1460161648888802,1.000000000000072,0.5557445902023952,0.006419996489135715,0.032642503510864285
qftentangled_8_Mutant_Remove_cp_P15_Q6.qasm,Quratest_74,0.06563632246671948,0.24236765176457856,0.06190911243791179,0.2328399277357846,0.0,0.17162947340178417,1.0000000000000662,0.5255766949583278,0.0008846930307526077,0.03524811946924739
qftentangled_8_Mutant_Remove_cp_P15_Q6.qasm,PureState_75,0.06076531336499819,0.2318405780282333,0.059427978677285484,0.215629567974485,0.0,0.14765412031034905,1.0000000000000675,0.5548835976190415,0.008592365513597322,0.029588459263597322
qftentangled_8_Mutant_Remove_cp_P15_Q6.qasm,Quratest_75,0.06463911463641574,0.21177173352430337,0.06135154163992327,0.20111868583329257,0.0,0.11657299792125878,1.0000000000000613,0.5470244176549168,0.002553245683534121,0.01893112931646588
qftentangled_8_Mutant_Remove_cp_P15_Q6.qasm,PureState_76,0.056291091521574306,0.2396921104139558,0.054968667818999006,0.22409868371170893,0.0,0.14711541929597954,1.0000000000000644,0.557241020690617,0.0024290767314765205,0.12010485798147652
qftentangled_8_Mutant_Remove_cp_P15_Q6.qasm,Quratest_76,0.06238123566477924,0.23242675075573904,0.060301669555588855,0.2216629604470998,0.0,0.18166211563019355,1.0000000000000662,0.592188734331284,0.016493297890854353,0.07286217085914565
qftentangled_8_Mutant_Remove_cp_P15_Q6.qasm,PureState_77,0.05713419902394116,0.24389422198960753,0.056060972621108054,0.22727303148871192,0.0,0.1462547250499835,1.0000000000000622,0.5576636565338928,0.0004159410108643402,0.06535734726086434
qftentangled_8_Mutant_Remove_cp_P15_Q6.qasm,Quratest_77,0.062056128714597446,0.18225878922251312,0.06070116210567329,0.17603661635312676,0.0,0.11412137189349686,1.000000000000063,0.5492871655806297,0.007290753403299249,0.0034514340967007513
qftentangled_8_Mutant_Remove_cp_P15_Q6.qasm,PureState_78,0.058403150220746415,0.23496943065019904,0.05747110012209444,0.2188526994879214,0.0,0.1457198541175063,1.0000000000000684,0.5585674835273607,0.010363055633936843,0.0028205381160631565
qftentangled_8_Mutant_Remove_cp_P15_Q6.qasm,Quratest_78,0.05885822116565591,0.18914139946163383,0.05617531035917721,0.17945780246716375,0.0,0.10531997710576038,1.0000000000000648,0.5505340634133596,0.006049355057075632,0.009087363692924368
qftentangled_8_Mutant_Remove_cp_P15_Q6.qasm,PureState_79,0.05589544228468332,0.2185873918593381,0.05511156629226598,0.20407872932928434,0.0,0.14457415830969814,1.0000000000000724,0.5578821186856846,0.010780389311919792,0.0005264830619197911
qftentangled_8_Mutant_Remove_cp_P15_Q6.qasm,Quratest_79,0.06615899808161357,0.2520124920426941,0.06341911110260236,0.2388026458879613,0.0,0.19047474283894678,1.000000000000067,0.5904998293187163,0.02016411220432243,0.01674614345432243
qftentangled_8_Mutant_Remove_cp_P15_Q6.qasm,PureState_80,0.05980453997878133,0.23967493576257382,0.058814776392545655,0.2238974323997338,0.0,0.14888282853338788,1.0000000000000688,0.5563244418051642,0.026678717964620666,0.014959967964620666
qftentangled_8_Mutant_Remove_cp_P15_Q6.qasm,Quratest_80,0.06483109955358592,0.2521401184314786,0.061721509386777305,0.23762132501784855,0.0,0.14686405473960631,1.0000000000000528,0.5700744106995128,0.0010652298147710258,0.027920698564771026
qftentangled_8_Mutant_Remove_cp_P15_Q6.qasm,PureState_81,0.05504086259722504,0.21856845799839258,0.05425964003335781,0.20481856232704007,0.0,0.14703609223616343,1.0000000000000702,0.5553578417152976,0.014529493245154377,0.018435743245154377
qftentangled_8_Mutant_Remove_cp_P15_Q6.qasm,Quratest_81,0.06204524607356398,0.2562186385038502,0.057598066219297,0.2369885673252042,0.0,0.13410053132096555,1.0000000000000586,0.5581508012454427,0.001460092387824366,0.029780404887824366
qftentangled_8_Mutant_Remove_cp_P15_Q6.qasm,PureState_82,0.060640887670798456,0.239525479050041,0.0587069970068051,0.22287234880661044,0.0,0.14610132720538566,1.0000000000000644,0.5555877859056336,0.0015162952868006743,0.037057923463199326
qftentangled_8_Mutant_Remove_cp_P15_Q6.qasm,Quratest_82,0.06694453376482322,0.22773086023094527,0.06381796846762315,0.2167297726141144,0.0,0.1637476519196078,1.000000000000063,0.558951769878311,0.009332777587359196,0.044000746337359196
qftentangled_8_Mutant_Remove_cp_P15_Q6.qasm,PureState_83,0.06039279813645256,0.2318124910363402,0.05901095707834926,0.21541787509687704,0.0,0.1458381122319669,1.0000000000000666,0.5582262152324291,0.021432923463199305,0.045358704713199305
qftentangled_8_Mutant_Remove_cp_P15_Q6.qasm,Quratest_83,0.05911377343719641,0.21332833300577267,0.05618528614987698,0.19805525322084383,0.0,0.10596695292980987,1.000000000000067,0.5632360506333748,0.008862248853753633,0.0052979073962463675
qftentangled_8_Mutant_Remove_cp_P15_Q6.qasm,PureState_84,0.05687448963138146,0.2338952372833808,0.05527579577552564,0.21884732953152633,0.0,0.14625472455997549,1.000000000000071,0.5553837727467376,0.0009042222608643125,0.07219328476086431
qftentangled_8_Mutant_Remove_cp_P15_Q6.qasm,Quratest_84,0.05882002255123298,0.2560346224400695,0.05664953479502038,0.24010851474605516,0.0,0.1671328196682247,1.0000000000000666,0.5469501822683398,0.010059005754138692,0.09785115049586131
qftentangled_8_Mutant_Remove_cp_P15_Q6.qasm,PureState_85,0.05930427475983003,0.23925004174361444,0.05714225866709415,0.22324991158777052,0.0,0.14756858185986002,1.0000000000000662,0.5547954128922142,0.014873556977729435,0.06862253677227056
qftentangled_8_Mutant_Remove_cp_P15_Q6.qasm,Quratest_85,0.06104201381572784,0.17340244547311462,0.059580277376643793,0.16758548020705644,0.0,0.10582688131300785,1.0000000000000666,0.5569444142356618,0.027041870157344966,0.11553625484265503
qftentangled_8_Mutant_Remove_cp_P15_Q6.qasm,PureState_86,0.06047227980016737,0.2177525361726186,0.0584639465617374,0.203513658008499,0.0,0.1468025829027127,1.0000000000000702,0.5579912228654167,0.02599785050484561,0.02673652449515439
qftentangled_8_Mutant_Remove_cp_P15_Q6.qasm,Quratest_86,0.064041252294814,0.15564695439484363,0.06222146516516333,0.1518252939265444,0.0,0.07682435025825222,1.000000000000063,0.5826970677263256,0.018991494064145936,0.020071005935854064
qftentangled_8_Mutant_Remove_cp_P15_Q6.qasm,PureState_87,0.05656713789579579,0.23473546633052084,0.055106632823281806,0.219050691723582,0.0,0.14813990384730175,1.0000000000000662,0.554781106853382,0.0004393907888367264,0.019091859211163274
qftentangled_8_Mutant_Remove_cp_P15_Q6.qasm,Quratest_87,0.05893060034919635,0.2893072302650512,0.05546791164210045,0.2675618601963033,0.0,0.19765661757108446,1.0000000000000697,0.5285558064569822,0.007128094114243033,0.05546793786424303
qftentangled_8_Mutant_Remove_cp_P15_Q6.qasm,PureState_88,0.05803339439213161,0.22625682183516052,0.05618578659906213,0.21043164039957615,0.0,0.146368222097063,1.000000000000072,0.558011379698493,0.03806609282801767,0.004862967828017673
qftentangled_8_Mutant_Remove_cp_P15_Q6.qasm,Quratest_88,0.058038786091430115,0.1849621586168978,0.05705510263035002,0.17925187087274524,0.0,0.14783578385975077,1.0000000000000608,0.5534176398883457,0.011683524599696377,0.015171944150303623
qftentangled_8_Mutant_Remove_cp_P15_Q6.qasm,PureState_89,0.06472466411687527,0.23101223698958165,0.06253555918838524,0.21499074934732212,0.0,0.1450418962019755,1.0000000000000693,0.5590438409608471,2.435519675934167e-05,0.011694394803240658
qftentangled_8_Mutant_Remove_cp_P15_Q6.qasm,Quratest_89,0.05921837761387506,0.22010270148828634,0.05682935254433746,0.2102637000956953,0.0,0.14548395101991587,1.0000000000000586,0.5494491724123813,0.009823250350588062,0.008243155899411938
qftentangled_8_Mutant_Remove_cp_P15_Q6.qasm,PureState_90,0.05974497465072571,0.2207996329057826,0.05844623682350816,0.20612831074832927,0.0,0.14776118125955529,1.0000000000000706,0.5549150252591043,0.011077774467786723,0.007659805717786722
qftentangled_8_Mutant_Remove_cp_P15_Q6.qasm,Quratest_90,0.06683232975119426,0.2453973917346941,0.06358908608610638,0.2331691599565604,0.0,0.17521752103175836,1.0000000000000688,0.5781039400798376,0.004436082361902537,0.015178269861902537
qftentangled_8_Mutant_Remove_cp_P15_Q6.qasm,PureState_91,0.05272414202453213,0.23301889646871124,0.05176166830846251,0.2173971190199194,0.0,0.14808455795941117,1.0000000000000653,0.5570506278978197,0.014727906315699799,0.013104124934300201
qftentangled_8_Mutant_Remove_cp_P15_Q6.qasm,Quratest_91,0.06378873703129945,0.2277812134958893,0.06030138767729577,0.2189490149948423,0.0,0.12078738240341066,1.0000000000000684,0.5469141426539976,0.04727886555941965,0.0018687093094196527
qftentangled_8_Mutant_Remove_cp_P15_Q6.qasm,PureState_92,0.059338918650838915,0.23390263297245528,0.05713653773274389,0.21816554033032295,0.0,0.1473731124277598,1.000000000000067,0.5575252720836238,0.012986896763597329,0.04130720926359733
qftentangled_8_Mutant_Remove_cp_P15_Q6.qasm,Quratest_92,0.061007630665121,0.21576674290632944,0.05910780027414076,0.2064168016159287,0.0,0.1331494209307303,1.000000000000064,0.5520928692900507,0.0019291111922686982,0.014624423692268698
qftentangled_8_Mutant_Remove_cp_P15_Q6.qasm,PureState_93,0.05677858299186112,0.23517945196562157,0.05576728732597055,0.22041993529393597,0.0,0.14696047490798397,1.000000000000068,0.5579700142266649,0.03204699936167876,0.016292844388321237
qftentangled_8_Mutant_Remove_cp_P15_Q6.qasm,Quratest_93,0.06450632488645533,0.24039326917421705,0.06076638397828647,0.22561766456683185,0.0,0.11012261588233671,1.0000000000000648,0.5732001077758241,0.015129807736517217,0.008293870236517217
qftentangled_8_Mutant_Remove_cp_P15_Q6.qasm,PureState_94,0.058766663776446085,0.23891151647880346,0.05683188810873223,0.22269638310829099,0.0,0.14702013932701496,1.0000000000000742,0.5550541879283529,0.00663510791780364,0.08329526416780364
qftentangled_8_Mutant_Remove_cp_P15_Q6.qasm,Quratest_94,0.05844465040201005,0.2614811149842096,0.05440368170817394,0.24624142069516317,0.0,0.13209703503782344,1.0000000000000653,0.5705022511405021,0.015092861166071649,0.02055167008392835
qftentangled_8_Mutant_Remove_cp_P15_Q6.qasm,PureState_95,0.0570026246228192,0.23455660623335908,0.05477405822179428,0.2191628944501311,0.0,0.14536167572023953,1.000000000000068,0.5587993949772755,0.0011633555464641426,0.03973757429646414
qftentangled_8_Mutant_Remove_cp_P15_Q6.qasm,Quratest_95,0.06396379254565292,0.21947148076094727,0.06091752102396185,0.20991946327271593,0.0,0.1425954944422177,1.0000000000000617,0.550091095274257,0.01171761345491025,0.01562613654508975
qftentangled_8_Mutant_Remove_cp_P15_Q6.qasm,PureState_96,0.05994598549666331,0.23329350071895338,0.058530994652629245,0.218352857195265,0.0,0.14826464209222695,1.000000000000067,0.5567125177968427,0.017313254962571037,0.04807497371257104
qftentangled_8_Mutant_Remove_cp_P15_Q6.qasm,Quratest_96,0.06822353977760101,0.2747906316354991,0.06375581037971231,0.2570887922427944,0.0,0.17010905037693164,1.0000000000000644,0.5462374960267257,0.0032529217763819507,0.01057714052638195
qftentangled_8_Mutant_Remove_cp_P15_Q6.qasm,PureState_97,0.062055303786102134,0.2272908787056941,0.06014649490760014,0.2122529455950706,0.0,0.14776801409635287,1.0000000000000697,0.5567032951580434,0.0016899632277294213,0.02565378677227058
qftentangled_8_Mutant_Remove_cp_P15_Q6.qasm,Quratest_97,0.0570123259318122,0.2347435247383867,0.055346678065684565,0.22445787608877296,0.0,0.13462034952454227,1.0000000000000662,0.5605774677448814,0.01764013209143927,0.01800439915856073
qftentangled_8_Mutant_Remove_cp_P15_Q6.qasm,PureState_98,0.05874523617860367,0.22953518398070968,0.05759771591353043,0.21489009414952265,0.0,0.14415641354911224,1.0000000000000684,0.5595708768182298,0.024022509381228598,9.672813122859822e-05
qftentangled_8_Mutant_Remove_cp_P15_Q6.qasm,Quratest_98,0.05878664053462514,0.11640174709721747,0.05680889331201898,0.11358786643312513,0.0,0.06257301921618055,1.0000000000000675,0.5836423115245725,0.01962383407323508,0.0023488221767649195
qftentangled_8_Mutant_Remove_cp_P15_Q6.qasm,PureState_99,0.05580847631996928,0.23767510080926924,0.054059707389751736,0.2210052709910676,0.0,0.1479118126118365,1.0000000000000697,0.5545432107879733,0.0031150481409936426,0.021181454390993643
qftentangled_8_Mutant_Remove_cp_P15_Q6.qasm,Quratest_99,0.06291229112493067,0.21496161243607967,0.060700294518820266,0.2056576907621366,0.0,0.12971102201416707,1.0000000000000648,0.5242439009207331,0.014461498312477214,0.014347095437522786
qftentangled_8_Mutant_Remove_cp_P15_Q6.qasm,PureState_100,0.06146734362514224,0.23595938066316768,0.05995192303921805,0.22052557287355065,0.0,0.1484753681999061,1.0000000000000662,0.5543230499097282,0.0028263724219141015,0.0028263724219141015
qftentangled_8_Mutant_Remove_cp_P15_Q6.qasm,Quratest_100,0.05519498961958975,0.1603563132753114,0.054423592842519616,0.15515071720709014,0.0,0.10982263788648258,1.0000000000000595,0.5492961817841979,6.921809956321034e-05,0.00739343684956321
qftentangled_8_Mutant_Remove_cp_P15_Q6.qasm,PureState_101,0.056578053989936344,0.22751175127650217,0.055671597145808355,0.21213946584279297,0.0,0.1481156987402488,1.0000000000000688,0.5544044549176997,0.016095224381625917,0.026349130631625917
qftentangled_8_Mutant_Remove_cp_P15_Q6.qasm,Quratest_101,0.06351639307819978,0.19568515802917932,0.061941605216696304,0.1906173779708337,0.0,0.12493386309116944,1.0000000000000675,0.5429284264359404,0.026077814250317646,0.042191095500317646
qftentangled_8_Mutant_Remove_cp_P15_Q6.qasm,PureState_102,0.060793398786813696,0.22894178152215677,0.059638690672424825,0.21320853269044748,0.0,0.14615393982728397,1.0000000000000715,0.5584248968228741,0.004736253106511263,0.01987297185651126
qftentangled_8_Mutant_Remove_cp_P15_Q6.qasm,Quratest_102,0.05903007335074814,0.20950197982425228,0.05818688594685958,0.20139739630255568,0.0,0.17614455331501608,1.0000000000000613,0.5428823793161518,0.028425305642460305,0.038957506857539695
qftentangled_8_Mutant_Remove_cp_P15_Q6.qasm,PureState_103,0.06038018049904566,0.23145066455991803,0.05923708057900215,0.21655301392130735,0.0,0.1473731184375365,1.000000000000067,0.5552447548810354,0.004197834263597294,0.014940021763597294
qftentangled_8_Mutant_Remove_cp_P15_Q6.qasm,Quratest_103,0.055194464709047285,0.16434551450969823,0.05479980308667445,0.1598412676200819,0.0,0.10910228179961069,1.0000000000000684,0.5633288805760761,0.0246161789883581,0.0095635085116419
qftentangled_8_Mutant_Remove_cp_P15_Q6.qasm,PureState_104,0.05544575784229045,0.2344834268165837,0.054377249928412585,0.21797345078925343,0.0,0.14767627140722164,1.0000000000000715,0.5573811053403789,0.010749555314656739,0.00194575718534326
qftentangled_8_Mutant_Remove_cp_P15_Q6.qasm,Quratest_104,0.06095582994098099,0.2652729684307713,0.057990724195712065,0.255576399131092,0.0,0.22608945691625953,1.0000000000000666,0.5537195304113094,0.0017465766026857066,0.016808110897314293
qftentangled_8_Mutant_Remove_cp_P15_Q6.qasm,PureState_105,0.054869752405372584,0.2372092814214033,0.05436589703903024,0.22081245237060054,0.0,0.14822477110271307,1.0000000000000657,0.5546880835457033,0.01816972132808587,0.00986894007808587
qftentangled_8_Mutant_Remove_cp_P15_Q6.qasm,Quratest_105,0.05944167240650464,0.21379468551710132,0.05657296697387436,0.2057887950180172,0.0,0.12347099862438957,1.0000000000000675,0.5619747619163751,0.01105044165324972,0.03094174584675028
qftentangled_8_Mutant_Remove_cp_P15_Q6.qasm,PureState_106,0.05422834047967545,0.22778472242411246,0.05257999774268038,0.2125344852387138,0.0,0.144727455416575,1.0000000000000715,0.5574249696523353,0.025369289396084762,0.016091945646084762
qftentangled_8_Mutant_Remove_cp_P15_Q6.qasm,Quratest_106,0.06085956980708633,0.23327778885354047,0.05861129327552801,0.2249861670584324,0.0,0.15445375444323095,1.0000000000000675,0.5356674063838115,0.021227642537192386,0.029065326212807614
qftentangled_8_Mutant_Remove_cp_P15_Q6.qasm,PureState_107,0.05469601131220622,0.2323539142057116,0.05392359209850982,0.21692209847732477,0.0,0.14958549301898072,1.0000000000000648,0.5537064965300609,0.007112089400807944,0.020719941849192056
qftentangled_8_Mutant_Remove_cp_P15_Q6.qasm,Quratest_107,0.06292158959608717,0.2050528016684914,0.0604645803349778,0.19684901389421225,0.0,0.11599597462730507,1.000000000000071,0.5342939101022853,0.01761970610071729,0.03072013764928271
qftentangled_8_Mutant_Remove_cp_P15_Q6.qasm,PureState_108,0.05970688957072036,0.23768995841965898,0.057666503018848805,0.22090262116563958,0.0,0.14822477073062607,1.0000000000000666,0.5569711729703054,0.020122846328085888,0.029888471328085888
qftentangled_8_Mutant_Remove_cp_P15_Q6.qasm,Quratest_108,0.05905498655944621,0.180157122524913,0.057378333597118976,0.17143796766512195,0.0,0.1110230435196231,1.0000000000000662,0.5584880019363843,0.007773097221693198,0.013144190971693198
qftentangled_8_Mutant_Remove_cp_P15_Q6.qasm,PureState_109,0.058063531463799375,0.22678528059014177,0.05671502854361062,0.21121247656760228,0.0,0.14656855678345732,1.000000000000068,0.5555710828272273,0.03663559452578795,0.02928237422421205
qftentangled_8_Mutant_Remove_cp_P15_Q6.qasm,Quratest_109,0.04978517649141265,0.27696968981745224,0.047340185799996146,0.25771259473228497,0.0,0.16930338524219435,1.0000000000000662,0.5391868839063377,0.0026308695064031565,0.011529286743596844
qftentangled_8_Mutant_Remove_cp_P15_Q6.qasm,PureState_110,0.057421648907669605,0.23059360903554194,0.05568463023025232,0.2144892216676355,0.0,0.14472745416112082,1.0000000000000728,0.5597277811294787,0.00046694564608473895,0.001974460603915261
qftentangled_8_Mutant_Remove_cp_P15_Q6.qasm,Quratest_110,0.06217323420499505,0.20774489882360078,0.05931245769340423,0.19957642714677723,0.0,0.14087386816614628,1.0000000000000693,0.5604055391247639,0.007653597401958711,0.009118441151958711
qftentangled_8_Mutant_Remove_cp_P15_Q6.qasm,PureState_111,0.06165032659252185,0.22891330911272717,0.0603727999370346,0.21321302955432414,0.0,0.14529113312126826,1.0000000000000702,0.5585381293380405,0.02726985456141704,0.02092219831141704
qftentangled_8_Mutant_Remove_cp_P15_Q6.qasm,Quratest_111,0.06221924269204734,0.18127183450161016,0.06061903128405998,0.174888411578169,0.0,0.12081600788121936,1.0000000000000697,0.5649744963015991,0.010363982398199141,0.014050080101800859
qftentangled_8_Mutant_Remove_cp_P15_Q6.qasm,PureState_112,0.05983296818591571,0.23128749161322856,0.05838344227936227,0.2165909383193412,0.0,0.1492439911580285,1.0000000000000662,0.5540255814469038,0.009819460479334347,0.034233522979334345
qftentangled_8_Mutant_Remove_cp_P15_Q6.qasm,Quratest_112,0.05470408391406691,0.16513822028207437,0.05406311539159739,0.16112005818186242,0.0,0.13296250216693592,1.0000000000000626,0.5406948790623524,0.013607344635267053,0.002505936614732947
qftentangled_8_Mutant_Remove_cp_P15_Q6.qasm,PureState_113,0.05473677025018209,0.22902713490420612,0.054206216287876446,0.21368963423076104,0.0,0.14440733389285054,1.0000000000000608,0.5592047951404712,0.043065478131228616,9.67281312286121e-05
qftentangled_8_Mutant_Remove_cp_P15_Q6.qasm,Quratest_113,0.06059320455006502,0.1618202940835135,0.05955912013589017,0.15906727643267368,0.0,0.10470318470808591,1.0000000000000675,0.5701811899344376,0.011999591707068083,0.013391033292931917
qftentangled_8_Mutant_Remove_cp_P15_Q6.qasm,PureState_114,0.05226359283568091,0.23561337236095634,0.05117795690300179,0.21953805414917668,0.0,0.14542713801772655,1.000000000000067,0.556415486050464,0.011680469062941741,0.02095781281294174
qftentangled_8_Mutant_Remove_cp_P15_Q6.qasm,Quratest_114,0.06234978468939867,0.20078469299277313,0.05920674775961423,0.19170914751800286,0.0,0.12528153051698737,1.0000000000000586,0.5299845016707128,0.003609377277466505,0.022269528972533495
qftentangled_8_Mutant_Remove_cp_P15_Q6.qasm,PureState_115,0.05563578408333571,0.2398723915999931,0.05417562001653229,0.22306334895625754,0.0,0.14561108552990892,1.0000000000000742,0.5561609492270695,0.012393824296464157,0.037784449296464157
qftentangled_8_Mutant_Remove_cp_P15_Q6.qasm,Quratest_115,0.057322519133438846,0.20040273370132466,0.05541660511883853,0.19326144582468058,0.0,0.12915549122077347,1.0000000000000662,0.5599070877370892,0.016465590357622746,0.009629652857622746
qftentangled_8_Mutant_Remove_cp_P15_Q6.qasm,PureState_116,0.05956962485157613,0.21751888199714403,0.0581062889309714,0.20276248548836623,0.0,0.14277638333551368,1.0000000000000666,0.559646578614717,0.012694140155193436,0.021971483905193438
qftentangled_8_Mutant_Remove_cp_P15_Q6.qasm,Quratest_116,0.06533451925701741,0.22748534410144208,0.060793167528895124,0.21284895433793874,0.0,0.15584582914152717,1.0000000000000617,0.5798117189435521,0.022533853699778176,0.001880208800221824
qftentangled_8_Mutant_Remove_cp_P15_Q6.qasm,PureState_117,0.05719094668474391,0.22366668011370294,0.05508301958295323,0.20830584123957588,0.0,0.14700192883074248,1.0000000000000613,0.5579088024885163,0.00627698450916247,0.00983629674083753
qftentangled_8_Mutant_Remove_cp_P15_Q6.qasm,Quratest_117,0.06485002807434742,0.2284072996779752,0.060606422618115344,0.21487789170078758,0.0,0.17446360426063293,1.000000000000068,0.584054384840941,0.004776590001356173,0.017471902501356173
qftentangled_8_Mutant_Remove_cp_P15_Q6.qasm,PureState_118,0.05422737304755285,0.2362091094673899,0.05310285165666833,0.22031938440517349,0.0,0.14724978899676008,1.000000000000071,0.5550609774379934,0.002204890621419431,0.08080292187858057
qftentangled_8_Mutant_Remove_cp_P15_Q6.qasm,Quratest_118,0.06815261325188718,0.25141484883171333,0.06410817680075591,0.2404115797637943,0.0,0.15801464292123352,1.0000000000000644,0.5580731327427333,0.0008197724129270639,0.007481008837072936
qftentangled_8_Mutant_Remove_cp_P15_Q6.qasm,PureState_119,0.058393434766608646,0.23884472805737694,0.05698712896584802,0.22291972909885244,0.0,0.14800707158326645,1.0000000000000675,0.554895277423682,0.007021333109928002,0.069033051859928
qftentangled_8_Mutant_Remove_cp_P15_Q6.qasm,Quratest_119,0.06458283381246473,0.22412684543206365,0.061559402984037385,0.21607690388280967,0.0,0.15655340112933266,1.0000000000000657,0.5434461415518186,9.483128666024077e-05,0.05703407496333976
qftentangled_8_Mutant_Remove_cp_P15_Q6.qasm,PureState_120,0.059719886938600475,0.2358653078600538,0.05829569293237015,0.21912689442044256,0.0,0.14841701583468525,1.0000000000000666,0.5567054509093445,0.004443421711163298,0.013720765461163298
qftentangled_8_Mutant_Remove_cp_P15_Q6.qasm,Quratest_120,0.06295103933041017,0.21774305650764267,0.06018949170525124,0.20767095531468777,0.0,0.15683331000648026,1.0000000000000626,0.5826736067070999,0.0011333605889583547,0.005702576911041646
qftentangled_8_Mutant_Remove_cp_P15_Q6.qasm,PureState_121,0.05903567965226453,0.23559983303290233,0.05817596405977267,0.21974339763104125,0.0,0.1489639849396704,1.000000000000072,0.5563064480406442,0.01729616777094212,0.02315554277094212
qftentangled_8_Mutant_Remove_cp_P15_Q6.qasm,Quratest_121,0.0557015249938814,0.2119810702059525,0.05499040165065695,0.2065617308906556,0.0,0.1567298740667631,1.0000000000000728,0.5550416434746392,0.01830948218563472,0.013428799064365279
qftentangled_8_Mutant_Remove_cp_P15_Q6.qasm,PureState_122,0.05944003472516705,0.23364079008420752,0.058189557556377496,0.21801327778388044,0.0,0.14733876242924332,1.0000000000000706,0.5553867599278617,6.663717309099426e-05,0.007879137173090994
qftentangled_8_Mutant_Remove_cp_P15_Q6.qasm,Quratest_122,0.06266016986942267,0.21248204613708957,0.06000576593540696,0.2045426049965527,0.0,0.11271881699985657,1.000000000000067,0.5495727620476787,0.013945992070113752,0.009003226679886248
qftentangled_8_Mutant_Remove_cp_P15_Q6.qasm,PureState_123,0.054495149753331515,0.23947244135201493,0.05357474195677194,0.22341535402167761,0.0,0.14965375385572877,1.0000000000000644,0.5536919531440482,0.014972814909021859,0.0032540649090218587
qftentangled_8_Mutant_Remove_cp_P15_Q6.qasm,Quratest_123,0.058872227461286696,0.2208013017857542,0.05639752570225511,0.21311205151430915,0.0,0.1467430606514918,1.0000000000000657,0.5679265454303095,0.006865041536693255,0.006806833463306745
qftentangled_8_Mutant_Remove_cp_P15_Q6.qasm,PureState_124,0.0571088833729402,0.2344130478698159,0.05514286609159834,0.2191138448078752,0.0,0.14701070524878673,1.0000000000000644,0.5554210608609186,0.005607609378580514,0.08373260937858051
qftentangled_8_Mutant_Remove_cp_P15_Q6.qasm,Quratest_124,0.05866208156596093,0.2347606368975157,0.05569409443421494,0.2264623400495514,0.0,0.15662289394898468,1.0000000000000724,0.5452036386637562,0.0022432612391786837,0.006149511239178684
qftentangled_8_Mutant_Remove_cp_P15_Q6.qasm,PureState_125,0.05567280771427588,0.23411134444561826,0.05481676532739668,0.2174882276461401,0.0,0.1461591362760825,1.0000000000000653,0.5559009998626685,0.017735682250438346,0.055994786499561654
qftentangled_8_Mutant_Remove_cp_P15_Q6.qasm,Quratest_125,0.05944100260755588,0.1893327377109862,0.057237502392884124,0.18302307276648608,0.0,0.13523177406251607,1.0000000000000693,0.5643552861654311,0.027110400449866665,0.011952099550133335
qftentangled_8_Mutant_Remove_cp_P15_Q6.qasm,PureState_126,0.05786594470246985,0.23205776232588055,0.05712089326825933,0.21653933028722974,0.0,0.14825368095257366,1.0000000000000675,0.5545374093900127,0.007627104390071998,0.063661958109928
qftentangled_8_Mutant_Remove_cp_P15_Q6.qasm,Quratest_126,0.05867717475123284,0.20886601701167973,0.05695604989450282,0.19933823529400074,0.0,0.13093608171415683,1.000000000000067,0.5296428839701494,0.012096673250894217,0.03526660799910578
qftentangled_8_Mutant_Remove_cp_P15_Q6.qasm,PureState_127,0.059336991939579135,0.21548977366194963,0.05809039435847067,0.20042541727779212,0.0,0.14728528936038682,1.000000000000068,0.5555383505443753,0.008859749429677932,0.012765999429677932
qftentangled_8_Mutant_Remove_cp_P15_Q6.qasm,Quratest_127,0.06238612447555687,0.22084249798202493,0.05976888395669027,0.2133301764552592,0.0,0.1345980282981724,1.0000000000000684,0.5589378032954417,0.024139112307461352,0.028106981442538648
