Name,Input,Ideal_hellinger,Noisy_hellinger,Ideal_jensenshannon,Noisy_jensenshannon,Ideal_trace,Noisy_trace,Ideal_fidelity,Noisy_fidelity,Ideal_expectation,Noisy_expectation
ae_8_Mutant_Add_h_P9_Q7_[].qasm,PureState_0,0.06882700538314598,0.14213590807774318,0.06376120068759963,0.13550039653592238,0.0,0.0536657052888905,1.0000000000000662,0.8786710393320777,0.02027922520352622,0.04371672520352622
ae_8_Mutant_Add_h_P9_Q7_[].qasm,Quratest_0,0.06390364999851186,0.11610210351362533,0.05988349953514683,0.10902170713544589,0.0,0.049106895137854795,1.0000000000000662,0.873856444443685,0.013231744417789224,0.0048346618322107765
ae_8_Mutant_Add_h_P9_Q7_[].qasm,PureState_1,0.06030530486372146,0.14368477401991456,0.05562718862572322,0.12853434810375955,0.0,0.04696117521123358,1.000000000000063,0.8800943412069595,0.002115915236046092,0.0013020535139539081
ae_8_Mutant_Add_h_P9_Q7_[].qasm,Quratest_1,0.07100802171726585,0.12574488878809512,0.06571217570760202,0.12078066098948773,0.0,0.05701340321709814,1.000000000000064,0.8804077279566273,0.001687583734130832,0.009011802484130832
ae_8_Mutant_Add_h_P9_Q7_[].qasm,PureState_2,0.07154949126642277,0.21904789559839594,0.06405769266273524,0.19824413217879489,0.0,0.06577627832202926,1.0000000000000617,0.8789610805008151,0.002518255251064889,0.03166143224893511
ae_8_Mutant_Add_h_P9_Q7_[].qasm,Quratest_2,0.05601918662768884,0.08786562120347341,0.055069067965696376,0.08575023076465989,0.0,0.022747737498246164,1.0000000000000595,0.894031264610396,0.004938624518507439,0.007380030768507439
ae_8_Mutant_Add_h_P9_Q7_[].qasm,PureState_3,0.05284393642092951,0.15491703476419003,0.049777673300930074,0.14278451109166576,0.0,0.04626080424149076,1.0000000000000702,0.8776819787867686,0.019220141412583047,0.011895922662583047
ae_8_Mutant_Add_h_P9_Q7_[].qasm,Quratest_3,0.059109560032565525,0.1322500015136012,0.05579702423453171,0.12686815815422545,0.0,0.03927843095158526,1.0000000000000613,0.8874642900924679,0.02518978471508635,0.02559146528491365
ae_8_Mutant_Add_h_P9_Q7_[].qasm,PureState_4,0.05702891542623968,0.27142156554786073,0.04960886290788083,0.2430508500724674,0.0,0.08806995008562912,1.0000000000000706,0.8789384743610053,0.0023096228824483313,0.004751029132448331
ae_8_Mutant_Add_h_P9_Q7_[].qasm,Quratest_4,0.062291173268521176,0.11379683023019876,0.05945203003561858,0.11139513044698097,0.0,0.04356951671466175,1.000000000000063,0.864005879001584,0.0035095446703100434,0.013763450920310043
ae_8_Mutant_Add_h_P9_Q7_[].qasm,PureState_5,0.06256189406741687,0.1305250286240115,0.05842677225497728,0.1224714974178704,0.0,0.049876516999527075,1.0000000000000662,0.8776983964652855,0.01705311686611591,0.06392811686611591
ae_8_Mutant_Add_h_P9_Q7_[].qasm,Quratest_5,0.06661008250581331,0.14788418116258634,0.06277650470832637,0.13806035829391466,0.0,0.04665351206565159,1.0000000000000648,0.8733684990261076,0.010698468557271718,0.012250750192728282
ae_8_Mutant_Add_h_P9_Q7_[].qasm,PureState_6,0.05738868114819583,0.15160334669130368,0.053284924436345124,0.14479638971965075,0.0,0.07685721831070613,1.0000000000000644,0.8797608380139182,0.01749451244979437,0.013267206300205631
ae_8_Mutant_Add_h_P9_Q7_[].qasm,Quratest_6,0.06378356951421466,0.09510212093726098,0.061941835370588526,0.09266973140210581,0.0,0.038925955675170584,1.0000000000000586,0.8555531423229624,0.013252417002185872,0.001533667002185872
ae_8_Mutant_Add_h_P9_Q7_[].qasm,PureState_7,0.05588858787699025,0.1519178902508454,0.052313569055412054,0.14159096286500253,0.0,0.05030577216495312,1.000000000000076,0.8794177764877226,0.009516977321850549,0.01782677267814945
ae_8_Mutant_Add_h_P9_Q7_[].qasm,Quratest_7,0.05925827305679283,0.10414162807769903,0.05780004771274984,0.10167481151207415,0.0,0.0314154915863688,1.0000000000000648,0.8887333375200678,0.0071723132907556605,0.018706592959244338
ae_8_Mutant_Add_h_P9_Q7_[].qasm,PureState_8,0.059832769147414706,0.13509112609572477,0.054943456280234275,0.12703294262675427,0.0,0.04992156123218008,1.0000000000000635,0.8773128588290611,0.02884532063388401,0.06051014811611599
ae_8_Mutant_Add_h_P9_Q7_[].qasm,Quratest_8,0.06349782576882707,0.14194343148041202,0.05957610267497474,0.13779344920605127,0.0,0.06353407013134134,1.000000000000063,0.8465787455780216,0.007553855684928251,0.002211769315071749
ae_8_Mutant_Add_h_P9_Q7_[].qasm,PureState_9,0.04376490322541141,0.1602201903672091,0.04225973782095493,0.14603552473824932,0.0,0.049552063916415715,1.0000000000000684,0.8786600890385717,0.02906787985005582,0.03050243264994418
ae_8_Mutant_Add_h_P9_Q7_[].qasm,Quratest_9,0.05803873517548319,0.11637930396443576,0.056319998292947065,0.11121384426536829,0.0,0.034078149924925284,1.0000000000000684,0.8679592760093705,0.022157847041611042,0.010556996708388958
ae_8_Mutant_Add_h_P9_Q7_[].qasm,PureState_10,0.0723423732873616,0.21967359154298965,0.06330994134117857,0.19649408926411202,0.0,0.061001552695618785,1.0000000000000684,0.8804575780593964,0.011819083009460588,0.003030020509460588
ae_8_Mutant_Add_h_P9_Q7_[].qasm,Quratest_10,0.0597489423173216,0.1265918077108964,0.05735611616508539,0.11987352378950766,0.0,0.04011154579739007,1.0000000000000555,0.8778910846557351,0.005581046522225939,0.01827635902222594
ae_8_Mutant_Add_h_P9_Q7_[].qasm,PureState_11,0.06292659369414033,0.13462139948159219,0.05722265131578371,0.12431080883054269,0.0,0.046639897198420925,1.000000000000063,0.8782089153752882,0.0021511817540323663,0.029006650504032366
ae_8_Mutant_Add_h_P9_Q7_[].qasm,Quratest_11,0.0586904148716831,0.12374988998908995,0.057234898123123074,0.12004202312565213,0.0,0.03795912215113836,1.0000000000000617,0.8733575941085414,0.002530825326864026,0.013761294076864026
ae_8_Mutant_Add_h_P9_Q7_[].qasm,PureState_12,0.05682092436684411,0.15704635275225717,0.052614560933164856,0.14975959403517425,0.0,0.07659780204507602,1.000000000000064,0.878408985071362,0.013698863888123199,0.0361598013881232
ae_8_Mutant_Add_h_P9_Q7_[].qasm,Quratest_12,0.06020667046110257,0.12388249443691572,0.05655082492671878,0.11502064865078473,0.0,0.04916501073340071,1.0000000000000728,0.8570265696984473,0.010515919572342537,0.028058299177657463
ae_8_Mutant_Add_h_P9_Q7_[].qasm,PureState_13,0.060945379614697315,0.13355440942725263,0.056348755952834804,0.12357184344342108,0.0,0.03921073466183531,1.00000000000006,0.8783285795779159,0.013304097619101639,0.005250589880898361
ae_8_Mutant_Add_h_P9_Q7_[].qasm,Quratest_13,0.061398503802391695,0.12033870313397116,0.05774442662748061,0.11608913381972862,0.0,0.06072559537216622,1.0000000000000617,0.8689235601122802,0.0007088773576231916,0.0021737211076231916
ae_8_Mutant_Add_h_P9_Q7_[].qasm,PureState_14,0.04703055967492822,0.15619501182793968,0.04525522911635659,0.14468855049357707,0.0,0.053640894513969695,1.0000000000000648,0.8786856334264839,0.01102727480657005,0.01826960019342995
ae_8_Mutant_Add_h_P9_Q7_[].qasm,Quratest_14,0.05536708238683278,0.11210900581660913,0.05426043600959732,0.10827717161797552,0.0,0.04285552710308649,1.0000000000000715,0.8481180065524015,0.0312362106704427,0.0214981643295573
ae_8_Mutant_Add_h_P9_Q7_[].qasm,PureState_15,0.05285620420414395,0.14183455170934411,0.05034597753816012,0.13103540750239598,0.0,0.049273346083526084,1.0000000000000608,0.8768922345070708,0.003275489526531769,0.04604091672346823
ae_8_Mutant_Add_h_P9_Q7_[].qasm,Quratest_15,0.06263489700857709,0.11422953548913753,0.05947214936489081,0.11140975341785261,0.0,0.051094914626671185,1.0000000000000653,0.8763661667309796,0.0063897170988825545,0.020549873348882555
ae_8_Mutant_Add_h_P9_Q7_[].qasm,PureState_16,0.0615776544538127,0.13535217316268194,0.0575026121160918,0.12444083271542448,0.0,0.039411629486162086,1.000000000000059,0.879689607715363,0.00803921863955628,0.0017264063604437198
ae_8_Mutant_Add_h_P9_Q7_[].qasm,Quratest_16,0.06272186931839269,0.13030575849235973,0.060004843072756,0.125918840506109,0.0,0.04150030006969571,1.0000000000000657,0.8820924372104743,0.018191592549165858,0.017703311299165858
ae_8_Mutant_Add_h_P9_Q7_[].qasm,PureState_17,0.061254529400169615,0.21323686192841446,0.05571705731648253,0.193865275816309,0.0,0.050543045068912995,1.000000000000064,0.8783809890799829,0.006951662645183571,0.02355322514518357
ae_8_Mutant_Add_h_P9_Q7_[].qasm,Quratest_17,0.061694462075186064,0.0971807856979842,0.05815255561172028,0.09275873566475817,0.0,0.03620968641968679,1.0000000000000577,0.884642797654834,0.0560997066530006,0.019478612903000597
ae_8_Mutant_Add_h_P9_Q7_[].qasm,PureState_18,0.06070715186573717,0.15288093824063917,0.05663776893106641,0.14145822510296155,0.0,0.05741144085734393,1.0000000000000724,0.8780766204831463,0.015328679461083686,0.03534821071108368
ae_8_Mutant_Add_h_P9_Q7_[].qasm,Quratest_18,0.0641308509906641,0.14583173649858439,0.06063069105985811,0.13940021234874658,0.0,0.057807660413313325,1.0000000000000644,0.8377101858333604,0.0029097135514762756,0.004374557301476276
ae_8_Mutant_Add_h_P9_Q7_[].qasm,PureState_19,0.05744489130377348,0.16508086305576777,0.05246603029065356,0.15194080967821413,0.0,0.06424541747054834,1.000000000000072,0.877327106909703,0.0043117155843564875,0.022378121834356487
ae_8_Mutant_Add_h_P9_Q7_[].qasm,Quratest_19,0.06569956863104617,0.19189945669232897,0.05997270312101916,0.17234899596973025,0.0,0.047849096183327874,1.000000000000059,0.8806218752363801,0.00021155217534067627,0.030061885324659324
ae_8_Mutant_Add_h_P9_Q7_[].qasm,PureState_20,0.05993915293487866,0.14277444440075882,0.05531668982114549,0.13388955816646073,0.0,0.04838985277078293,1.0000000000000622,0.8803498077328406,0.003836757456400941,0.003487461293599059
ae_8_Mutant_Add_h_P9_Q7_[].qasm,Quratest_20,0.06282749707117707,0.13719579531675755,0.05808805791565566,0.13029770426736725,0.0,0.04920971253841327,1.0000000000000693,0.8725762390285874,0.02268225672336026,0.011451787973360258
ae_8_Mutant_Add_h_P9_Q7_[].qasm,PureState_21,0.06385521909018904,0.16142943686295136,0.057834756765096695,0.15208326438196104,0.0,0.06888412081801878,1.000000000000068,0.8784460682600586,0.007560102143326176,0.020271929106673824
ae_8_Mutant_Add_h_P9_Q7_[].qasm,Quratest_21,0.056395745611867984,0.10875167309311362,0.054454108630068526,0.105002521599873,0.0,0.036372035823195606,1.0000000000000622,0.8729345130625681,0.004528969203452141,0.013049155796547859
ae_8_Mutant_Add_h_P9_Q7_[].qasm,PureState_22,0.06365191419215614,0.2323311982684833,0.05612675237048994,0.208039842108912,0.0,0.054197225333347976,1.0000000000000666,0.8803819644223356,0.0018545081473443081,0.007422835602655692
ae_8_Mutant_Add_h_P9_Q7_[].qasm,Quratest_22,0.05357915014026827,0.11075478882997626,0.05218003675807628,0.10611885545342133,0.0,0.02934735730398391,1.0000000000000577,0.8875547400307003,0.030402010463602365,0.016472989536397635
ae_8_Mutant_Add_h_P9_Q7_[].qasm,PureState_23,0.05957560044316122,0.13080192057757517,0.05518123514959186,0.12156752183546213,0.0,0.046670281412644524,1.00000000000006,0.8778238224980472,0.0031277442540323178,0.015334775504032318
ae_8_Mutant_Add_h_P9_Q7_[].qasm,Quratest_23,0.05907377929481921,0.11714058962382744,0.055371871510404395,0.11072986370104336,0.0,0.0566925194865346,1.0000000000000568,0.854768464400012,0.0104213290619437,0.0187221103119437
ae_8_Mutant_Add_h_P9_Q7_[].qasm,PureState_24,0.06024238066158666,0.20979836270814828,0.054112328982164906,0.19104006218790281,0.0,0.04894881711021353,1.0000000000000577,0.8776316468689719,0.010103186922686566,0.028657874422686566
ae_8_Mutant_Add_h_P9_Q7_[].qasm,Quratest_24,0.06148762867884669,0.10858561601412739,0.05920190926256682,0.10605214021707603,0.0,0.0357945493576743,1.0000000000000608,0.867707836187087,0.03574433628542828,0.0003884762145717202
ae_8_Mutant_Add_h_P9_Q7_[].qasm,PureState_25,0.04460651015230479,0.15657714623843386,0.042893500584594756,0.1438363343212892,0.0,0.0494235829583833,1.0000000000000755,0.8790456888699435,0.004653817350055864,0.009506338899944136
ae_8_Mutant_Add_h_P9_Q7_[].qasm,Quratest_25,0.06189471978194974,0.11212964335704972,0.059108121934125735,0.10623509836514004,0.0,0.029359523307257114,1.0000000000000626,0.8892607798253654,0.020408753084839595,0.015235778165160405
ae_8_Mutant_Add_h_P9_Q7_[].qasm,PureState_26,0.06457788218104245,0.13376891124502838,0.05883806825854295,0.124984215508175,0.0,0.042674585288394976,1.0000000000000666,0.8772002788316998,0.00234279729981832,0.02236232854981832
ae_8_Mutant_Add_h_P9_Q7_[].qasm,Quratest_26,0.059747154250284935,0.12129254268743116,0.05800923735527123,0.11712910855334117,0.0,0.04645639495874323,1.0000000000000608,0.8746825502850675,0.014616299378085874,0.005403231871914126
ae_8_Mutant_Add_h_P9_Q7_[].qasm,PureState_27,0.05900890008411382,0.14316680860375397,0.05443676380212356,0.13311537615602914,0.0,0.04954094824597828,1.0000000000000715,0.878820591612842,0.019229462795445858,0.04375881845455414
ae_8_Mutant_Add_h_P9_Q7_[].qasm,Quratest_27,0.06231686734939815,0.12463873184228602,0.05819860043936808,0.11974994282586493,0.0,0.047546381105082594,1.0000000000000728,0.8746469181677221,0.011770842550629351,0.03852212619937065
ae_8_Mutant_Add_h_P9_Q7_[].qasm,PureState_28,0.06017978992806822,0.15608745673142285,0.05502317296731377,0.1447477059790883,0.0,0.06722910974393885,1.000000000000064,0.8798074740693484,0.012145951392603091,0.003845170142603091
ae_8_Mutant_Add_h_P9_Q7_[].qasm,Quratest_28,0.06080744890470136,0.108915534208189,0.05959776532588205,0.10508767446700412,0.0,0.040234484370488266,1.0000000000000608,0.868555435639262,0.006330071899474446,0.021013678100525554
ae_8_Mutant_Add_h_P9_Q7_[].qasm,PureState_29,0.06456786729404024,0.21378707547262438,0.05843673966650275,0.1945258527017398,0.0,0.04936646292105831,1.000000000000064,0.8781764742421938,0.04738203649005995,0.004413286490059953
ae_8_Mutant_Add_h_P9_Q7_[].qasm,Quratest_29,0.05780770121214867,0.11893747888022532,0.056031151635381686,0.11458863975785077,0.0,0.040524215686708595,1.0000000000000653,0.8411913002360564,0.013589744132418813,0.03898036913241881
ae_8_Mutant_Add_h_P9_Q7_[].qasm,PureState_30,0.05944196160424135,0.22525404779057476,0.05281084235564763,0.20101113605182216,0.0,0.061122027449356166,1.0000000000000702,0.880071886671329,0.005959708009460553,0.007223885740539447
ae_8_Mutant_Add_h_P9_Q7_[].qasm,Quratest_30,0.05715193997779158,0.11277216582668853,0.05511503931513274,0.11010704225880076,0.0,0.03961446515955758,1.0000000000000608,0.8744730686349316,0.005577083434600852,0.004188541565399148
ae_8_Mutant_Add_h_P9_Q7_[].qasm,PureState_31,0.059936895911712994,0.21462138710794873,0.05457850167349644,0.19361073976152043,0.0,0.05040086206951882,1.0000000000000595,0.8786046822745683,0.018438962354816374,0.011346193895183626
ae_8_Mutant_Add_h_P9_Q7_[].qasm,Quratest_31,0.060042422417158646,0.12334155438168495,0.057829506264262726,0.11988822904348193,0.0,0.04258995062656666,1.000000000000063,0.8717070057094031,0.00932343782187105,0.02094999967812895
ae_8_Mutant_Add_h_P9_Q7_[].qasm,PureState_32,0.06500887697407345,0.13444502999800217,0.05979191183713501,0.12511805571388565,0.0,0.03922426896959607,1.0000000000000582,0.8781665296168464,0.0035384726191015833,0.017945902380898417
ae_8_Mutant_Add_h_P9_Q7_[].qasm,Quratest_32,0.06469200134038326,0.1239888330786638,0.06134886489500105,0.12020625487634254,0.0,0.059692960608787454,1.0000000000000657,0.8448479556329217,0.021849567180938133,0.003294879680938133
ae_8_Mutant_Add_h_P9_Q7_[].qasm,PureState_33,0.04882680119116299,0.1548305990208233,0.04706146349520667,0.14350952767566416,0.0,0.053610580992524345,1.0000000000000688,0.8785264779375553,0.011921943943429963,0.05342585019342996
ae_8_Mutant_Add_h_P9_Q7_[].qasm,Quratest_33,0.05583641079224508,0.16801296154478204,0.052547595915572,0.15499935303172077,0.0,0.03436581055479472,1.000000000000067,0.8954646637248572,0.018814693714579486,0.016341556285420514
ae_8_Mutant_Add_h_P9_Q7_[].qasm,PureState_34,0.06331140035780394,0.21870058554360788,0.056392654626124264,0.19567806587609024,0.0,0.054217022128461204,1.0000000000000648,0.8797722540829702,0.03427830435265569,0.027930648102655692
ae_8_Mutant_Add_h_P9_Q7_[].qasm,Quratest_34,0.06058869749676856,0.16191081705096497,0.056463109984441526,0.15577519682638935,0.0,0.047731230991506,1.0000000000000635,0.8774582142898615,0.01585804437721714,0.03538929437721714
ae_8_Mutant_Add_h_P9_Q7_[].qasm,PureState_35,0.056940414680684164,0.1497017442986356,0.054354202257360026,0.1382042132203483,0.0,0.04623913618659223,1.0000000000000693,0.8780673616948954,0.004083422662582898,0.017889233587417102
ae_8_Mutant_Add_h_P9_Q7_[].qasm,Quratest_35,0.061332800931455614,0.08863231711740212,0.060420971651512854,0.08596615858553201,0.0,0.03524287712136595,1.000000000000068,0.8477034725133072,0.00490507208133701,0.00978788458133701
ae_8_Mutant_Add_h_P9_Q7_[].qasm,PureState_36,0.05025622276184531,0.14783261456115096,0.04654065595221509,0.13110384347113874,0.0,0.0470633555280401,1.000000000000067,0.8794845581767374,0.0032551785139539255,0.008137991013953925
ae_8_Mutant_Add_h_P9_Q7_[].qasm,Quratest_36,0.06016340792836234,0.1350466430929956,0.05795170573581138,0.12949412708539684,0.0,0.0522386774433275,1.0000000000000608,0.8635140932220203,0.005692004199640874,0.013350964550359126
ae_8_Mutant_Add_h_P9_Q7_[].qasm,PureState_37,0.04519255796573603,0.14676766892088727,0.04384463783149981,0.13511215582036704,0.0,0.04236657479620392,1.0000000000000697,0.8794541488770584,0.018805481525777483,0.010016419025777483
ae_8_Mutant_Add_h_P9_Q7_[].qasm,Quratest_37,0.0617416459120885,0.1005679043932507,0.05903436897614297,0.09785614915361414,0.0,0.03107557115886429,1.0000000000000564,0.8931440354456375,0.006908588627470118,0.008373432377470118
ae_8_Mutant_Add_h_P9_Q7_[].qasm,PureState_38,0.06807326873094532,0.1450088745664052,0.06135376602169063,0.13601782945582228,0.0,0.05728074412063062,1.0000000000000675,0.8790688043532063,0.020007628182119097,0.0331912219321191
ae_8_Mutant_Add_h_P9_Q7_[].qasm,Quratest_38,0.06251913044863795,0.15120399502856333,0.05792055402549935,0.14442617211714442,0.0,0.048885637742799,1.0000000000000617,0.8698759046387391,0.038690415286825465,0.003045884036825465
ae_8_Mutant_Add_h_P9_Q7_[].qasm,PureState_39,0.062312498880041846,0.27148255908835595,0.05339369598100602,0.24312841255831094,0.0,0.08801516801759031,1.000000000000068,0.8795457833992699,0.0015966271175517667,0.020151314617551767
ae_8_Mutant_Add_h_P9_Q7_[].qasm,Quratest_39,0.059758406969421814,0.1429794575148471,0.05664317786730923,0.13632376689646739,0.0,0.0469166198229859,1.0000000000000617,0.8721370385222089,0.017911985931999594,0.011564329681999596
ae_8_Mutant_Add_h_P9_Q7_[].qasm,PureState_40,0.058549226414952645,0.13699956508533961,0.05472130569638574,0.12704308349236387,0.0,0.04639880879303597,1.0000000000000635,0.8781275812587602,0.011299984123941245,0.028389827873941245
ae_8_Mutant_Add_h_P9_Q7_[].qasm,Quratest_40,0.06364886484027883,0.11581259942789211,0.06179641103800503,0.11053819485138733,0.0,0.04579504087259517,1.0000000000000635,0.8737349343295393,0.024376648890684152,0.006310242640684152
ae_8_Mutant_Add_h_P9_Q7_[].qasm,PureState_41,0.06562422131236526,0.14160519871405233,0.05888812190332723,0.1324834252651348,0.0,0.04876550406952511,1.0000000000000635,0.8794219595326601,0.0145786037792703,0.0088588962207297
ae_8_Mutant_Add_h_P9_Q7_[].qasm,Quratest_41,0.05948504614855697,0.14034107868159587,0.055390151556177145,0.13513007454190598,0.0,0.05424868078949448,1.0000000000000586,0.8662394129933673,0.006489928781171439,0.007466491281171439
ae_8_Mutant_Add_h_P9_Q7_[].qasm,PureState_42,0.056156993659612894,0.16807006870768929,0.05209378600632665,0.15517636268754692,0.0,0.06405583350006486,1.0000000000000702,0.8775508578437797,0.0013820280843564667,0.005776559334356467
ae_8_Mutant_Add_h_P9_Q7_[].qasm,Quratest_42,0.06072981552567291,0.11535844082115791,0.057734897381111115,0.111338156770013,0.0,0.03476337523003309,1.0000000000000697,0.8838615644233907,0.014175035736765831,0.03370628573676583
ae_8_Mutant_Add_h_P9_Q7_[].qasm,PureState_43,0.06048867333690728,0.14072115108413216,0.054950777668147856,0.1305716545809796,0.0,0.04868381031506959,1.0000000000000573,0.8786389355240735,0.0015400751670887197,0.01179398141708872
ae_8_Mutant_Add_h_P9_Q7_[].qasm,Quratest_43,0.05897247767365821,0.12890061761515262,0.05566045000182496,0.11856880443180211,0.0,0.048270094152494024,1.0000000000000635,0.8490912822805394,0.005396100469069517,0.0024664129690695168
ae_8_Mutant_Add_h_P9_Q7_[].qasm,PureState_44,0.06073204850080079,0.16238784522345312,0.05613317119255381,0.14954657778615396,0.0,0.06396658625248058,1.0000000000000755,0.8779357286566338,0.00968280933435655,0.01017109058435655
ae_8_Mutant_Add_h_P9_Q7_[].qasm,Quratest_44,0.06355825170468003,0.15551790978958333,0.06073732061508895,0.14829160955123583,0.0,0.05575655226948617,1.0000000000000595,0.8690287408547804,0.005907018741077047,0.05327029999107705
ae_8_Mutant_Add_h_P9_Q7_[].qasm,PureState_45,0.06225210932927265,0.14437572356982975,0.0573509326669076,0.13183002047039055,0.0,0.04868488890823683,1.000000000000068,0.880151341220281,0.0069339855973101355,0.016211329347310136
ae_8_Mutant_Add_h_P9_Q7_[].qasm,Quratest_45,0.0678317115732416,0.13358686963125363,0.06320323473021178,0.1268145753522629,0.0,0.046352560437521756,1.0000000000000586,0.8716545180872014,0.011565748492780206,0.041839185992780206
ae_8_Mutant_Add_h_P9_Q7_[].qasm,PureState_46,0.06396433897422392,0.13412447863086888,0.05851576989025133,0.12691700372564663,0.0,0.04997845185678098,1.000000000000063,0.8774608587309903,0.022912491866116047,0.06197499186611605
ae_8_Mutant_Add_h_P9_Q7_[].qasm,Quratest_46,0.059726193833051625,0.16553694192165574,0.05558764060145521,0.15480904877800214,0.0,0.06031005839528084,1.000000000000063,0.8403901354571428,0.04040689564346935,0.016722010606530648
ae_8_Mutant_Add_h_P9_Q7_[].qasm,PureState_47,0.06520610370122208,0.16123580337492144,0.05797096390471862,0.14891119621436086,0.0,0.06417442642911725,1.000000000000071,0.8772377684153373,0.01854542812172759,0.03319386562172759
ae_8_Mutant_Add_h_P9_Q7_[].qasm,Quratest_47,0.05701970330168951,0.10103078621120329,0.05560098574655052,0.09929747085990207,0.0,0.04275837429914665,1.0000000000000653,0.8428002754411689,0.0013145236623367113,0.01693952366233671
ae_8_Mutant_Add_h_P9_Q7_[].qasm,PureState_48,0.05486191383953465,0.13883060147560589,0.051730728383959625,0.13029866904502338,0.0,0.044492471217119044,1.000000000000068,0.8780223259338155,0.018244707688702004,0.006169354811297996
ae_8_Mutant_Add_h_P9_Q7_[].qasm,Quratest_48,0.05990942766283764,0.10153388329794584,0.05807469252503918,0.09906569134679667,0.0,0.035467624636324996,1.0000000000000626,0.884189733342123,0.002006673433980744,0.002876139066019256
ae_8_Mutant_Add_h_P9_Q7_[].qasm,PureState_49,0.062362861870842744,0.1350832971782636,0.05565337161654294,0.12648547777888697,0.0,0.05734065680736113,1.000000000000063,0.8792307887298333,0.007336121817880847,0.006824034432119153
ae_8_Mutant_Add_h_P9_Q7_[].qasm,Quratest_49,0.05705744410757735,0.09459351379859936,0.05611368986649418,0.09274992616402694,0.0,0.03280641651494742,1.0000000000000697,0.8633279979854581,0.00544002448591753,0.00836971198591753
ae_8_Mutant_Add_h_P9_Q7_[].qasm,PureState_50,0.05830380822543264,0.13815532221203908,0.054367801475080565,0.13025414280141373,0.0,0.0429160335488825,1.0000000000000693,0.8783115313690535,0.022491907871253207,0.006866907871253207
ae_8_Mutant_Add_h_P9_Q7_[].qasm,Quratest_50,0.061499211858712294,0.14707458241706658,0.057651499193967046,0.14040072251779182,0.0,0.053650051049146136,1.0000000000000653,0.8671967623809101,0.014292238230207671,0.02623510551979233
ae_8_Mutant_Add_h_P9_Q7_[].qasm,PureState_51,0.052949303194492627,0.168642340113302,0.04922497961300541,0.15661105310595744,0.0,0.0694112731986308,1.0000000000000706,0.8786687214297952,0.04408420792134267,0.02134547957865733
ae_8_Mutant_Add_h_P9_Q7_[].qasm,Quratest_51,0.05528924469764585,0.1110575458326379,0.05417307530817996,0.10783041317716009,0.0,0.02968559286767924,1.0000000000000644,0.8835315864090394,0.01245681177105306,0.0017146242710530599
ae_8_Mutant_Add_h_P9_Q7_[].qasm,PureState_52,0.05026589394832885,0.18627549641980368,0.04587676548519448,0.16961706781272834,0.0,0.07909318300932107,1.0000000000000715,0.8783616235379307,0.014488778976429376,0.010901846023570624
ae_8_Mutant_Add_h_P9_Q7_[].qasm,Quratest_52,0.059901717548630905,0.10316295748818456,0.05778462803524107,0.09798844984226313,0.0,0.0353202164972411,1.0000000000000666,0.8864610808632761,0.011137837280433285,0.036225443969566715
ae_8_Mutant_Add_h_P9_Q7_[].qasm,PureState_53,0.05926531483241424,0.15363477674355047,0.055390844079691616,0.1425998707385873,0.0,0.050138252531876176,1.0000000000000733,0.8796416371590672,0.00854041482185057,0.00219275857185057
ae_8_Mutant_Add_h_P9_Q7_[].qasm,Quratest_53,0.06649362765520087,0.16004528684964364,0.06322171126494402,0.1515636473158299,0.0,0.04985455805986552,1.0000000000000635,0.8635334278277408,0.002916710080699889,0.011705772580699889
ae_8_Mutant_Add_h_P9_Q7_[].qasm,PureState_54,0.048817114687856225,0.1710631508657039,0.047416552214955165,0.1581316364922996,0.0,0.06937555684581526,1.0000000000000697,0.8788295123030425,0.0125564170786574,0.0211349891713426
ae_8_Mutant_Add_h_P9_Q7_[].qasm,Quratest_54,0.06107152225185136,0.09515066501873055,0.058565942214122306,0.09264682481824162,0.0,0.025817018071759262,1.000000000000067,0.8895681446463273,0.020668941926952775,0.00016112942695277292
ae_8_Mutant_Add_h_P9_Q7_[].qasm,PureState_55,0.057612988792993196,0.1345754150610428,0.054024332118384435,0.12595578949221278,0.0,0.04210908630947825,1.0000000000000737,0.8789783260584283,0.0058857776224351815,0.0019795276224351815
ae_8_Mutant_Add_h_P9_Q7_[].qasm,Quratest_55,0.060334831602886316,0.1024350554180396,0.05868271926446802,0.09932477122260822,0.0,0.04676911789957927,1.0000000000000684,0.8770869183490821,0.008281912511597362,0.004413399988402638
ae_8_Mutant_Add_h_P9_Q7_[].qasm,PureState_56,0.06494340978671757,0.2275384252160083,0.05838329347312553,0.20469564273319496,0.0,0.06574479819557492,1.0000000000000617,0.8793467257284867,0.009200494748935124,0.030838567751064874
ae_8_Mutant_Add_h_P9_Q7_[].qasm,Quratest_56,0.059386785654856895,0.1263029098498064,0.05612057972117607,0.12206362093440105,0.0,0.043613432848549266,1.000000000000063,0.8778923363155494,0.005958989217645441,0.006935551717645441
ae_8_Mutant_Add_h_P9_Q7_[].qasm,PureState_57,0.05799451375109152,0.22190182809117473,0.05246979416164247,0.19727686934747998,0.0,0.05393948153796562,1.0000000000000608,0.8794115428345805,0.011566778765258828,0.04916443501525883
ae_8_Mutant_Add_h_P9_Q7_[].qasm,Quratest_57,0.06278272577979206,0.11614386941117709,0.05940192482442959,0.11099976400010453,0.0,0.04264765607895856,1.0000000000000573,0.8782859057600392,0.009986882119043104,0.023704524130956896
ae_8_Mutant_Add_h_P9_Q7_[].qasm,PureState_58,0.06670929612289357,0.14487359131842303,0.06145587738713645,0.13557684922832788,0.0,0.04878381023713205,1.0000000000000582,0.8791982542238674,6.983372072976151e-05,0.017996572529270238
ae_8_Mutant_Add_h_P9_Q7_[].qasm,Quratest_58,0.06504707643840127,0.10847617832585046,0.06180203607714122,0.10449681830759353,0.0,0.039763363507190876,1.0000000000000595,0.8634619703160729,0.009587961558503184,0.026677805308503184
ae_8_Mutant_Add_h_P9_Q7_[].qasm,PureState_59,0.04718349698091875,0.1488402846607618,0.044923788803829114,0.1361333425597058,0.0,0.04239058759539631,1.0000000000000724,0.879230371036052,0.007561705974222455,0.010979674724222455
ae_8_Mutant_Add_h_P9_Q7_[].qasm,Quratest_59,0.058410218498369255,0.13794096032616665,0.05507244184033123,0.13069867805094068,0.0,0.04620982851793173,1.0000000000000662,0.8717974646483622,0.014659227192151618,0.019032179057848382
ae_8_Mutant_Add_h_P9_Q7_[].qasm,PureState_60,0.0678347083202076,0.1398755418189463,0.06140654833031935,0.13043144128281453,0.0,0.048365629112763195,1.0000000000000568,0.8805737993845665,0.00495230504359909,0.00871956995640091
ae_8_Mutant_Add_h_P9_Q7_[].qasm,Quratest_60,0.058834739836843584,0.10647222606951301,0.057632208646162544,0.10304082633567387,0.0,0.03791514542431794,1.0000000000000644,0.8668954678765151,0.00923684084598234,0.01468894040401766
ae_8_Mutant_Add_h_P9_Q7_[].qasm,PureState_61,0.057614577001317446,0.13258145665817173,0.054343982672017364,0.12109972746934113,0.0,0.04244059732191584,1.0000000000000653,0.8773842384853547,0.016035512926230757,0.001875356676230757
ae_8_Mutant_Add_h_P9_Q7_[].qasm,Quratest_61,0.06113960339956454,0.16889235089222757,0.05694591463856647,0.1592908385735715,0.0,0.04951010526164902,1.0000000000000595,0.8750371395990828,0.007038741904529286,0.021687179404529286
ae_8_Mutant_Add_h_P9_Q7_[].qasm,PureState_62,0.05421543319546485,0.2220357281380158,0.0498948916718034,0.1988501159036789,0.0,0.07367284938202327,1.0000000000000675,0.8785222044282981,0.01295843356221793,0.02028265231221793
ae_8_Mutant_Add_h_P9_Q7_[].qasm,Quratest_62,0.05710267759704735,0.12076249989616733,0.055941115986744734,0.11672833422542896,0.0,0.030315919718265517,1.0000000000000635,0.8853019323224561,0.019186671534010696,0.022116359034010696
ae_8_Mutant_Add_h_P9_Q7_[].qasm,PureState_63,0.06154730908400748,0.12797863516663652,0.05673716369082634,0.11938070965735025,0.0,0.04658769058634525,1.0000000000000582,0.8780477008453806,0.007033994254032387,0.024123838004032387
ae_8_Mutant_Add_h_P9_Q7_[].qasm,Quratest_63,0.059098433202605785,0.10016377942439729,0.05701072056244993,0.09670977200323493,0.0,0.0328411794358815,1.0000000000000688,0.8790781736417507,0.013379534700165292,0.0022454652998347077
ae_8_Mutant_Add_h_P9_Q7_[].qasm,PureState_64,0.05762375705567539,0.22013647435779227,0.05146473561912024,0.19643319660804143,0.0,0.06117807002084214,1.0000000000000662,0.8802335676801846,0.014059823240539537,0.003030020509460463
ae_8_Mutant_Add_h_P9_Q7_[].qasm,Quratest_64,0.06014556412849993,0.11494274960959795,0.05827999561214651,0.11254130122414979,0.0,0.027309696287744326,1.0000000000000662,0.8941541998191422,0.01609061907802487,0.014625775328024868
ae_8_Mutant_Add_h_P9_Q7_[].qasm,PureState_65,0.05373487881733808,0.14743864285476452,0.05109882723084769,0.13561035504009084,0.0,0.05036457612415799,1.0000000000000662,0.8796731556772649,0.0028959339988537044,0.011684996498853704
ae_8_Mutant_Add_h_P9_Q7_[].qasm,Quratest_65,0.0660487781778101,0.16854818909206107,0.061443471316998115,0.1603307409488223,0.0,0.041651466231576714,1.0000000000000644,0.8822413069585119,0.01790555497965518,0.0026022575203448195
ae_8_Mutant_Add_h_P9_Q7_[].qasm,PureState_66,0.04911347020636057,0.15850532495046457,0.04664386321151558,0.1449751942618348,0.0,0.053457769168137374,1.0000000000000648,0.8789632618595606,0.010320652865626993,0.010808934115626993
ae_8_Mutant_Add_h_P9_Q7_[].qasm,Quratest_66,0.06709537119419845,0.10338004737119535,0.06261283293206142,0.10097590511834004,0.0,0.043965958740492674,1.0000000000000617,0.8589022560497501,0.0033707079487241,0.0175308641987241
ae_8_Mutant_Add_h_P9_Q7_[].qasm,PureState_67,0.058815370921097204,0.1288251952463843,0.054120238036081285,0.12094097221936495,0.0,0.0458155122110844,1.0000000000000666,0.8802681497979385,0.014595793367795262,0.010201262117795262
ae_8_Mutant_Add_h_P9_Q7_[].qasm,Quratest_67,0.057821254149333486,0.10713077271052,0.056617261106448026,0.10341256565647232,0.0,0.03766138694277241,1.0000000000000648,0.8815887200617714,0.017219624289460663,0.004524311789460664
ae_8_Mutant_Add_h_P9_Q7_[].qasm,PureState_68,0.05108620398609268,0.1511517379026666,0.048755924836172956,0.13866626785268713,0.0,0.04926157931562994,1.0000000000000773,0.8792698932716722,0.01832569235005585,0.00022899514994415004
ae_8_Mutant_Add_h_P9_Q7_[].qasm,Quratest_68,0.06178981724966284,0.12681983969497237,0.05869373577167274,0.12246365689742546,0.0,0.03889911505716866,1.0000000000000728,0.8525563166346577,0.004450760651314417,0.008845291901314417
ae_8_Mutant_Add_h_P9_Q7_[].qasm,PureState_69,0.056804936183936915,0.14768814511694614,0.05290463996468722,0.13928828850616132,0.0,0.05348598359070043,1.0000000000000746,0.8788703560758885,0.00270152334004789,0.00270152334004789
ae_8_Mutant_Add_h_P9_Q7_[].qasm,Quratest_69,0.05553407563736455,0.10315822070632748,0.054001871023972026,0.09997825481830933,0.0,0.031846207374612606,1.00000000000006,0.8825111875464321,0.007878142707058479,0.0004226385429415211
ae_8_Mutant_Add_h_P9_Q7_[].qasm,PureState_70,0.05132974131101309,0.15214244730147058,0.04779431211326506,0.13939464766317214,0.0,0.04815074829363376,1.0000000000000666,0.8773880872698571,0.017263885405995667,0.04572439584400433
ae_8_Mutant_Add_h_P9_Q7_[].qasm,Quratest_70,0.06552146315706321,0.13328888345830542,0.06291641297740289,0.1282564050708482,0.0,0.06394958567385522,1.0000000000000622,0.8410961282214143,0.015019659394009455,0.015742059355990545
ae_8_Mutant_Add_h_P9_Q7_[].qasm,PureState_71,0.05631533177870901,0.15436170724678902,0.051489323241786004,0.1432732326775558,0.0,0.06718546537888398,1.0000000000000626,0.8801928507576028,0.015563920142603126,0.004821732642603126
ae_8_Mutant_Add_h_P9_Q7_[].qasm,Quratest_71,0.058751534703827574,0.11579232694786006,0.05582983897728595,0.1113266263069601,0.0,0.04173595650522645,1.0000000000000697,0.8780812803709304,0.0013575774836885515,0.0030369537663114485
ae_8_Mutant_Add_h_P9_Q7_[].qasm,PureState_72,0.06516820295708052,0.24691726796150576,0.05655431071686801,0.21803723881924442,0.0,0.06348091665313237,1.0000000000000728,0.879915519294218,0.017709383094461212,0.011361726844461212
ae_8_Mutant_Add_h_P9_Q7_[].qasm,Quratest_72,0.055340273988648186,0.14951467618866146,0.05264555766278137,0.13810021107851755,0.0,0.04366149434702214,1.0000000000000622,0.8691630553661218,0.023948327868919275,0.027809484631080725
ae_8_Mutant_Add_h_P9_Q7_[].qasm,PureState_73,0.05028174789122254,0.15032459856064403,0.04875892081400738,0.1388222877582584,0.0,0.04623249757417172,1.0000000000000688,0.8782910637367181,0.01935407733741706,0.00421735858741706
ae_8_Mutant_Add_h_P9_Q7_[].qasm,Quratest_73,0.06622849456664409,0.1334262836975018,0.06235532109490502,0.12366100336412872,0.0,0.04129209888553423,1.0000000000000702,0.8732472007500385,0.02152618076107503,0.01566680576107503
ae_8_Mutant_Add_h_P9_Q7_[].qasm,PureState_74,0.05270740170803077,0.1447856067379254,0.050684552247716806,0.13256847946381184,0.0,0.04370439405347004,1.0000000000000622,0.8773632434605786,0.02123208780321513,0.00122884969678487
ae_8_Mutant_Add_h_P9_Q7_[].qasm,Quratest_74,0.0625762946888196,0.13430647055574824,0.05804867764183508,0.12782166646250132,0.0,0.0554250336385696,1.00000000000006,0.8399483407315859,0.0076551208782952435,0.014002777128295243
ae_8_Mutant_Add_h_P9_Q7_[].qasm,PureState_75,0.051449235386973775,0.14704237033664594,0.0482046546193738,0.1353872617269677,0.0,0.04825973371107217,1.0000000000000653,0.8771591658242007,0.014962677094004333,0.009939666655995667
ae_8_Mutant_Add_h_P9_Q7_[].qasm,Quratest_75,0.06864451682052299,0.12396818116437612,0.06521008435895856,0.11826584992376814,0.0,0.037983949142554575,1.0000000000000657,0.8828361389381637,0.027302084362826357,0.003864584362826355
ae_8_Mutant_Add_h_P9_Q7_[].qasm,PureState_76,0.06647311149123075,0.12916885031637468,0.06015685434741006,0.12043063328623087,0.0,0.03926069320309194,1.0000000000000577,0.8779428711632979,0.017945902380898396,0.013063089880898396
ae_8_Mutant_Add_h_P9_Q7_[].qasm,Quratest_76,0.06219163219579064,0.09771647525506068,0.059468540364534646,0.09511108176175007,0.0,0.03895076429879574,1.0000000000000595,0.8811967826139949,0.00960813034239412,0.0011340571576058806
ae_8_Mutant_Add_h_P9_Q7_[].qasm,PureState_77,0.06377556555992046,0.21652313163114129,0.057729276032424975,0.19681298749362194,0.0,0.04939108273574052,1.0000000000000608,0.8777908782209773,0.029278119759940074,0.0009953177400599256
ae_8_Mutant_Add_h_P9_Q7_[].qasm,Quratest_77,0.06552123350274268,0.11979376752677985,0.06210760195020263,0.11452511972478871,0.0,0.04312698229303891,1.0000000000000626,0.8776499490970514,0.018062391865709182,0.025882920634290818
ae_8_Mutant_Add_h_P9_Q7_[].qasm,PureState_78,0.06714627345696589,0.25085980968895366,0.0583581598213954,0.22159786702023504,0.0,0.06357547631338518,1.0000000000000657,0.8795310877561496,0.006967195594461099,0.010610929405538901
ae_8_Mutant_Add_h_P9_Q7_[].qasm,Quratest_78,0.0629640002413987,0.09721966279789283,0.0599123807767898,0.09329281402098888,0.0,0.02624863775925958,1.0000000000000648,0.8797747248136425,0.01833469042155661,0.02902859082844339
ae_8_Mutant_Add_h_P9_Q7_[].qasm,PureState_79,0.056177975428307374,0.18557337401171292,0.050627208941031024,0.1723532170479462,0.0,0.07851557023182365,1.000000000000083,0.8783645720412819,0.0338579870268155,0.0110638879731845
ae_8_Mutant_Add_h_P9_Q7_[].qasm,Quratest_79,0.06027085208634729,0.10309078646769493,0.05804633040112234,0.10031529782101604,0.0,0.03659482753866454,1.0000000000000675,0.8879335640584404,0.019997170558188282,0.007346579441811718
ae_8_Mutant_Add_h_P9_Q7_[].qasm,PureState_80,0.0600720389562404,0.1577536588609646,0.055475052325872486,0.14664912951957468,0.0,0.06727281751758853,1.0000000000000595,0.8782323731719754,0.0015728607485781705,0.0054791107485781705
ae_8_Mutant_Add_h_P9_Q7_[].qasm,Quratest_80,0.060673732342138326,0.1396336149845828,0.05754355971858921,0.13461620100920793,0.0,0.03945480135648026,1.0000000000000617,0.878283542116127,0.014710849133687913,0.009703213366312087
ae_8_Mutant_Add_h_P9_Q7_[].qasm,PureState_81,0.04614335338558594,0.16084713100086875,0.04467081891089842,0.14708335352581717,0.0,0.04939011235912558,1.0000000000000684,0.878884197636995,0.0031586826499441223,0.012466317350055878
ae_8_Mutant_Add_h_P9_Q7_[].qasm,Quratest_81,0.06395826142727927,0.10534361319947948,0.06066103661824228,0.10297051551300884,0.0,0.04673202516230008,1.00000000000006,0.8507946746780416,0.0034451360566993064,0.023952948556699306
ae_8_Mutant_Add_h_P9_Q7_[].qasm,PureState_82,0.05853635583910973,0.13958587405158623,0.055059491239201744,0.12826135963033605,0.0,0.04369425929043133,1.0000000000000662,0.8772050645523898,0.005623380946784828,0.03150228719678483
ae_8_Mutant_Add_h_P9_Q7_[].qasm,Quratest_82,0.06258399564998851,0.1429463606659054,0.05926714405246405,0.13600499694378063,0.0,0.051181338836226935,1.00000000000006,0.8717062969404509,0.009535738463532797,0.0036478552864672026
ae_8_Mutant_Add_h_P9_Q7_[].qasm,PureState_83,0.06349252525922311,0.21010819597318298,0.056355498354880684,0.19071059979369304,0.0,0.049316118334942566,1.0000000000000653,0.8784001504748347,0.013164838509940005,0.003925005240059995
ae_8_Mutant_Add_h_P9_Q7_[].qasm,Quratest_83,0.05954399326893475,0.12154120382200818,0.05673727724250018,0.11693088682698176,0.0,0.04572348392763626,1.0000000000000608,0.8656270813978448,0.019649449438099164,0.004764613061900835
ae_8_Mutant_Add_h_P9_Q7_[].qasm,PureState_84,0.0522752945764054,0.1408440272885769,0.050378944817783544,0.12897812952195986,0.0,0.04377440157583731,1.0000000000000702,0.8769777985287406,0.002205412196784877,0.024666349696784877
ae_8_Mutant_Add_h_P9_Q7_[].qasm,Quratest_84,0.057458375359800834,0.10238835594253122,0.055982343827897685,0.09927215399649675,0.0,0.03829653842718667,1.0000000000000613,0.8745611881690436,0.02467157808992339,0.006090140660076609
ae_8_Mutant_Add_h_P9_Q7_[].qasm,PureState_85,0.0464391980772812,0.14895526051670557,0.045540384287681396,0.13649585851415047,0.0,0.04283802543557076,1.0000000000000702,0.8789209914094799,7.605632570688303e-05,0.024001837575706883
ae_8_Mutant_Add_h_P9_Q7_[].qasm,Quratest_85,0.0625591171104695,0.13231090819866537,0.05944714608056011,0.12844204667500814,0.0,0.03952613773538341,1.0000000000000564,0.8788933729636157,0.01297322614133918,0.04171427385866082
ae_8_Mutant_Add_h_P9_Q7_[].qasm,PureState_86,0.05766816097568673,0.2164667899371613,0.05165076560277465,0.1929412782405269,0.0,0.06091837222840287,1.0000000000000635,0.8798745122836226,0.004276747427481995,0.018184190072518005
ae_8_Mutant_Add_h_P9_Q7_[].qasm,Quratest_86,0.06567906866898784,0.11746740606264162,0.060999142459048826,0.11061658017377224,0.0,0.04792225603130732,1.0000000000000666,0.8807119172737667,0.016966574557002553,0.023560769192997447
ae_8_Mutant_Add_h_P9_Q7_[].qasm,PureState_87,0.05301946668102108,0.156054372442439,0.04917723746877079,0.14428222877498548,0.0,0.050782007335745644,1.000000000000067,0.8779671273727109,0.010089862553086817,0.04166794994691318
ae_8_Mutant_Add_h_P9_Q7_[].qasm,Quratest_87,0.061013243181371746,0.11615327682713258,0.05857339746174301,0.11213053782157416,0.0,0.03401137877486838,1.0000000000000604,0.8741947520484531,0.008475348459465112,0.006661370290534888
ae_8_Mutant_Add_h_P9_Q7_[].qasm,PureState_88,0.058478565103200576,0.21215721503963458,0.05335638811679275,0.19221371054735398,0.0,0.05049325387114979,1.0000000000000666,0.8782189636952806,0.00939306889518357,0.0018373998548164294
ae_8_Mutant_Add_h_P9_Q7_[].qasm,Quratest_88,0.06583150092689827,0.14835160870141745,0.061919751890533746,0.1393703949205782,0.0,0.047937223030251615,1.0000000000000604,0.8756051470641395,0.025178186517780435,0.002228967767780435
ae_8_Mutant_Add_h_P9_Q7_[].qasm,PureState_89,0.05892135014595227,0.2539189625135671,0.05208797271524499,0.22357844881493968,0.0,0.06290609269663047,1.0000000000000613,0.8796718854392132,0.02221874126330164,0.007566414986698359
ae_8_Mutant_Add_h_P9_Q7_[].qasm,Quratest_89,0.06556556729348055,0.11690871055553921,0.0613343959985634,0.11421826502489799,0.0,0.04246723647415465,1.0000000000000675,0.8768862694120078,0.02082872388414759,0.005692005134147589
ae_8_Mutant_Add_h_P9_Q7_[].qasm,PureState_90,0.05660710872164332,0.1625939641416483,0.05309523223454789,0.15148240462744342,0.0,0.06398250271552747,1.0000000000000675,0.8774617299027854,0.0048920718782724665,0.012197771871727534
ae_8_Mutant_Add_h_P9_Q7_[].qasm,Quratest_90,0.0583132833034189,0.11563506871295573,0.05714040827707192,0.11160940850377957,0.0,0.02965102607708961,1.0000000000000666,0.8888419644469672,0.02044732214476433,0.04400580285523567
ae_8_Mutant_Add_h_P9_Q7_[].qasm,PureState_91,0.06503628933647576,0.16021120731378072,0.05936391337675829,0.15319696895731014,0.0,0.07664499615901617,1.0000000000000653,0.8785699066349182,0.0288355826381231,0.0010035513881231015
ae_8_Mutant_Add_h_P9_Q7_[].qasm,Quratest_91,0.06007144433813113,0.12517067727326697,0.05852426598291184,0.11971994081352925,0.0,0.035576125283185586,1.0000000000000622,0.8539068167885105,0.026936483610689572,0.025959921110689572
ae_8_Mutant_Add_h_P9_Q7_[].qasm,PureState_92,0.059413816828030874,0.21213057701068966,0.05383485986956177,0.1939422752085439,0.0,0.050086999570697774,1.0000000000000662,0.8782213034987487,0.0009979081204164741,0.017111189370416474
ae_8_Mutant_Add_h_P9_Q7_[].qasm,Quratest_92,0.06278291108927203,0.11592202943707973,0.06011613838393523,0.11165785770911836,0.0,0.03606662262044942,1.0000000000000622,0.8811211989536415,0.013414641856230466,0.019762298106230466
ae_8_Mutant_Add_h_P9_Q7_[].qasm,PureState_93,0.05598670709779148,0.14176962538108187,0.05217390906589878,0.12723567627380525,0.0,0.047024591847465116,1.00000000000006,0.879870284359173,0.005045602736046068,0.013834665236046068
ae_8_Mutant_Add_h_P9_Q7_[].qasm,Quratest_93,0.06151417597657409,0.12097020623365844,0.059219986158061184,0.1172637641409207,0.0,0.03719210835506059,1.0000000000000622,0.8824863489001845,0.011929586448126802,0.007601663551873197
ae_8_Mutant_Add_h_P9_Q7_[].qasm,PureState_94,0.057365531219334014,0.13602793622530285,0.05471387998906785,0.1279967200835987,0.0,0.044693753865549544,1.0000000000000755,0.8770212958167249,0.014297288260921331,0.02308635076092133
ae_8_Mutant_Add_h_P9_Q7_[].qasm,Quratest_94,0.06352998984750627,0.11431593395629172,0.060228311089784055,0.1097927005740086,0.0,0.03561234531176269,1.000000000000064,0.8854033298977325,0.008582580874670225,0.014441955874670225
ae_8_Mutant_Add_h_P9_Q7_[].qasm,PureState_95,0.06319000948045105,0.24624048231799714,0.05531176881002608,0.21602530374496018,0.0,0.06306375999719308,1.0000000000000662,0.8794480738274812,0.007570303763301575,0.005617178763301575
ae_8_Mutant_Add_h_P9_Q7_[].qasm,Quratest_95,0.06107274910840405,0.11932373166530773,0.0590267589733894,0.11534959908751627,0.0,0.041032616879741274,1.0000000000000662,0.8798947325078149,0.03235400485454031,0.029424317354540312
ae_8_Mutant_Add_h_P9_Q7_[].qasm,PureState_96,0.06511507869250736,0.1351904735247798,0.06017852875730148,0.1254959032547572,0.0,0.04655729920275299,1.0000000000000622,0.8784328930050167,0.003616025504032297,0.025588681754032297
ae_8_Mutant_Add_h_P9_Q7_[].qasm,Quratest_96,0.06202007392588917,0.1027190071816749,0.060084552470971817,0.0974568703952759,0.0,0.03603921515705874,1.0000000000000684,0.8768346894824928,0.006885939339131585,0.019481248160868415
ae_8_Mutant_Add_h_P9_Q7_[].qasm,PureState_97,0.06688383081163328,0.22701538668477056,0.06043475836205839,0.201677280430576,0.0,0.05393948154332249,1.0000000000000653,0.8791877998799625,0.014496466265258717,0.04086365376525872
ae_8_Mutant_Add_h_P9_Q7_[].qasm,Quratest_97,0.05626526396624436,0.10901572843584316,0.05488971895624907,0.1059323068313402,0.0,0.03375406003533273,1.000000000000072,0.88643614087869,0.016440245593828444,0.023110535656171556
ae_8_Mutant_Add_h_P9_Q7_[].qasm,PureState_98,0.05899081400608104,0.22435369219073603,0.05342690351532353,0.2015076957468605,0.0,0.07341488588935619,1.0000000000000688,0.8791126910361109,0.011372339101604956,0.0027878171483950442
ae_8_Mutant_Add_h_P9_Q7_[].qasm,Quratest_98,0.06534479817340277,0.10746845952963953,0.06153996818680364,0.10335110108593262,0.0,0.03973658415118947,1.0000000000000582,0.8834376912408981,0.0064933766516758855,0.0057136545983241145
ae_8_Mutant_Add_h_P9_Q7_[].qasm,PureState_99,0.050916393425365795,0.14691745783326696,0.04753891883158364,0.13515402268329593,0.0,0.05046602748395797,1.0000000000000702,0.8792874453737708,0.011196715248853725,0.012729066001146275
ae_8_Mutant_Add_h_P9_Q7_[].qasm,Quratest_99,0.06050155053824582,0.13558113081939735,0.05659315884447505,0.13062572178244192,0.0,0.05110150540252721,1.0000000000000622,0.8456944824403736,0.016215776770963503,0.0040087455209635026
ae_8_Mutant_Add_h_P9_Q7_[].qasm,PureState_100,0.053796118323278665,0.1534118062107837,0.049865964961959636,0.14143454598051164,0.0,0.05083879651199614,1.0000000000000675,0.8773580243147245,0.018878925053086727,0.011554706303086727
ae_8_Mutant_Add_h_P9_Q7_[].qasm,Quratest_100,0.058990961186915915,0.15575329720695683,0.054764079038063976,0.14367575662834747,0.0,0.05184962138480727,1.0000000000000622,0.8729928517597544,0.014213831188519245,0.017143518688519245
ae_8_Mutant_Add_h_P9_Q7_[].qasm,PureState_101,0.04723161160045426,0.15428180463256763,0.04514929882940383,0.14077028918230033,0.0,0.04286945575015756,1.0000000000000742,0.8787597691726294,0.0005643375757068345,0.013107537424293166
ae_8_Mutant_Add_h_P9_Q7_[].qasm,Quratest_101,0.0639817003074034,0.1551047635400539,0.05941472452904977,0.14615120867116807,0.0,0.05739312816337651,1.0000000000000617,0.8753066098168389,0.00021177344363988715,0.006624164056360113
ae_8_Mutant_Add_h_P9_Q7_[].qasm,PureState_102,0.06700221208809229,0.15598326062078338,0.06167249103181331,0.14547348037947452,0.0,0.06722910973778712,1.0000000000000653,0.8800312618187373,0.012145951392603153,0.005798295142603153
ae_8_Mutant_Add_h_P9_Q7_[].qasm,Quratest_102,0.05950587077828787,0.1494979394714968,0.0567880168681423,0.1408617050300505,0.0,0.05349616974211824,1.0000000000000657,0.8405507869614571,0.00926284273348766,0.01561049898348766
ae_8_Mutant_Add_h_P9_Q7_[].qasm,PureState_103,0.05516029340011046,0.1503328004167248,0.05182773539589243,0.13765021074999045,0.0,0.04820498474086196,1.000000000000067,0.8775446101704055,0.012521270844004312,0.018868927094004312
ae_8_Mutant_Add_h_P9_Q7_[].qasm,Quratest_103,0.06553363431175689,0.21315506149469882,0.0582211793666151,0.1911445129246436,0.0,0.06010975203940505,1.0000000000000622,0.8686971475535284,0.012153277260250311,0.01763187898974969
ae_8_Mutant_Add_h_P9_Q7_[].qasm,PureState_104,0.057646781161906795,0.22301328446178664,0.052539434321489845,0.19939632961392614,0.0,0.07353973726610522,1.0000000000000662,0.8789074484410936,0.012470152312217986,0.010028746062217986
ae_8_Mutant_Add_h_P9_Q7_[].qasm,Quratest_104,0.05919659813636445,0.09305822175746298,0.058173498430454856,0.09198385021982908,0.0,0.03240832967808004,1.0000000000000595,0.8498238082092786,0.013021558141036827,0.010091870641036827
ae_8_Mutant_Add_h_P9_Q7_[].qasm,PureState_105,0.05278078855445152,0.14949657375040543,0.04890498025077531,0.1380233623380873,0.0,0.050797831052885656,1.0000000000000688,0.8777430486550015,0.025226581303086727,0.017902362553086727
ae_8_Mutant_Add_h_P9_Q7_[].qasm,Quratest_105,0.05867106606556276,0.10895371059058209,0.05516955345502581,0.1035479813442179,0.0,0.03343699827985695,1.0000000000000688,0.8871166207514686,0.0014121355621005633,0.011771458187899438
ae_8_Mutant_Add_h_P9_Q7_[].qasm,PureState_106,0.05780928715129947,0.18400112872648894,0.05227878142647174,0.17026494556820448,0.0,0.07857026264915265,1.0000000000000786,0.8785249378335667,0.021650955776815306,0.007645919223184694
ae_8_Mutant_Add_h_P9_Q7_[].qasm,Quratest_106,0.05914789879725493,0.10757905735754511,0.05709670957384342,0.10488573837208466,0.0,0.03766584869203686,1.0000000000000666,0.8735655416150494,0.013380502768037525,0.001267934731962475
ae_8_Mutant_Add_h_P9_Q7_[].qasm,PureState_107,0.05164580610191062,0.14037154468431404,0.04940868317541306,0.13119216890643462,0.0,0.04206076668794621,1.000000000000076,0.8795879982842802,0.004420933872435202,0.0317118786275648
ae_8_Mutant_Add_h_P9_Q7_[].qasm,Quratest_107,0.05803728659432739,0.0992382164994755,0.05630948621011775,0.09743842882225416,0.0,0.034365098520131254,1.0000000000000608,0.8758448153324072,0.012175874898641605,0.004913968851358395
ae_8_Mutant_Add_h_P9_Q7_[].qasm,PureState_108,0.05554334521175978,0.22368803666619536,0.051365093423095025,0.20077028699703509,0.0,0.06588318296705371,1.0000000000000586,0.8789208180609474,0.0033955592211625963,0.015114309221162596
ae_8_Mutant_Add_h_P9_Q7_[].qasm,Quratest_108,0.058737667939559035,0.11403776207037834,0.056465656443321396,0.11086062019957403,0.0,0.03983191386789195,1.0000000000000697,0.8701822905712692,0.02717009975096645,0.0016384939990335516
ae_8_Mutant_Add_h_P9_Q7_[].qasm,PureState_109,0.057804446624338326,0.1337870745152387,0.05528013082182103,0.12553744493333627,0.0,0.04453857838124056,1.0000000000000595,0.8776369810254993,0.02801033268870206,0.00017830143870205956
ae_8_Mutant_Add_h_P9_Q7_[].qasm,Quratest_109,0.06246938855104359,0.15192535474355673,0.0588244391668312,0.14363007992290086,0.0,0.037694849447633745,1.0000000000000604,0.8704981363006999,0.004266057266789452,0.002312932266789452
ae_8_Mutant_Add_h_P9_Q7_[].qasm,PureState_110,0.054146383888728646,0.15773870948548613,0.050725640418539684,0.15099751320032467,0.0,0.0767017087342857,1.0000000000000662,0.8801459358752687,0.017173456300205767,0.005454706300205767
ae_8_Mutant_Add_h_P9_Q7_[].qasm,Quratest_110,0.06380901227056025,0.13506030328606705,0.05915587766232941,0.12744099104987996,0.0,0.03471071437182863,1.0000000000000662,0.8877802808913774,0.003370026006340121,0.05854580725634012
ae_8_Mutant_Add_h_P9_Q7_[].qasm,PureState_111,0.06825719324991514,0.21958126229416797,0.06177190860797225,0.19717140666077426,0.0,0.06577627832652141,1.0000000000000617,0.8787375364421723,0.006270807248935138,0.005782525998935138
ae_8_Mutant_Add_h_P9_Q7_[].qasm,Quratest_111,0.061492498411940995,0.1051355649474133,0.05901989955745528,0.10216826349293365,0.0,0.04491460847253449,1.000000000000056,0.8646407071881425,0.005370669372781876,0.008300356872781876
ae_8_Mutant_Add_h_P9_Q7_[].qasm,PureState_112,0.0632421028638857,0.14538850194630198,0.05832461639696504,0.13499677554325537,0.0,0.05024514276798636,1.0000000000000782,0.879255874729107,0.006596303928149371,0.006108022678149371
ae_8_Mutant_Add_h_P9_Q7_[].qasm,Quratest_112,0.06268486843870287,0.1567657220218136,0.058466593066631635,0.14748808581786288,0.0,0.06859539125858657,1.0000000000000733,0.838732115006762,0.011176073831240758,0.02338310508124076
ae_8_Mutant_Add_h_P9_Q7_[].qasm,PureState_113,0.06360282166264088,0.2254945795446788,0.05736057353332753,0.20383585135339408,0.0,0.07354721255752725,1.0000000000000653,0.8787274007567077,0.0079543703516049,0.0140182858983951
ae_8_Mutant_Add_h_P9_Q7_[].qasm,Quratest_113,0.062318014423400056,0.16902732110205948,0.05716775281277587,0.16074343333728605,0.0,0.047755577370561936,1.0000000000000653,0.8775919197086349,0.010596849268694739,0.01987419301869474
ae_8_Mutant_Add_h_P9_Q7_[].qasm,PureState_114,0.06260862103156513,0.15018111218732783,0.05775279299806633,0.1408097765621571,0.0,0.05702054077062398,1.0000000000000724,0.8774271662146033,0.03306766550972765,0.011583290509727652
ae_8_Mutant_Add_h_P9_Q7_[].qasm,Quratest_114,0.05892799182212272,0.09913962963223068,0.05654237863127127,0.0965189201470797,0.0,0.03965474763796537,1.0000000000000613,0.8772933042448076,0.019241849671651035,0.005660494078348965
ae_8_Mutant_Add_h_P9_Q7_[].qasm,PureState_115,0.04893527818946079,0.15295254426911242,0.04697621792314248,0.1418645948844676,0.0,0.05370522172140696,1.0000000000000777,0.878300789179921,0.010457100193429991,0.02022272519342999
ae_8_Mutant_Add_h_P9_Q7_[].qasm,Quratest_115,0.06345516815936467,0.14708809856268665,0.061437384003092774,0.14066187922479917,0.0,0.045952690018275615,1.0000000000000622,0.8718287080210645,0.012335365403767402,0.016729896653767402
ae_8_Mutant_Add_h_P9_Q7_[].qasm,PureState_116,0.0547957299031935,0.19346782975467464,0.05030000364083156,0.1760833754028319,0.0,0.07872644599283637,1.0000000000000737,0.878969421060894,0.01985987272642932,0.01480809602357068
ae_8_Mutant_Add_h_P9_Q7_[].qasm,Quratest_116,0.054747978331850224,0.10834655161146273,0.05300070136689491,0.1038753796221035,0.0,0.03303949188346544,1.0000000000000666,0.8800774182811578,0.009518804586369462,0.005124273336369462
ae_8_Mutant_Add_h_P9_Q7_[].qasm,PureState_117,0.05658317667650179,0.2167195391965065,0.05189139719690668,0.19811067374646837,0.0,0.04994465753497454,1.0000000000000564,0.8784450426387125,0.003927595620416585,0.0014861893704165852
ae_8_Mutant_Add_h_P9_Q7_[].qasm,Quratest_117,0.058716841443171824,0.09777007764650897,0.057190351578938765,0.09533597814629576,0.0,0.02768320086595599,1.0000000000000568,0.889413132568945,0.023514247722299163,0.04304549772229917
ae_8_Mutant_Add_h_P9_Q7_[].qasm,PureState_118,0.06260021551221237,0.13381116100263557,0.05774699829087349,0.12489489146406949,0.0,0.042798857596081034,1.0000000000000684,0.8769738546667052,0.006737328549818469,0.0020517339501815307
ae_8_Mutant_Add_h_P9_Q7_[].qasm,Quratest_118,0.06405398440431163,0.11196018351225703,0.058811658590289216,0.10474591693199885,0.0,0.03700028090258242,1.0000000000000644,0.8859108109485095,0.005727658157974047,0.05748547065797405
ae_8_Mutant_Add_h_P9_Q7_[].qasm,PureState_119,0.05675554141972484,0.14778089899901384,0.05211182325972381,0.1372563552172463,0.0,0.048149770730512555,1.0000000000000617,0.8777116959796839,0.019830518024396865,0.027532763225603135
ae_8_Mutant_Add_h_P9_Q7_[].qasm,Quratest_119,0.059867420829188694,0.12207763530726053,0.05748326977379413,0.1192610037023012,0.0,0.054247544128021574,1.0000000000000635,0.845087090065986,0.023571501368942226,0.015002717381057774
ae_8_Mutant_Add_h_P9_Q7_[].qasm,PureState_120,0.05605951004952719,0.22148042810745727,0.050355928156456016,0.1985967472513535,0.0,0.06591695129580796,1.0000000000000657,0.8787588467775709,0.01906537827883735,0.01857709702883735
ae_8_Mutant_Add_h_P9_Q7_[].qasm,Quratest_120,0.06426908680927554,0.14034760782661598,0.060804464119144926,0.13458368114098324,0.0,0.0482388269395347,1.0000000000000617,0.8764334053686894,0.029043709797269487,0.03636792854726949
ae_8_Mutant_Add_h_P9_Q7_[].qasm,PureState_121,0.06261074468330781,0.1496299481374377,0.057388663926927055,0.1381950770359749,0.0,0.05722611590146126,1.0000000000000657,0.8807727922059856,0.0017572514291197827,0.03974665482088022
ae_8_Mutant_Add_h_P9_Q7_[].qasm,Quratest_121,0.06119819782649521,0.1091760915809263,0.05923208705836106,0.10451365557116533,0.0,0.03803981850597111,1.00000000000006,0.876470595833939,0.012502898424959441,0.04961227342495944
ae_8_Mutant_Add_h_P9_Q7_[].qasm,PureState_122,0.05906608124190253,0.15178570926627835,0.05515120205242054,0.14181048511348532,0.0,0.05351703499828198,1.000000000000071,0.8784854029843376,0.008528945409952207,0.031021835840047793
ae_8_Mutant_Add_h_P9_Q7_[].qasm,Quratest_122,0.06093522498713562,0.09519176892001546,0.05952509540916359,0.09160520532141427,0.0,0.03476660040063491,1.0000000000000675,0.8801343526929125,0.013841751628715634,0.0032480921212843655
ae_8_Mutant_Add_h_P9_Q7_[].qasm,PureState_123,0.05443712507046515,0.139732435170273,0.05226483452640111,0.13005933276527382,0.0,0.04207478046144703,1.0000000000000697,0.8793641605895542,0.03762405887243515,0.014133753627564853
ae_8_Mutant_Add_h_P9_Q7_[].qasm,Quratest_123,0.06017144974407424,0.11337995394868293,0.05658205801710973,0.10675558326062388,0.0,0.03744384722569956,1.000000000000059,0.8800412168162018,0.011959968655486049,0.005618156344513951
ae_8_Mutant_Add_h_P9_Q7_[].qasm,PureState_124,0.05722239661995893,0.13494016811973147,0.05366617438575796,0.12618122215605676,0.0,0.04275533319104978,1.0000000000000635,0.8773591909367244,0.036522484799818455,0.007225609799818459
ae_8_Mutant_Add_h_P9_Q7_[].qasm,Quratest_124,0.05954882341074422,0.13765167899423195,0.057315579464144215,0.13296542162633418,0.0,0.03980863353105196,1.0000000000000582,0.8822559218098057,0.0011759973071408148,0.006547091057140814
ae_8_Mutant_Add_h_P9_Q7_[].qasm,PureState_125,0.05607824859779706,0.1310299464742736,0.052435017055352695,0.12018960166183101,0.0,0.04250756040307429,1.0000000000000648,0.8775441488273076,0.04597620582376918,0.001054330823769177
ae_8_Mutant_Add_h_P9_Q7_[].qasm,Quratest_125,0.062046227295882626,0.1340027418529564,0.05899735223749538,0.12699095235476013,0.0,0.04321997694231358,1.000000000000063,0.8682048315912833,0.023969745858044206,0.032182597891955794
ae_8_Mutant_Add_h_P9_Q7_[].qasm,PureState_126,0.05934629678885997,0.14714038982144004,0.05412369045374281,0.13653648421539627,0.0,0.04823175623136995,1.000000000000068,0.8773262871207493,0.0031187007256030796,0.0006772944756030796
ae_8_Mutant_Add_h_P9_Q7_[].qasm,Quratest_126,0.05501079016588857,0.13164316262413747,0.05289116725902998,0.12341090069216354,0.0,0.038102861175774855,1.0000000000000644,0.8454675370828378,0.021920814035292526,0.006887779714707472
ae_8_Mutant_Add_h_P9_Q7_[].qasm,PureState_127,0.05799316666215405,0.14904666141495607,0.05387163654201226,0.14017478288818333,0.0,0.05343332827199314,1.0000000000000684,0.8787107378789281,0.014420273340047814,0.016861679590047814
ae_8_Mutant_Add_h_P9_Q7_[].qasm,Quratest_127,0.05678985210692512,0.10681730401606149,0.056063209326975054,0.10404870467283008,0.0,0.040883547345353044,1.0000000000000595,0.8779148211477664,0.003535385244860424,0.0015822602448604239
