,Name,Input,Ideal_chisquare,Noisy_chisquare,Ideal_hellinger,Noisy_hellinger,Ideal_jensenshannon,Noisy_jensenshannon,Ideal_trace,Noisy_trace,Ideal_fidelity,Noisy_fidelity,Killed_IC,Killed_NC,Killed_IH,Killed_NH,Killed_IJ,Killed_NJ,Killed_IT,Killed_NT,Killed_IF,Killed_NF
0,wstate_5_Mutant_Add_cp_P11_Q1_[1.5707963267948966].qasm,PureState_0,2.1641241652581054e-35,0.0,0.14967908150464776,0.2525198789225966,0.14912781001805034,0.22205568213231427,0.16666666666666666,0.16218510576904238,0.82380150693035,0.8302417654662676,True,True,True,True,False,False,True,True,True,True
1,wstate_5_Mutant_Add_cp_P11_Q1_[1.5707963267948966].qasm,Quratest_0,0.0,0.0,0.21525000685600254,0.2187775103605403,0.20875454979979108,0.20888900454634748,0.14783438860200668,0.1464253912951573,0.5626360537403973,0.5912972180284095,True,True,True,True,False,False,True,True,True,True
2,wstate_5_Mutant_Add_cp_P11_Q1_[1.5707963267948966].qasm,PureState_1,1.200045061780925e-05,0.0,0.11349051346136176,0.24885445079520715,0.11292148683249623,0.21411042995502388,0.06666666666666675,0.07983801404125712,0.6483880072346361,0.66471165241424,True,True,True,True,False,False,True,True,True,True
3,wstate_5_Mutant_Add_cp_P11_Q1_[1.5707963267948966].qasm,Quratest_1,0.0,0.0,0.14658627485899478,0.22672087095873797,0.14063989271725913,0.20233528031272194,0.07246746262119608,0.07737919414751337,0.8586212472842559,0.864672044676927,True,True,True,True,False,False,True,True,True,True
4,wstate_5_Mutant_Add_cp_P11_Q1_[1.5707963267948966].qasm,PureState_2,5.66748960466398e-148,0.0,0.18876935296093428,0.26698086637082397,0.18783520156535968,0.2400155537167379,0.18333333333333335,0.18196075139725315,0.5317213405679683,0.556599292372009,True,True,True,True,False,False,True,True,True,True
5,wstate_5_Mutant_Add_cp_P11_Q1_[1.5707963267948966].qasm,Quratest_2,0.0,0.0,0.21799805868782282,0.27944416504276715,0.21270583097030954,0.26769979219266715,0.20013818413740037,0.1960195568314134,0.5101808040044004,0.5359688808918862,True,True,True,True,False,False,True,True,True,True
6,wstate_5_Mutant_Add_cp_P11_Q1_[1.5707963267948966].qasm,PureState_3,0.0,0.0,0.16067600838828885,0.275396118685344,0.16009598172595604,0.24462297550710885,0.2083333333333333,0.20455419868315086,0.5892907248352063,0.6090184791132506,True,True,True,True,False,False,True,True,True,True
7,wstate_5_Mutant_Add_cp_P11_Q1_[1.5707963267948966].qasm,Quratest_3,0.0,0.0,0.1548328483512248,0.20721697396353372,0.14725794490322358,0.18920311634365383,0.0736080290132099,0.07931023249117308,0.7220485834856403,0.7359909489363445,True,True,True,True,False,False,True,True,True,True
8,wstate_5_Mutant_Add_cp_P11_Q1_[1.5707963267948966].qasm,PureState_4,0.0,0.0,0.0895501817762786,0.25166388889158386,0.0884976790408982,0.21793370997620637,0.025,0.04295448371979881,0.9711396103067942,0.9666121760125147,True,True,True,True,False,False,True,True,True,True
9,wstate_5_Mutant_Add_cp_P11_Q1_[1.5707963267948966].qasm,Quratest_4,0.0,0.0,0.21180506727654017,0.2107573583981295,0.20235801730082673,0.20087769146423348,0.12684715196463364,0.13254641790360935,0.658699985439406,0.673933856961691,True,True,True,True,False,False,True,True,True,True
10,wstate_5_Mutant_Add_cp_P11_Q1_[1.5707963267948966].qasm,PureState_5,0.0,0.0,0.10171597934733237,0.261236196053041,0.1012120797263916,0.2237863053979847,0.0833333333333333,0.09137590516556655,0.592865159736327,0.6142999142853905,True,True,True,True,False,False,True,True,True,True
11,wstate_5_Mutant_Add_cp_P11_Q1_[1.5707963267948966].qasm,Quratest_5,0.0,0.0,0.17663894381341244,0.17762759008038065,0.167998956044583,0.17011504626851984,0.0851604906543136,0.09241858012441087,0.8499837309020638,0.8517606665451293,True,True,True,True,False,False,True,True,True,True
12,wstate_5_Mutant_Add_cp_P11_Q1_[1.5707963267948966].qasm,PureState_6,5.9982369993190304e-12,0.0,0.0867413568778253,0.2511863489480841,0.08645365165857553,0.21375526946562745,0.0416666666666667,0.05741559749781319,0.952375941831471,0.9486189711659256,True,True,True,True,False,False,True,True,True,True
13,wstate_5_Mutant_Add_cp_P11_Q1_[1.5707963267948966].qasm,Quratest_6,0.0,0.0,0.31701672534018904,0.3010198620109633,0.2849274010758009,0.27624591703100687,0.18565914342039616,0.1872124552212057,0.7704571331059342,0.7802046734302249,True,True,True,True,False,False,True,True,True,True
14,wstate_5_Mutant_Add_cp_P11_Q1_[1.5707963267948966].qasm,PureState_7,0.0,0.0,0.08284038634518189,0.2529257903347011,0.08270627688271999,0.2197829079473438,0.0833333333333333,0.08996954152427863,0.9071348402636824,0.9065555299416056,True,True,True,True,False,False,True,True,True,True
15,wstate_5_Mutant_Add_cp_P11_Q1_[1.5707963267948966].qasm,Quratest_7,0.0,0.0,0.10066430608009996,0.17974004207389746,0.0950319031395923,0.16106671997754873,0.037460208729005615,0.05153008783643846,0.7032455702841894,0.7162175803116306,True,True,True,True,False,False,True,True,True,True
16,wstate_5_Mutant_Add_cp_P11_Q1_[1.5707963267948966].qasm,PureState_8,,0.0,0.0,0.2305892712780783,0.0,0.19310367656483693,0.0,0.022033101254868234,1.0000000000000067,0.9934306423311317,False,True,False,True,True,False,False,True,False,True
17,wstate_5_Mutant_Add_cp_P11_Q1_[1.5707963267948966].qasm,Quratest_8,0.0,0.0,0.24033862892321484,0.2417802504157508,0.23189398177260676,0.2294149607335323,0.18272970350504214,0.1825580384127451,0.7118015438266371,0.7224617565097495,True,True,True,True,False,False,True,True,True,True
18,wstate_5_Mutant_Add_cp_P11_Q1_[1.5707963267948966].qasm,PureState_9,0.0,0.0,0.10711449230004874,0.2541142087742272,0.10684433813099865,0.22151213756343485,0.12500000000000003,0.12857333435044788,0.8642766952966425,0.8657677309531973,True,True,True,True,False,False,True,True,True,True
19,wstate_5_Mutant_Add_cp_P11_Q1_[1.5707963267948966].qasm,Quratest_9,0.0,0.0,0.09349671595453093,0.18187053318776983,0.09080581750319569,0.16531948386859935,0.06826331398135115,0.07369695231805483,0.5160281233235766,0.5473041966200971,True,True,True,True,False,False,True,True,True,True
20,wstate_5_Mutant_Add_cp_P11_Q1_[1.5707963267948966].qasm,PureState_10,3.7249014146075055e-43,0.0,0.1658854193552073,0.2958646073053365,0.16529124846486196,0.26638675510243803,0.225,0.2201706776572937,0.6438603896932155,0.6604779834339967,True,True,True,True,False,False,True,True,True,True
21,wstate_5_Mutant_Add_cp_P11_Q1_[1.5707963267948966].qasm,Quratest_10,0.0,0.0,0.10425476051790056,0.1135443375924647,0.09784456295563398,0.10479867007510106,0.007400133884513055,0.020196204081128773,0.9465865273276851,0.9442013876631818,True,True,True,True,False,False,True,True,True,True
22,wstate_5_Mutant_Add_cp_P11_Q1_[1.5707963267948966].qasm,PureState_11,4.3522372331944504e-58,0.0,0.16772732874124288,0.2759762485692418,0.16721590420032084,0.24500784109789825,0.2500000000000001,0.2428618012358811,0.7500000000000061,0.7598080330664801,True,True,True,True,False,False,True,True,True,True
23,wstate_5_Mutant_Add_cp_P11_Q1_[1.5707963267948966].qasm,Quratest_11,0.0,0.0,0.15878496385082705,0.16822064918146162,0.15764693474744707,0.1638230496314616,0.123921745866933,0.12534923573842718,0.8653557473341452,0.8675093081986549,True,True,True,True,False,False,True,True,True,True
24,wstate_5_Mutant_Add_cp_P11_Q1_[1.5707963267948966].qasm,PureState_12,1.0650677118964166e-21,0.0,0.1455190641841475,0.2609368921910754,0.14468192193841012,0.22793493223576258,0.09999999999999998,0.10582565295018667,0.8897056274847771,0.8909759131855555,True,True,True,True,False,False,True,True,True,True
25,wstate_5_Mutant_Add_cp_P11_Q1_[1.5707963267948966].qasm,Quratest_12,0.0,0.0,0.09907905593246447,0.09988895062875394,0.09326836219345835,0.09772829086275597,0.019955655191249637,0.02844051955770246,0.8518468673361939,0.8553695615899917,True,True,True,True,False,False,True,True,True,True
26,wstate_5_Mutant_Add_cp_P11_Q1_[1.5707963267948966].qasm,PureState_13,4.563608772403123e-15,0.0,0.10978498769455204,0.2304111278422746,0.10917610828567359,0.20237704589584163,0.06666666666666675,0.07827486154848161,0.9249453260987078,0.9232372338705063,True,True,True,True,False,False,True,True,True,True
27,wstate_5_Mutant_Add_cp_P11_Q1_[1.5707963267948966].qasm,Quratest_13,0.0,0.0,0.14045598878534873,0.16542311468674412,0.13855310285043743,0.1562138134666244,0.11116303884177044,0.118503622455626,0.7992836596560052,0.8064668259906216,True,True,True,True,False,False,True,True,True,True
28,wstate_5_Mutant_Add_cp_P11_Q1_[1.5707963267948966].qasm,PureState_14,4.348935760702863e-297,0.0,0.13529513141515617,0.24599721022690146,0.13484043858319705,0.22091960097069194,0.15000000000000013,0.15135472192161212,0.8397056274847767,0.8428549901570025,True,True,True,True,False,False,True,True,True,True
29,wstate_5_Mutant_Add_cp_P11_Q1_[1.5707963267948966].qasm,Quratest_14,0.0,0.0,0.23443572578021174,0.26926367276552965,0.23126857740354972,0.25559405334202384,0.22694259732414895,0.22686023567966002,0.5769119955185308,0.5966721699564035,True,True,True,True,False,False,True,True,True,True
30,wstate_5_Mutant_Add_cp_P11_Q1_[1.5707963267948966].qasm,PureState_15,0.0,0.0,0.08309478227806733,0.22284467095140278,0.08241703026759434,0.1915423429515279,0.025,0.04488117020205258,0.8438603896932176,0.8460408621660795,True,True,True,True,False,False,True,True,True,True
31,wstate_5_Mutant_Add_cp_P11_Q1_[1.5707963267948966].qasm,Quratest_15,0.0,0.0,0.08886932274694663,0.18492595577757387,0.08860189109120015,0.1673857897496261,0.07721561216699177,0.07982656835523524,0.5204749086897541,0.5447437186510646,True,True,True,True,False,False,True,True,True,True
32,wstate_5_Mutant_Add_p_P12_Q0_[0.7853981633974483].qasm,PureState_0,0.0,0.0,0.1406244402833415,0.23228037466594048,0.11991796843097559,0.19886000919323074,0.07322330470336315,0.07162031746192732,0.9267766952966427,0.9292214354672447,True,True,True,True,False,False,True,True,True,True
33,wstate_5_Mutant_Add_p_P12_Q0_[0.7853981633974483].qasm,Quratest_0,0.0,0.0,0.16933726966815887,0.1606702672997551,0.1628059005171142,0.1511811726275934,0.1281309793741214,0.1229181910590182,0.8554139387993893,0.8645277449045286,True,True,True,True,False,False,True,True,True,True
34,wstate_5_Mutant_Add_p_P12_Q0_[0.7853981633974483].qasm,PureState_1,0.0,0.0,0.17949776891316155,0.2592810606234689,0.15335376063587897,0.2229428943210513,0.07322330470336319,0.07177164048321892,0.9267766952966435,0.9289382602712533,True,True,True,True,False,False,True,True,True,True
35,wstate_5_Mutant_Add_p_P12_Q0_[0.7853981633974483].qasm,Quratest_1,0.0,0.0,0.14609139922969264,0.22015443101627677,0.1382893984569016,0.19569610261442244,0.05311356876336959,0.051179445657462574,0.9452253676034836,0.948566656597692,True,True,True,True,False,False,True,True,True,True
36,wstate_5_Mutant_Add_p_P12_Q0_[0.7853981633974483].qasm,PureState_2,0.0,0.0,0.13826235307605741,0.2370062294441715,0.1256940005355262,0.20336721932606178,0.07322330470336316,0.0716951318511888,0.9267766952966414,0.9292361647482809,True,True,True,True,False,False,True,True,True,True
37,wstate_5_Mutant_Add_p_P12_Q0_[0.7853981633974483].qasm,Quratest_2,0.0,0.0,0.1194279191154138,0.21274832756088474,0.11468550181736305,0.1987484062081016,0.14433367118881069,0.13854772173526086,0.8866961933826251,0.8924234036668913,True,True,True,True,False,False,True,True,True,True
38,wstate_5_Mutant_Add_p_P12_Q0_[0.7853981633974483].qasm,PureState_3,0.0,0.0,0.08718595772030165,0.23677268760559514,0.07811324525322587,0.20032628667782815,0.07322330470336309,0.07170397452803481,0.9267766952966427,0.9292578834093438,True,True,True,True,False,False,True,True,True,True
39,wstate_5_Mutant_Add_p_P12_Q0_[0.7853981633974483].qasm,Quratest_3,0.0,0.0,0.15219301139758454,0.19564674235274238,0.14510100408696974,0.18043790228583106,0.11626444997350592,0.11306207656689453,0.952278737149272,0.9544190671273586,True,True,True,True,False,False,True,True,True,True
40,wstate_5_Mutant_Add_p_P12_Q0_[0.7853981633974483].qasm,PureState_4,0.0,0.0,0.18773542715107172,0.27144882898499645,0.15781227510711185,0.23567152371662944,0.0732233047033631,0.0714957704482611,0.9267766952966431,0.9292851019053855,True,True,True,True,False,False,True,True,True,True
41,wstate_5_Mutant_Add_p_P12_Q0_[0.7853981633974483].qasm,Quratest_4,0.0,0.0,0.1462005253780522,0.1417211459302015,0.13994580501845272,0.13954656490070255,0.10158872605843056,0.0990150728585209,0.8590575868709673,0.8641197209027685,True,True,True,True,False,False,True,True,True,True
42,wstate_5_Mutant_Add_p_P12_Q0_[0.7853981633974483].qasm,PureState_5,0.0,0.0,0.1459915759226507,0.27175504247494314,0.12316567591795287,0.2313517784498677,0.07322330470336308,0.07165965271069967,0.9267766952966423,0.9292887608608618,True,True,True,True,False,False,True,True,True,True
43,wstate_5_Mutant_Add_p_P12_Q0_[0.7853981633974483].qasm,Quratest_5,0.0,0.0,0.1816094512524285,0.18103770425996288,0.17844592750702667,0.17664078833654281,0.17341548716760224,0.16923111299425975,0.8571291598798736,0.8616632029928809,True,True,True,True,False,False,True,True,True,True
44,wstate_5_Mutant_Add_p_P12_Q0_[0.7853981633974483].qasm,PureState_6,0.0,0.0,0.1636535821285649,0.2590983749438703,0.1378055005681637,0.22218857117336435,0.07322330470336308,0.07143473896232348,0.9267766952966425,0.9293045993174659,True,True,True,True,False,False,True,True,True,True
45,wstate_5_Mutant_Add_p_P12_Q0_[0.7853981633974483].qasm,Quratest_6,0.0,0.0,0.15286374149814022,0.1887527374795657,0.1392802113566249,0.16653021772898635,0.08321352551600261,0.08146699648380665,0.9054332379991037,0.9088572258847321,True,True,True,True,False,False,True,True,True,True
46,wstate_5_Mutant_Add_p_P12_Q0_[0.7853981633974483].qasm,PureState_7,0.0,0.0,0.15827876194206192,0.25153497347674475,0.1325162653738903,0.21689234508847233,0.0732233047033631,0.07137568405057185,0.9267766952966427,0.9295403072620122,True,True,True,True,False,False,True,True,True,True
47,wstate_5_Mutant_Add_p_P12_Q0_[0.7853981633974483].qasm,Quratest_7,0.0,0.0,0.12307979811274783,0.19205163737916028,0.11534811522320376,0.172769925751482,0.07097734151998016,0.06945094273989999,0.9682260736813975,0.9691188150840084,True,True,True,True,False,False,True,True,True,True
48,wstate_5_Mutant_Add_p_P12_Q0_[0.7853981633974483].qasm,PureState_8,0.0,0.0,0.18920084887799915,0.2655036404391784,0.15814264400349612,0.22965955424455042,0.07322330470336318,0.07152269762999332,0.9267766952966433,0.9293615850582462,True,True,True,True,False,False,True,True,True,True
49,wstate_5_Mutant_Add_p_P12_Q0_[0.7853981633974483].qasm,Quratest_8,0.0,0.0,0.16069091582679754,0.19965059807720714,0.15814484865525075,0.18592666749707193,0.1598599574535181,0.156369364993464,0.8584623737484695,0.8640384202425021,True,True,True,True,False,False,True,True,True,True
50,wstate_5_Mutant_Add_p_P12_Q0_[0.7853981633974483].qasm,PureState_9,0.0,0.0,0.14448328492162135,0.2405218997704811,0.12198999213835016,0.2063224056677119,0.07322330470336308,0.07150108145636101,0.9267766952966427,0.9292919809007001,True,True,True,True,False,False,True,True,True,True
51,wstate_5_Mutant_Add_p_P12_Q0_[0.7853981633974483].qasm,Quratest_9,0.0,0.0,0.08589150106596612,0.17705058015739736,0.08365530835965328,0.15686481617503245,0.04615565925709565,0.045245690406679424,0.9709061904527938,0.9719561517274498,True,True,True,True,False,False,True,True,True,True
52,wstate_5_Mutant_Add_p_P12_Q0_[0.7853981633974483].qasm,PureState_10,0.0,0.0,0.08457492862010596,0.2527134147918026,0.07617775559294405,0.21487543744291096,0.07322330470336308,0.07171008429637915,0.9267766952966416,0.9292451527594386,True,True,True,True,False,False,True,True,True,True
53,wstate_5_Mutant_Add_p_P12_Q0_[0.7853981633974483].qasm,Quratest_10,0.0,0.0,0.16037945500597778,0.17737187081309205,0.14071496327811117,0.15441551916611354,0.05254003409449064,0.05132682244040758,0.9296595952808099,0.9321604676290417,True,True,True,True,False,False,True,True,True,True
54,wstate_5_Mutant_Add_p_P12_Q0_[0.7853981633974483].qasm,PureState_11,0.005945798159315832,0.0,0.013824111795104115,0.2317051319740379,0.013823889990923249,0.19404906989788312,0.07322330470336325,0.07188959361347666,0.9267766952966431,0.9286117040264799,True,True,True,True,False,False,True,True,True,True
55,wstate_5_Mutant_Add_p_P12_Q0_[0.7853981633974483].qasm,Quratest_11,0.0,0.0,0.15788157493217422,0.11951939290390493,0.14247195997024972,0.1123285275437121,0.07322330470336633,0.07141848203834991,0.926776695296635,0.9292413981068539,True,True,True,True,False,False,True,True,True,True
56,wstate_5_Mutant_Add_p_P12_Q0_[0.7853981633974483].qasm,PureState_12,0.0,0.0,0.15692443252936372,0.24470340506129024,0.13372061103777833,0.206681255529746,0.07322330470336312,0.0714820641830648,0.9267766952966419,0.9291884487641626,True,True,True,True,False,False,True,True,True,True
57,wstate_5_Mutant_Add_p_P12_Q0_[0.7853981633974483].qasm,Quratest_12,0.0,0.0,0.1399327463683592,0.1493581861538413,0.12365357323835725,0.13348400905234614,0.04136361426534228,0.04012111631966918,0.9203769614622046,0.9234502057742492,True,True,True,True,False,False,True,True,True,True
58,wstate_5_Mutant_Add_p_P12_Q0_[0.7853981633974483].qasm,PureState_13,0.0,0.0,0.18400520227098627,0.2424358657935721,0.15529549183933214,0.20998889551423425,0.07322330470336322,0.07143434632494963,0.9267766952966435,0.9292603580819772,True,True,True,True,False,False,True,True,True,True
59,wstate_5_Mutant_Add_p_P12_Q0_[0.7853981633974483].qasm,Quratest_13,0.0,0.0,0.13963570200888095,0.1405334624306291,0.1346824587265099,0.13146914154205308,0.09819953373165125,0.0956721971777086,0.8683049274520052,0.8729888281374746,True,True,True,True,False,False,True,True,True,True
60,wstate_5_Mutant_Add_p_P12_Q0_[0.7853981633974483].qasm,PureState_14,0.0,0.0,0.1464988817198739,0.21365376718227957,0.12496580008488158,0.1859256067124568,0.07322330470336312,0.07157511218429691,0.926776695296643,0.9291400257238246,True,True,True,True,False,False,True,True,True,True
61,wstate_5_Mutant_Add_p_P12_Q0_[0.7853981633974483].qasm,Quratest_14,0.0,0.0,0.08552677736751527,0.17095995077971773,0.08435888055657445,0.15159165281968434,0.10339934809615567,0.1010378071655282,0.8539887645057548,0.8590747365332971,True,True,True,True,False,False,True,True,True,True
62,wstate_5_Mutant_Add_p_P12_Q0_[0.7853981633974483].qasm,PureState_15,0.0,0.0,0.17535798157248747,0.24025878391000707,0.14751198151824102,0.20916386933732983,0.07322330470336313,0.07194536387681923,0.9267766952966421,0.9287466087367854,True,True,True,True,False,False,True,True,True,True
63,wstate_5_Mutant_Add_p_P12_Q0_[0.7853981633974483].qasm,Quratest_15,0.0,0.0,0.07718852837408692,0.18358632144391912,0.07674454595446213,0.1652824488051103,0.06940822667352933,0.06780930442501777,0.9754684812771949,0.9763289953571439,True,True,True,True,False,False,True,True,True,True
64,wstate_5_Mutant_Add_h_P0_Q0_[].qasm,PureState_0,1.5044172138987465e-108,0.0,0.5450489444183664,0.537895257818812,0.46769513793732564,0.4705896544489926,0.5,0.48924927049487826,0.5000000000000047,0.516460396403379,True,True,True,True,False,False,True,True,True,True
65,wstate_5_Mutant_Add_h_P0_Q0_[].qasm,Quratest_0,0.0,0.0,0.2888858442737346,0.2673327917019533,0.27911940538873625,0.2588663239922714,0.2501604623731472,0.24061225752722132,0.012704617837495092,0.059705123942422965,True,True,True,True,False,False,True,True,True,True
66,wstate_5_Mutant_Add_h_P0_Q0_[].qasm,PureState_1,0.0,0.0,0.5766553513619064,0.5627409430431916,0.49831662386499304,0.4989502887098575,0.5000000000000002,0.48884398275806473,0.5000000000000043,0.5149646615717547,True,True,True,True,False,False,True,True,True,True
67,wstate_5_Mutant_Add_h_P0_Q0_[].qasm,Quratest_1,0.0,0.0,0.3430708518439728,0.3523946899213625,0.32170001736234416,0.32700089437605595,0.3175433200812773,0.30414969353284194,0.6259754143955811,0.6470065820003328,True,True,True,True,False,False,True,True,True,True
68,wstate_5_Mutant_Add_h_P0_Q0_[].qasm,PureState_2,0.0,0.0,0.5642603184190175,0.5654612210956903,0.48500189108310443,0.491282408450703,0.5000000000000002,0.48927104409684413,0.5000000000000043,0.5149777671287588,True,True,True,True,False,False,True,True,True,True
69,wstate_5_Mutant_Add_h_P0_Q0_[].qasm,Quratest_2,0.0,0.0,0.2535263073643128,0.3345201809895347,0.24694912133582142,0.3174776511296308,0.24696369976939886,0.24124967483092402,0.22631321355688083,0.2596295777826998,True,True,True,True,False,False,True,True,True,True
70,wstate_5_Mutant_Add_h_P0_Q0_[].qasm,PureState_3,9.518952549235825e-202,0.0,0.5415908052218577,0.5620638684058641,0.46540146159035817,0.4859265532039097,0.5,0.4895277340178249,0.5000000000000047,0.5147589064879092,True,True,True,True,False,False,True,True,True,True
71,wstate_5_Mutant_Add_h_P0_Q0_[].qasm,Quratest_3,0.0,0.0,0.31808287138520686,0.33779632538777105,0.30631095684305865,0.31991773116093514,0.31490393876059114,0.3066356585712088,0.6741388343229184,0.6872239933201812,True,True,True,True,False,False,True,True,True,True
72,wstate_5_Mutant_Add_h_P0_Q0_[].qasm,PureState_4,0.0,0.0,0.5423030259123783,0.5485859778010675,0.46438270385686614,0.48543046392655104,0.4999999999999999,0.4897487234546781,0.5000000000000047,0.5144445217313846,True,True,True,True,False,False,True,True,True,True
73,wstate_5_Mutant_Add_h_P0_Q0_[].qasm,Quratest_4,0.0,0.0,0.5704227485166062,0.5505419082470935,0.5459779049886965,0.5288811268878447,0.6936912125857972,0.6772580348326515,0.03758500316249522,0.06093977927924667,True,True,True,True,False,False,True,True,True,True
74,wstate_5_Mutant_Add_h_P0_Q0_[].qasm,PureState_5,2.2897638785224017e-110,0.0,0.5380594798854313,0.550158908939192,0.46182621239338906,0.4769029266426263,0.5,0.4882411367591969,0.5000000000000047,0.5171071172047292,True,True,True,True,False,False,True,True,True,True
75,wstate_5_Mutant_Add_h_P0_Q0_[].qasm,Quratest_5,0.0,0.0,0.5422063934686082,0.5320024830868966,0.5207922687897394,0.5106314376189112,0.6644126888701889,0.6479869596098193,0.02441687998841785,0.047707242280306164,True,True,True,True,False,False,True,True,True,True
76,wstate_5_Mutant_Add_h_P0_Q0_[].qasm,PureState_6,0.0,0.0,0.5327468278482712,0.5247974436928103,0.4583335412378277,0.46506273343750226,0.5,0.4891690998768743,0.5000000000000047,0.5147710269774889,True,True,True,True,False,False,True,True,True,True
77,wstate_5_Mutant_Add_h_P0_Q0_[].qasm,Quratest_6,0.0,0.0,0.5544379786152145,0.5347944802334486,0.49814900282278735,0.4880144396783924,0.5682174947792311,0.5555934335449562,0.3542577572536318,0.37518728516722244,True,True,True,True,False,False,True,True,True,True
78,wstate_5_Mutant_Add_h_P0_Q0_[].qasm,PureState_7,2.2674293925083757e-113,0.0,0.541751999565374,0.5563010411243751,0.4667675170396766,0.4922327170318118,0.5,0.4883399888337295,0.5000000000000041,0.5170341892129893,True,True,True,True,False,False,True,True,True,True
79,wstate_5_Mutant_Add_h_P0_Q0_[].qasm,Quratest_7,0.0,0.0,0.34310592527811934,0.362045327049885,0.32436825185686086,0.3393777741369694,0.32244037233736866,0.314551065596466,0.783034059666338,0.7900610880230015,True,True,True,True,False,False,True,True,True,True
80,wstate_5_Mutant_Add_h_P0_Q0_[].qasm,PureState_8,0.0,0.0,0.5520248108869579,0.5447732835501888,0.47431439560021676,0.4845721428103116,0.5000000000000002,0.4901695708534043,0.5000000000000039,0.5145409661463406,True,True,True,True,False,False,True,True,True,True
81,wstate_5_Mutant_Add_h_P0_Q0_[].qasm,Quratest_8,0.0,0.0,0.36964947374508605,0.35773801392452326,0.357523813163001,0.3451412657634887,0.38001694298294,0.36921036171972027,0.03352063373182052,0.059066009274753854,True,True,True,True,False,False,True,True,True,True
82,wstate_5_Mutant_Add_h_P0_Q0_[].qasm,PureState_9,7.168963462977294e-163,0.0,0.5279288235826145,0.537829919763254,0.45594345889645044,0.47553089312404945,0.5,0.48880330563410485,0.5000000000000041,0.5159943707312037,True,True,True,True,False,False,True,True,True,True
83,wstate_5_Mutant_Add_h_P0_Q0_[].qasm,Quratest_9,0.0,0.0,0.33878307466360985,0.3585240476252519,0.3178763753049511,0.33125224930493136,0.3151705556316942,0.3078129676560168,0.8013350417256231,0.8086757738495828,True,True,True,True,False,False,True,True,True,True
84,wstate_5_Mutant_Add_h_P0_Q0_[].qasm,PureState_10,9.524574535860958e-221,0.0,0.5332840414443982,0.5853753939311633,0.4574141293972042,0.5041547668946541,0.5,0.4897050916190042,0.5000000000000051,0.5144965960657697,True,True,True,True,False,False,True,True,True,True
85,wstate_5_Mutant_Add_h_P0_Q0_[].qasm,Quratest_10,0.0,0.0,0.35324691184120816,0.3236240842704273,0.3366180871568986,0.30948549159560185,0.3820837682360755,0.3726376925342008,0.5196856724498429,0.5351613705869831,True,True,True,True,False,False,True,True,True,True
86,wstate_5_Mutant_Add_h_P0_Q0_[].qasm,PureState_11,1.70656962027573e-214,0.0,0.5335305086016873,0.5571109491521328,0.45756931546770974,0.4789315820521471,0.5000000000000002,0.4902886271153413,0.5000000000000043,0.5140402224067583,True,True,True,True,False,False,True,True,True,True
87,wstate_5_Mutant_Add_h_P0_Q0_[].qasm,Quratest_11,0.0,0.0,0.560482462380408,0.5250998680915651,0.4796014196612024,0.46588774492266144,0.5000000000000221,0.4885551731391722,0.4999999999999602,0.5155919860574032,True,True,True,True,False,False,True,True,True,True
88,wstate_5_Mutant_Add_h_P0_Q0_[].qasm,PureState_12,0.0,0.0,0.5542188582313456,0.5333235717136977,0.4755894107416751,0.46736257899925904,0.5,0.48894112752688423,0.5000000000000041,0.5149535232584641,True,True,True,True,False,False,True,True,True,True
89,wstate_5_Mutant_Add_h_P0_Q0_[].qasm,Quratest_12,0.0,0.0,0.38693192855242214,0.37115954121325434,0.369230799429653,0.3534326006967133,0.4269335876777768,0.4167102952908855,0.4562998838937751,0.47585536825834845,True,True,True,True,False,False,True,True,True,True
90,wstate_5_Mutant_Add_h_P0_Q0_[].qasm,PureState_13,0.0,0.0,0.5348310307494186,0.5326330745630108,0.4599567847425092,0.4689595769478036,0.5000000000000002,0.4889299239941648,0.5000000000000043,0.5148645677038425,True,True,True,True,False,False,True,True,True,True
91,wstate_5_Mutant_Add_h_P0_Q0_[].qasm,Quratest_13,0.0,0.0,0.5362609427128862,0.5041153425653351,0.5135721859025795,0.48467050938395284,0.670548359770636,0.6545320252950984,0.10072979441782187,0.12561485007759174,True,True,True,True,False,False,True,True,True,True
92,wstate_5_Mutant_Add_h_P0_Q0_[].qasm,PureState_14,3.551655533160075e-173,0.0,0.5370778107188634,0.5449168231079776,0.4643173416555972,0.48196253453620125,0.5000000000000001,0.48907683346174347,0.5000000000000047,0.5154269347336581,True,True,True,True,False,False,True,True,True,True
93,wstate_5_Mutant_Add_h_P0_Q0_[].qasm,Quratest_14,0.0,0.0,0.5409864430210818,0.5533590950616545,0.5222813931078265,0.5277005992128846,0.7060549132208629,0.6904605841153417,0.0029729190333597825,0.02660376979344823,True,True,True,True,False,False,True,True,True,True
94,wstate_5_Mutant_Add_h_P0_Q0_[].qasm,PureState_15,0.0,0.0,0.555987030421661,0.5408296194083914,0.4782204611025356,0.4830411554035449,0.4999999999999999,0.48969107618296287,0.5000000000000048,0.5145818606124494,True,True,True,True,False,False,True,True,True,True
95,wstate_5_Mutant_Add_h_P0_Q0_[].qasm,Quratest_15,0.0,0.0,0.2707678785679715,0.33012295802213465,0.2609194219391963,0.3067131135049072,0.27702540477981197,0.27033898716055726,0.832488312141945,0.8386863454231833,True,True,True,True,False,False,True,True,True,True
96,wstate_5_Mutant_Remove_cz_P5_Q4.qasm,PureState_0,0.47231994658621623,0.0,0.011747248339420629,0.21959978269575378,0.011747045382164084,0.18395603537614807,0.0,0.008620000526520205,1.0000000000000053,0.9979934857094818,False,True,True,True,False,False,False,True,False,True
97,wstate_5_Mutant_Remove_cz_P5_Q4.qasm,Quratest_0,0.0,0.0,0.11193898923312344,0.12907162907015587,0.11014234474409439,0.11999559872799385,0.062376953959907167,0.06125089280665966,0.005561980490894763,0.01861356539895084,True,True,True,True,False,False,True,True,True,True
98,wstate_5_Mutant_Remove_cz_P5_Q4.qasm,PureState_1,0.0,0.0,0.7484590886974724,0.7546579746088052,0.6545951089996064,0.6604324172729331,0.8000000000000002,0.7891490212400742,0.20000000000000312,0.22040106244063234,True,True,True,True,False,False,True,True,True,True
99,wstate_5_Mutant_Remove_cz_P5_Q4.qasm,Quratest_1,0.0,0.0,0.5760046189587117,0.5914364513949485,0.5306970229446002,0.5439525816110657,0.6472261942585508,0.6377939816566474,0.46750822628423655,0.48328748496188106,True,True,True,True,False,False,True,True,True,True
100,wstate_5_Mutant_Remove_cz_P5_Q4.qasm,PureState_2,0.0,0.0,0.7398401981230736,0.7404270518330044,0.6468156041878023,0.6474252866501747,0.8000000000000002,0.789440110647287,0.20000000000000287,0.22035790316772996,True,True,True,True,False,False,True,True,True,True
101,wstate_5_Mutant_Remove_cz_P5_Q4.qasm,Quratest_2,0.0,0.0,0.7546215861769177,0.7058478345396667,0.6666038746200407,0.6458697024604666,0.8158531590873077,0.800346410464629,0.11469525449932397,0.14058025602635854,True,True,True,True,False,False,True,True,True,True
102,wstate_5_Mutant_Remove_cz_P5_Q4.qasm,PureState_3,3.070392957604745e-273,0.0,0.021471089085066522,0.23230542853808941,0.021455631026567695,0.19514499207095015,0.0,0.007386149306317682,1.0000000000000058,0.9982859840087489,True,True,True,True,False,False,False,True,False,True
103,wstate_5_Mutant_Remove_cz_P5_Q4.qasm,Quratest_3,0.0,0.0,0.21635981008171704,0.2481648859358112,0.21298044128694932,0.2373616841264972,0.2543368547639012,0.2460980767494053,0.5009797687557045,0.5315419681208522,True,True,True,True,False,False,True,True,True,True
104,wstate_5_Mutant_Remove_cz_P5_Q4.qasm,PureState_4,0.0,0.0,0.7333714736076519,0.7675577061688765,0.6409401506884138,0.6718193421584018,0.7999999999999999,0.7878534321606572,0.20000000000000281,0.22354978482706614,True,True,True,True,False,False,True,True,True,True
105,wstate_5_Mutant_Remove_cz_P5_Q4.qasm,Quratest_4,0.0,0.0,0.19859173914576647,0.18717034903826577,0.18611233184118206,0.1820589289790095,0.08882938879032096,0.08838770738266152,0.7370656649490784,0.740731305278384,True,True,True,True,False,False,True,True,True,True
106,wstate_5_Mutant_Remove_cz_P5_Q4.qasm,PureState_5,0.0,0.0,0.011217050144887332,0.24839247195133063,0.011216727255159556,0.20872766616204005,0.0,0.008618847689199701,1.0000000000000062,0.9979143993309275,True,True,True,True,False,False,False,True,False,True
107,wstate_5_Mutant_Remove_cz_P5_Q4.qasm,Quratest_5,0.0,0.0,0.1317349359834929,0.16593194058220517,0.13000614899610155,0.1578992387244419,0.06649868304314287,0.0679318551581454,0.9480885320173623,0.9486693036051657,True,True,True,True,False,False,True,True,True,True
108,wstate_5_Mutant_Remove_cz_P5_Q4.qasm,PureState_6,0.3125220207787486,0.0,0.015081632459340178,0.2425974373887067,0.015079785196850675,0.20364709597622166,0.0,0.0073939390907928225,1.0000000000000053,0.9982673471675634,False,True,True,True,False,False,False,True,False,True
109,wstate_5_Mutant_Remove_cz_P5_Q4.qasm,Quratest_6,0.0,0.0,0.4186084255853069,0.3804677835060927,0.36718634245398185,0.35669229200560787,0.22618346775010467,0.2247933284366698,0.3558677609854134,0.3737699246634862,True,True,True,True,False,False,True,True,True,True
110,wstate_5_Mutant_Remove_cz_P5_Q4.qasm,PureState_7,0.0,0.0,0.02226299947160114,0.22878068221800224,0.022258619293670786,0.19172255261839422,0.0,0.008620128607346917,1.0000000000000058,0.997886551077455,True,True,True,True,False,False,False,True,False,True
111,wstate_5_Mutant_Remove_cz_P5_Q4.qasm,Quratest_7,0.0,0.0,0.30339325142524937,0.25722472958425596,0.2649678161529896,0.24585317563198494,0.13645111643916297,0.13689504000298047,0.5485733489249804,0.5582652980911778,True,True,True,True,False,False,True,True,True,True
112,wstate_5_Mutant_Remove_cz_P5_Q4.qasm,PureState_8,,0.0,0.0,0.2305892712780783,0.0,0.19310367656483693,0.0,0.008617811422559607,1.0000000000000067,0.9978187714230142,False,True,False,True,True,False,False,True,False,True
113,wstate_5_Mutant_Remove_cz_P5_Q4.qasm,Quratest_8,0.0,0.0,0.6731149508345066,0.6276850797344522,0.5934579336764494,0.57499628420033,0.6971043255461774,0.6832985510536295,0.1055827775027856,0.13102472682351024,True,True,True,True,False,False,True,True,True,True
114,wstate_5_Mutant_Remove_cz_P5_Q4.qasm,PureState_9,0.0,0.0,0.024557186612093936,0.22781306653291708,0.024551485124643332,0.1909597894026565,0.0,0.007389897926744777,1.0000000000000058,0.9983333483795434,True,True,True,True,False,False,False,True,False,True
115,wstate_5_Mutant_Remove_cz_P5_Q4.qasm,Quratest_9,0.0,0.0,0.3309094674231395,0.285670136222986,0.31321085778557445,0.2722975045526205,0.23121424013445216,0.22845501842463167,0.7587504771014719,0.7695921147983997,True,True,True,True,False,False,True,True,True,True
116,wstate_5_Mutant_Remove_cz_P5_Q4.qasm,PureState_10,0.0,0.0,0.7393242222061145,0.7540565147165345,0.6463917052549333,0.659867196510078,0.7999999999999999,0.7877900034246705,0.20000000000000298,0.22349492505553115,True,True,True,True,False,False,True,True,True,True
117,wstate_5_Mutant_Remove_cz_P5_Q4.qasm,Quratest_10,0.0,0.0,0.1137869112734606,0.11252261791694051,0.10747637036611998,0.10242219740120438,0.040535867293141126,0.04265278941480294,0.9653171538605377,0.9650462922372847,True,True,True,True,False,False,True,True,True,True
118,wstate_5_Mutant_Remove_cz_P5_Q4.qasm,PureState_11,0.8512282334236815,0.0,0.018646117931763025,0.23383206742435736,0.01864557759359056,0.19657951187697398,0.0,0.008606699995255311,1.0000000000000058,0.9978682318261946,False,True,True,True,False,False,False,True,False,True
119,wstate_5_Mutant_Remove_cz_P5_Q4.qasm,Quratest_11,0.0,0.0,0.12057577397730519,0.14008952705235364,0.11660978839938242,0.13048212332862677,0.05107767132517837,0.05143181285007355,0.9869760608588092,0.9854080939799702,True,True,True,True,False,False,True,True,True,True
120,wstate_5_Mutant_Remove_cz_P5_Q4.qasm,PureState_12,0.0,0.0,0.7552373988342274,0.7455562016970975,0.6609760534772682,0.6521257213385543,0.8000000000000002,0.7894417442951713,0.20000000000000326,0.21995126170590357,True,True,True,True,False,False,True,True,True,True
121,wstate_5_Mutant_Remove_cz_P5_Q4.qasm,Quratest_12,0.0,0.0,0.18263772754256388,0.14897064022253456,0.17641546249779316,0.14464396306493607,0.11401730491624534,0.11181963791955432,0.9222648941542436,0.920918444266397,True,True,True,True,False,False,True,True,True,True
122,wstate_5_Mutant_Remove_cz_P5_Q4.qasm,PureState_13,0.0,0.0,0.7464018338020625,0.7501787325889486,0.6528926605927682,0.6563423736609987,0.8000000000000002,0.7891029390291011,0.20000000000000306,0.2204015374829082,True,True,True,True,False,False,True,True,True,True
123,wstate_5_Mutant_Remove_cz_P5_Q4.qasm,Quratest_13,0.0,0.0,0.25755798389823814,0.2406490183513053,0.2337799270147301,0.22691448758768862,0.12427092341849383,0.12209412638415292,0.44046071546983295,0.4517169247708241,True,True,True,True,False,False,True,True,True,True
124,wstate_5_Mutant_Remove_cz_P5_Q4.qasm,PureState_14,0.0,0.0,0.75001453941113,0.7595067035253149,0.6562039951754766,0.6648241417689182,0.8000000000000003,0.7894100079502202,0.20000000000000287,0.22002488091059227,True,True,True,True,False,False,True,True,True,True
125,wstate_5_Mutant_Remove_cz_P5_Q4.qasm,Quratest_14,0.0,0.0,0.5707640281824755,0.58602675376058,0.49890652694786275,0.51200232062319,0.45365407526757834,0.446415081766392,0.47132720797664607,0.48373205720779566,True,True,True,True,False,False,True,True,True,True
126,wstate_5_Mutant_Remove_cz_P5_Q4.qasm,PureState_15,0.0,0.0,0.7452358755418554,0.767750573355057,0.6518055286340074,0.6722574152828471,0.7999999999999999,0.787888310452115,0.200000000000003,0.22355061798998635,True,True,True,True,False,False,True,True,True,True
127,wstate_5_Mutant_Remove_cz_P5_Q4.qasm,Quratest_15,0.0,0.0,0.6459037665041554,0.6461010084165107,0.5781372652570081,0.5782342289745293,0.6235826156014731,0.612575832724643,0.37446088093201757,0.3924269861699313,True,True,True,True,False,False,True,True,True,True
128,wstate_5_Mutant_Add_rz_P2_Q2_[1.5707963267948966].qasm,PureState_0,0.8026155962066348,0.0,0.011015126796876112,0.21981148340840617,0.011014962673750132,0.18420863800664442,1.942890293094024e-16,1.4834659908882585e-15,1.0000000000000058,0.9999999954599774,False,True,True,True,False,False,False,False,False,False
129,wstate_5_Mutant_Add_rz_P2_Q2_[1.5707963267948966].qasm,Quratest_0,0.0,0.0,0.10895956335372022,0.1412245749714081,0.10790524387729186,0.13136258772489226,0.06460280928924164,0.06336653650889357,0.9494976144144527,0.9514216808268694,True,True,True,True,False,False,True,True,True,True
130,wstate_5_Mutant_Add_rz_P2_Q2_[1.5707963267948966].qasm,PureState_1,0.009697072176823996,0.0,0.04609211052215502,0.23373183082712382,0.04605093647689191,0.19646210777001388,6.245004513516506e-17,9.032841526864516e-16,1.0000000000000062,0.9999999954599781,True,True,True,True,False,False,False,False,False,False
131,wstate_5_Mutant_Add_rz_P2_Q2_[1.5707963267948966].qasm,Quratest_1,0.0,0.0,0.12545034855615528,0.21153958586462115,0.12196361127481417,0.18671804977864248,0.10932086053906045,0.10757938692525928,0.9283928752166656,0.9306550386061406,True,True,True,True,False,False,True,True,True,True
132,wstate_5_Mutant_Add_rz_P2_Q2_[1.5707963267948966].qasm,PureState_2,0.0,0.0,0.049198386375201235,0.2130265754064072,0.04917873785398686,0.17859171231519272,1.214306433183765e-16,1.1130472686520898e-15,1.0000000000000053,0.9999999954599765,True,True,True,True,False,False,False,False,False,False
133,wstate_5_Mutant_Add_rz_P2_Q2_[1.5707963267948966].qasm,Quratest_2,0.0,0.0,0.07775553122968568,0.18347382216908534,0.06958772222912189,0.16389130458103962,0.040926005059812545,0.039761226442007275,0.6698187782280378,0.6860891043208015,True,True,True,True,False,False,True,True,True,True
134,wstate_5_Mutant_Add_rz_P2_Q2_[1.5707963267948966].qasm,PureState_3,0.0,0.0,0.03284055069262596,0.23253985798047197,0.032809150295020933,0.19542562317887668,2.2898349882893854e-16,1.484305298022737e-15,1.0000000000000053,0.9999999954599772,True,True,True,True,False,False,False,False,False,False
135,wstate_5_Mutant_Add_rz_P2_Q2_[1.5707963267948966].qasm,Quratest_3,0.0,0.0,0.07655371421884419,0.1755525191049078,0.06819116105513631,0.15157145037906591,0.015981014357539465,0.016222109113949536,0.9860987897366634,0.986621170240521,True,True,True,True,False,False,True,True,True,True
136,wstate_5_Mutant_Add_rz_P2_Q2_[1.5707963267948966].qasm,PureState_4,0.0,0.0,0.041740376472548135,0.2366123334876036,0.04163781643410393,0.2009476901671748,1.3530843112619095e-16,1.2922508648355934e-15,1.000000000000008,0.9999999954599768,True,True,True,True,False,False,False,False,False,False
137,wstate_5_Mutant_Add_rz_P2_Q2_[1.5707963267948966].qasm,Quratest_4,0.0,0.0,0.14151719346621522,0.14740636213398553,0.13295182622331012,0.13778184742941163,0.07664828492474006,0.07295076002382345,0.5073220076610423,0.536367989383937,True,True,True,True,False,False,True,True,True,True
138,wstate_5_Mutant_Add_rz_P2_Q2_[1.5707963267948966].qasm,PureState_5,0.0,0.0,0.026292933092899123,0.25016233408393324,0.02628738040809272,0.21082089094221435,6.938893903907228e-17,1.55974398199564e-15,1.0000000000000058,0.9999999954599763,True,True,True,True,False,False,False,False,False,False
139,wstate_5_Mutant_Add_rz_P2_Q2_[1.5707963267948966].qasm,Quratest_5,0.0,0.0,0.2906750804012315,0.28916838202139256,0.2834204231541683,0.28060993204785356,0.27994361572798215,0.2752654365141894,0.5089961243525613,0.5263122990331103,True,True,True,True,False,False,True,True,True,True
140,wstate_5_Mutant_Add_rz_P2_Q2_[1.5707963267948966].qasm,PureState_6,0.28412416951313896,0.0,0.03832010326393463,0.24421856950061435,0.03827170453173234,0.20557348935820868,1.5959455978986625e-16,1.6504322167001843e-15,1.0000000000000058,0.999999995459977,False,True,True,True,False,False,False,False,False,False
141,wstate_5_Mutant_Add_rz_P2_Q2_[1.5707963267948966].qasm,Quratest_6,0.0,0.0,0.2715139133644536,0.2880933060070692,0.2586128774501482,0.2709038809885616,0.15984329489858293,0.15579012887242655,0.697808019182557,0.7106150489871682,True,True,True,True,False,False,True,True,True,True
142,wstate_5_Mutant_Add_rz_P2_Q2_[1.5707963267948966].qasm,PureState_7,0.0,0.0,0.03533313518724811,0.22843707618944303,0.03531679463413326,0.19131318899091768,6.938893903907228e-17,1.5948004982509468e-15,1.0000000000000062,0.9999999954599745,True,True,True,True,False,False,False,False,False,False
143,wstate_5_Mutant_Add_rz_P2_Q2_[1.5707963267948966].qasm,Quratest_7,0.0,0.0,0.23403034480902377,0.2671653388262277,0.22646084683742124,0.24844881557310322,0.16890830710815388,0.16773963057529448,0.7062130585664452,0.7156762205502633,True,True,True,True,False,False,True,True,True,True
144,wstate_5_Mutant_Add_rz_P2_Q2_[1.5707963267948966].qasm,PureState_8,,0.0,0.0,0.2305892712780783,0.0,0.19310367656483693,2.220446049250313e-16,1.309430621532112e-15,1.0000000000000062,0.9999999954599759,False,True,False,True,True,False,False,False,False,False
145,wstate_5_Mutant_Add_rz_P2_Q2_[1.5707963267948966].qasm,Quratest_8,0.0,0.0,0.07556400491125628,0.14103636372351866,0.07038913957130541,0.12329772848632448,8.939345167964866e-15,0.00010164033064873,1.0000000000000058,0.9999999624243127,True,True,True,True,False,False,False,True,False,False
146,wstate_5_Mutant_Add_rz_P2_Q2_[1.5707963267948966].qasm,PureState_9,5.5731330282180265e-301,0.0,0.032383536070818786,0.22839656097656136,0.032373941076840045,0.191653390027041,6.938893903907228e-17,1.7048599771057313e-15,1.0000000000000053,0.999999995459973,True,True,True,True,False,False,False,False,False,False
147,wstate_5_Mutant_Add_rz_P2_Q2_[1.5707963267948966].qasm,Quratest_9,0.0,0.0,0.1092611787869785,0.15960142295989677,0.09818413389610423,0.14539628440451247,0.014790553620528758,0.0183436745521069,0.8068617753302552,0.8152243071290411,True,True,True,True,False,False,True,True,True,True
148,wstate_5_Mutant_Add_rz_P2_Q2_[1.5707963267948966].qasm,PureState_10,0.12743296610723573,0.0,0.027045191183909502,0.23831886025065446,0.027033564193421566,0.20109664466890337,1.3183898417423734e-16,1.145251870672116e-15,1.0000000000000058,0.9999999954599739,False,True,True,True,False,False,False,False,False,False
149,wstate_5_Mutant_Add_rz_P2_Q2_[1.5707963267948966].qasm,Quratest_10,0.0,0.0,0.14517467788039562,0.14937963101505716,0.1402373489486162,0.14322067421538126,0.06774151553772459,0.06649270049333704,0.6199607219836476,0.6371161780826349,True,True,True,True,False,False,True,True,True,True
150,wstate_5_Mutant_Add_rz_P2_Q2_[1.5707963267948966].qasm,PureState_11,0.5736701326913489,0.0,0.0062155326604197685,0.23251387271598778,0.006215512632592795,0.19501247524327503,2.498001805406602e-16,1.6556484969794302e-15,1.0000000000000062,0.9999999954599781,False,True,False,True,True,False,False,False,False,False
151,wstate_5_Mutant_Add_rz_P2_Q2_[1.5707963267948966].qasm,Quratest_11,0.0,0.0,0.17660026527705544,0.18876105351235836,0.17251359493418097,0.18077127506765384,0.11387976189142682,0.11346845285718986,0.7965824267746445,0.8025356337262515,True,True,True,True,False,False,True,True,True,True
152,wstate_5_Mutant_Add_rz_P2_Q2_[1.5707963267948966].qasm,PureState_12,0.2147883784589237,0.0,0.025713124002695462,0.2337497590267542,0.025710887784004547,0.19648242319673911,8.326672684688674e-17,1.0452145671595705e-15,1.0000000000000049,0.9999999954599781,False,True,True,True,False,False,False,False,False,False
153,wstate_5_Mutant_Add_rz_P2_Q2_[1.5707963267948966].qasm,Quratest_12,0.0,0.0,0.1372723763983673,0.16276683074491755,0.13252338572842084,0.15485868835972552,0.070674785329924,0.07053038586005035,0.9183198050141457,0.9206753514917154,True,True,True,True,False,False,True,True,True,True
154,wstate_5_Mutant_Add_rz_P2_Q2_[1.5707963267948966].qasm,PureState_13,0.0,0.0,0.019254652350516786,0.20223368221315619,0.01925256049553678,0.17003337038426466,6.245004513516506e-17,1.1960507461263349e-15,1.0000000000000058,0.9999999954599756,True,True,True,True,False,False,False,False,False,False
155,wstate_5_Mutant_Add_rz_P2_Q2_[1.5707963267948966].qasm,Quratest_13,0.0,0.0,0.1581175863094777,0.15223889479896494,0.14964916373827472,0.14349107226951935,0.104919848454049,0.10098026335840074,0.5335305949538878,0.5612832684193734,True,True,True,True,False,False,True,True,True,True
156,wstate_5_Mutant_Add_rz_P2_Q2_[1.5707963267948966].qasm,PureState_14,5.607500923688362e-232,0.0,0.023200665020690632,0.1978795240383555,0.023197899822244315,0.16618576632261126,8.326672684688674e-17,1.2715151041499893e-15,1.0000000000000049,0.9999999954599736,True,True,True,True,False,False,False,False,False,False
157,wstate_5_Mutant_Add_rz_P2_Q2_[1.5707963267948966].qasm,Quratest_14,0.0,0.0,0.31450956301596467,0.30402217933048664,0.2962179379980103,0.2871473778684096,0.21192962770934792,0.2095096299922998,0.6556165331751849,0.6658358078803862,True,True,True,True,False,False,True,True,True,True
158,wstate_5_Mutant_Add_rz_P2_Q2_[1.5707963267948966].qasm,PureState_15,0.2984842935195801,0.0,0.021907766708485453,0.21066956487895697,0.021892114057987005,0.17746223938893071,1.3530843112619095e-16,1.0079334519587554e-15,1.000000000000008,0.9999999954599768,False,True,True,True,False,False,False,False,False,False
159,wstate_5_Mutant_Add_rz_P2_Q2_[1.5707963267948966].qasm,Quratest_15,0.0,0.0,0.08711609454523375,0.1671001452331871,0.07978363033292286,0.14525995354818172,1.3796006776757054e-16,6.983726403226876e-05,1.0000000000000049,0.9999999622410897,True,True,True,True,False,False,False,True,False,False
160,wstate_5_Mutant_Remove_cz_P9_Q2.qasm,PureState_0,0.0,0.0,0.6503319990440607,0.6673586144902985,0.5643427837973614,0.5800574253757099,0.6666666666666669,0.6485064060299264,0.33333333333333703,0.35756328855610053,True,True,True,True,False,False,True,True,True,True
161,wstate_5_Mutant_Remove_cz_P9_Q2.qasm,Quratest_0,0.0,0.0,0.33769905784352755,0.35249683201561943,0.3259815623756457,0.33594244700126863,0.2656659914058774,0.2558001143552351,0.16117436188239243,0.1943962941415509,True,True,True,True,False,False,True,True,True,True
162,wstate_5_Mutant_Remove_cz_P9_Q2.qasm,PureState_1,0.0,0.0,0.4009252116493524,0.45354990283046887,0.3487188744984425,0.3910101359687958,0.26666666666666683,0.2652736658420535,0.6904614625443589,0.6954810056383643,True,True,True,True,False,False,True,True,True,True
163,wstate_5_Mutant_Remove_cz_P9_Q2.qasm,Quratest_1,0.0,0.0,0.2757403071130588,0.32229944915015124,0.2625217327961805,0.29791725108094125,0.1696414408185526,0.16366485375070178,0.6390827307231663,0.6493480544790399,True,True,True,True,False,False,True,True,True,True
164,wstate_5_Mutant_Remove_cz_P9_Q2.qasm,PureState_2,0.0,0.0,0.3900429302646716,0.45776280316124657,0.33655603664710626,0.39388291336013187,0.26666666666666683,0.2651984754000647,0.13620520412231507,0.1650717437741795,True,True,True,True,False,False,True,True,True,True
165,wstate_5_Mutant_Remove_cz_P9_Q2.qasm,Quratest_2,0.0,0.0,0.08067762392570968,0.15978568608955,0.0727507265367093,0.1464913168980234,0.012096660083244884,0.012185012245679631,0.0354714468336163,0.0686018653226321,True,True,True,True,False,False,True,True,True,True
166,wstate_5_Mutant_Remove_cz_P9_Q2.qasm,PureState_3,0.0,0.0,0.35055625579797745,0.39289099121324134,0.30624291345832166,0.33962430233545077,0.16666666666666685,0.1697091325390208,0.36682698238722733,0.38432500045304296,True,True,True,True,False,False,True,True,True,True
167,wstate_5_Mutant_Remove_cz_P9_Q2.qasm,Quratest_3,0.0,0.0,0.28674495590223875,0.3069094107166415,0.2683981189166032,0.28732900672749767,0.15064663043517684,0.1551344170515062,0.7083663267299252,0.7080774758875082,True,True,True,True,False,False,True,True,True,True
168,wstate_5_Mutant_Remove_cz_P9_Q2.qasm,PureState_4,0.0,0.0,0.26732832735614886,0.3318072820344582,0.23256114310828152,0.28491860000788266,0.10000000000000012,0.10381188358108916,0.8772243186433605,0.8746149078011067,True,True,True,True,False,False,True,True,True,True
169,wstate_5_Mutant_Remove_cz_P9_Q2.qasm,Quratest_4,0.0,0.0,0.4075368940853368,0.36668489606377735,0.3818198137818925,0.3466827489800817,0.2829576141275114,0.28314595942064635,0.4413255296110637,0.4519758494933889,True,True,True,True,False,False,True,True,True,True
170,wstate_5_Mutant_Remove_cz_P9_Q2.qasm,PureState_5,0.0,0.0,0.6570140595053782,0.6715083677173584,0.5705185331720762,0.5838982464451742,0.6666666666666667,0.6483276729303489,0.33333333333333703,0.3572705400390152,True,True,True,True,False,False,True,True,True,True
171,wstate_5_Mutant_Remove_cz_P9_Q2.qasm,Quratest_5,0.0,0.0,0.3247409338074632,0.3277604446161604,0.29596577482578895,0.2954087385668188,0.17011890951040176,0.17066946060286892,0.7184158990170718,0.7208094133810179,True,True,True,True,False,False,True,True,True,True
172,wstate_5_Mutant_Remove_cz_P9_Q2.qasm,PureState_6,0.0,0.0,0.323275197852415,0.4095965356245799,0.28164686601846045,0.3531933312011229,0.1666666666666669,0.1697865795309989,0.799839684279448,0.7986865725247548,True,True,True,True,False,False,True,True,True,True
173,wstate_5_Mutant_Remove_cz_P9_Q2.qasm,Quratest_6,0.0,0.0,0.6328246487341724,0.6301246494502019,0.5736956166490824,0.5707230390243065,0.6464795528283711,0.6283646907591096,0.2520352590044122,0.277854757402493,True,True,True,True,False,False,True,True,True,True
174,wstate_5_Mutant_Remove_cz_P9_Q2.qasm,PureState_7,1.6012691526233016e-161,0.0,0.6600966542360264,0.6720824181662766,0.5733915530815218,0.5844242891075088,0.6666666666666667,0.6483825803879969,0.33333333333333703,0.35738241537878734,True,True,True,True,False,False,True,True,True,True
175,wstate_5_Mutant_Remove_cz_P9_Q2.qasm,Quratest_7,0.0,0.0,0.3454597113420553,0.3704803600612821,0.30695059356956605,0.3260664387370344,0.18528377800496032,0.18550304536466725,0.7349290219137002,0.7381330705742256,True,True,True,True,False,False,True,True,True,True
176,wstate_5_Mutant_Remove_cz_P9_Q2.qasm,PureState_8,,0.0,0.0,0.2305892712780783,0.0,0.19310367656483693,3.2681205740548585e-33,0.008008639562087194,1.0000000000000067,0.9915296023464563,False,True,False,True,True,False,False,True,False,True
177,wstate_5_Mutant_Remove_cz_P9_Q2.qasm,Quratest_8,0.0,0.0,0.32643836063093573,0.31864034729827306,0.31286012940691893,0.3031868380030411,0.24213646697167668,0.23543153126306077,0.013658534644547197,0.03813557733550957,True,True,True,True,False,False,True,True,True,True
178,wstate_5_Mutant_Remove_cz_P9_Q2.qasm,PureState_9,0.0,0.0,0.5714926043585548,0.5944274700096451,0.4945381902864496,0.5150215484791828,0.5,0.4865429101245614,0.03349364905389169,0.05779547222063124,True,True,True,True,False,False,True,True,True,True
179,wstate_5_Mutant_Remove_cz_P9_Q2.qasm,Quratest_9,0.0,0.0,0.24686650624685944,0.2504281025127862,0.2138517308730524,0.22830008470439073,0.0960437792861884,0.10275420227568313,0.5936646581962556,0.604711968738441,True,True,True,True,False,False,True,True,True,True
180,wstate_5_Mutant_Remove_cz_P9_Q2.qasm,PureState_10,0.0,0.0,0.251084004827658,0.3396949832200743,0.217518936072947,0.29067189213698513,0.1000000000000001,0.10374744448766257,0.5827756813566491,0.5941211819669477,True,True,True,True,False,False,True,True,True,True
181,wstate_5_Mutant_Remove_cz_P9_Q2.qasm,Quratest_10,0.0,0.0,0.2643488913915191,0.2620406165757815,0.2487203999411706,0.2448032858405421,0.1768738858241548,0.17594887932260467,0.854363795337794,0.8562957283065054,True,True,True,True,False,False,True,True,True,True
182,wstate_5_Mutant_Remove_cz_P9_Q2.qasm,PureState_11,0.0003659721622212697,0.0,0.0393962439452652,0.23739151396543634,0.0393911237269039,0.20079167525466,1.6653345369377348e-16,0.007966008672361892,1.0000000000000058,0.9887965227410785,True,True,True,True,False,False,False,True,False,True
183,wstate_5_Mutant_Remove_cz_P9_Q2.qasm,Quratest_11,0.0,0.0,0.25717733297331047,0.2582098704620292,0.25060719233355316,0.25021910722244184,0.16896691956791668,0.16523999384992274,0.4484607316751838,0.4656871641494585,True,True,True,True,False,False,True,True,True,True
184,wstate_5_Mutant_Remove_cz_P9_Q2.qasm,PureState_12,1.938872784200481e-254,0.0,0.4910669913659965,0.5498480673936044,0.42508247662485404,0.47781947688180776,0.4,0.39115649806131264,0.5571281292110252,0.5702241888534335,True,True,True,True,False,False,True,True,True,True
185,wstate_5_Mutant_Remove_cz_P9_Q2.qasm,Quratest_12,0.0,0.0,0.26280243471377723,0.24626460910437364,0.25128806016930855,0.23732965404433037,0.1840634110456474,0.18338536402965652,0.3441244053991106,0.366067898156778,True,True,True,True,False,False,True,True,True,True
186,wstate_5_Mutant_Remove_cz_P9_Q2.qasm,PureState_13,0.0,0.0,0.412288296743018,0.4618216699087594,0.3588835702877874,0.4001317258468974,0.26666666666666683,0.2652960144636294,0.6904614625443578,0.6952580315977395,True,True,True,True,False,False,True,True,True,True
187,wstate_5_Mutant_Remove_cz_P9_Q2.qasm,Quratest_13,0.0,0.0,0.4518286447186719,0.43861175126072194,0.3912693305767143,0.37999072575838627,0.3299335087828726,0.3232936118965075,0.6578489810404822,0.6670292848465001,True,True,True,True,False,False,True,True,True,True
188,wstate_5_Mutant_Remove_cz_P9_Q2.qasm,PureState_14,6.403808496230471e-268,0.0,0.5031276919549138,0.5355356270178837,0.43574448004591476,0.46483070071348787,0.3999999999999999,0.3910617379936112,0.002871870788980231,0.028804891426566594,True,True,True,True,False,False,True,True,True,True
189,wstate_5_Mutant_Remove_cz_P9_Q2.qasm,Quratest_14,0.0,0.0,0.31670494910660435,0.354835253393985,0.3031725494603197,0.33282494896719844,0.28663925542873003,0.28152295291613777,0.010077481005983267,0.045899697818156275,True,True,True,True,False,False,True,True,True,True
190,wstate_5_Mutant_Remove_cz_P9_Q2.qasm,PureState_15,0.0,0.0,0.2561569415868046,0.31928351845224084,0.2228317546069449,0.27557404314334727,0.10000000000000012,0.1038029529310847,0.8772243186433607,0.8747126396678705,True,True,True,True,False,False,True,True,True,True
191,wstate_5_Mutant_Remove_cz_P9_Q2.qasm,Quratest_15,0.0,0.0,0.17495940050955314,0.25201314304910793,0.1737296070263127,0.23840239922173942,0.1456624561463784,0.14275410434818192,0.4217387232045286,0.44179934999855414,True,True,True,True,False,False,True,True,True,True
192,wstate_5_Mutant_Remove_cx_P13_Q3.qasm,PureState_0,0.6353301075820597,0.0,0.011092627842418094,0.2193873361838269,0.011092457608456372,0.18370275337434544,1.925929944387236e-34,0.00779654703359336,1.0000000000000053,0.9950017750544321,False,True,True,True,False,False,False,True,False,True
193,wstate_5_Mutant_Remove_cx_P13_Q3.qasm,Quratest_0,0.0,0.0,0.07899525491088624,0.13893675313659726,0.07693495284073062,0.12751013755964788,0.017035596285435647,0.017174553609834435,0.9995949065423516,0.9995501375053526,True,True,True,True,False,False,True,True,True,True
194,wstate_5_Mutant_Remove_cx_P13_Q3.qasm,PureState_1,0.0030291332766816084,0.0,0.8929671167452959,0.8120105512694553,0.7437495737371147,0.7056434650103113,0.8000000000000004,0.7914208610343219,0.04000000000000157,0.0558482217869174,True,True,True,True,False,False,True,True,True,True
195,wstate_5_Mutant_Remove_cx_P13_Q3.qasm,Quratest_1,0.0,0.0,0.8021457318966679,0.7071606090287152,0.6733044003640055,0.624215691365267,0.6665703341038451,0.6598214687617926,0.12970679025202547,0.14957092444037884,True,True,True,True,False,False,True,True,True,True
196,wstate_5_Mutant_Remove_cx_P13_Q3.qasm,PureState_2,0.033561716464884435,0.0,0.8960045736799955,0.8171741434223123,0.7460910612127467,0.7098478484902971,0.8000000000000002,0.7914208610343221,0.04000000000000155,0.0560243442981001,False,True,True,True,False,False,True,True,True,True
197,wstate_5_Mutant_Remove_cx_P13_Q3.qasm,Quratest_2,0.0,0.0,0.9685710959598709,0.9070489501084,0.8180141907683858,0.7878918331981569,0.9748583191139311,0.960218545083221,0.009025961026397914,0.02166341182626046,True,True,True,True,False,False,True,True,True,True
198,wstate_5_Mutant_Remove_cx_P13_Q3.qasm,PureState_3,2.3730270225069715e-57,0.0,1.0,0.9396294636155259,0.8325546111576978,0.8098250100843499,1.0,0.983431670661776,3.996804034122976e-16,0.01661028868404358,True,True,True,True,False,False,True,True,True,True
199,wstate_5_Mutant_Remove_cx_P13_Q3.qasm,Quratest_3,0.0,0.0,0.38078119974165503,0.330987173689922,0.3435535958146097,0.3062386378072766,0.19919652510164498,0.2040052836055029,0.5479750610856315,0.565091733636787,True,True,True,True,False,False,True,True,True,True
200,wstate_5_Mutant_Remove_cx_P13_Q3.qasm,PureState_4,0.2845833593575498,0.0,0.45928524774375623,0.3728556036367593,0.382382233096883,0.32121525467633344,0.20000000000000012,0.20375434662051195,0.6400000000000047,0.6497152934372227,False,True,True,True,False,False,True,True,True,True
201,wstate_5_Mutant_Remove_cx_P13_Q3.qasm,Quratest_4,0.0,0.0,0.2916017078906691,0.2794768877579399,0.2826552585513886,0.2727716550621115,0.2397788175133488,0.23894340058230013,0.3114600147033315,0.3376960486473742,True,True,True,True,False,False,True,True,True,True
202,wstate_5_Mutant_Remove_cx_P13_Q3.qasm,PureState_5,0.0,0.0,0.02847314946097383,0.2485468117733629,0.028470274838116864,0.20890691544427442,1.925929944387236e-34,0.0077965470335934406,1.0000000000000062,0.9949286753602585,True,True,True,True,False,False,False,True,False,True
203,wstate_5_Mutant_Remove_cx_P13_Q3.qasm,Quratest_5,0.0,0.0,0.36290100021615085,0.35807328829809404,0.3543673765152467,0.3493310311687296,0.40106816590806976,0.39137048337250185,0.009325786240244341,0.049933513258993714,True,True,True,True,False,False,True,True,True,True
204,wstate_5_Mutant_Remove_cx_P13_Q3.qasm,PureState_6,0.923085012527437,0.0,1.0,0.9241802751191724,0.8325546111576977,0.8007761420863466,1.0000000000000002,0.9834316706617763,3.996804019441362e-16,0.016543404471439406,False,True,True,True,False,False,True,True,True,True
205,wstate_5_Mutant_Remove_cx_P13_Q3.qasm,Quratest_6,0.0,0.0,0.3468432357374371,0.36954498737028174,0.33483634012457647,0.35185796811387726,0.3040091400813822,0.29685952170930485,0.6182369543166307,0.6354578552117491,True,True,True,True,False,False,True,True,True,True
206,wstate_5_Mutant_Remove_cx_P13_Q3.qasm,PureState_7,0.0,0.0,0.03169520344987109,0.22841183980766622,0.031683255047315305,0.19128309188207077,1.925929944387236e-34,0.007796547033593228,1.0000000000000062,0.9949084172514278,True,True,True,True,False,False,False,True,False,True
207,wstate_5_Mutant_Remove_cx_P13_Q3.qasm,Quratest_7,0.0,0.0,0.07613172348074004,0.1614692485748174,0.07194010927469609,0.14176313177899907,0.009442508356198493,0.010442765408976738,0.9702275325008637,0.9710386297415962,True,True,True,True,False,False,True,True,True,True
208,wstate_5_Mutant_Remove_cx_P13_Q3.qasm,PureState_8,,0.0,0.0,0.2305892712780783,0.0,0.19310367656483693,1.925929944387236e-34,0.007796547033593384,1.0000000000000067,0.9948449417625751,False,True,False,True,True,False,False,True,False,True
209,wstate_5_Mutant_Remove_cx_P13_Q3.qasm,Quratest_8,0.0,0.0,0.8138746552710554,0.7795977597440572,0.7308356344873499,0.7076978264753002,0.8676948368812667,0.8540886611531722,0.12968825843472032,0.14658246167718722,True,True,True,True,False,False,True,True,True,True
210,wstate_5_Mutant_Remove_cx_P13_Q3.qasm,PureState_9,0.12519619766370335,0.0,1.0,0.9280748870927149,0.8325546111576977,0.8032175928213868,1.0,0.983431670661775,3.9968040150946216e-16,0.016580458055114607,False,True,True,True,False,False,True,True,True,True
211,wstate_5_Mutant_Remove_cx_P13_Q3.qasm,Quratest_9,0.0,0.0,0.07104457148505451,0.14563870467760992,0.06550823557166358,0.13019694827166015,0.009787635396287723,0.01126332004070169,0.8562067668898522,0.8637875324153447,True,True,True,True,False,False,True,True,True,True
212,wstate_5_Mutant_Remove_cx_P13_Q3.qasm,PureState_10,0.9987302915475048,0.0,0.4523376455980308,0.3830068901493914,0.37660373755605253,0.3303011366690163,0.2000000000000001,0.20375434662051184,0.6400000000000047,0.6501236160483733,False,True,True,True,False,False,True,True,True,True
213,wstate_5_Mutant_Remove_cx_P13_Q3.qasm,Quratest_10,0.0,0.0,0.15150193092589137,0.1476151942883885,0.14377633306829068,0.1405833197455971,0.08065000441493392,0.07950302595891823,0.41978295713843583,0.44453595279546815,True,True,True,True,False,False,True,True,True,True
214,wstate_5_Mutant_Remove_cx_P13_Q3.qasm,PureState_11,0.8025342264185141,0.0,0.013811443398110381,0.23324581072548403,0.013811223814930832,0.19588307371208757,1.925929944387236e-34,0.007796547033593261,1.0000000000000058,0.9949036217118022,False,True,True,True,False,False,False,True,False,True
215,wstate_5_Mutant_Remove_cx_P13_Q3.qasm,Quratest_11,0.0,0.0,0.3921061212593903,0.37242505429479256,0.36347362767074115,0.34877694559323874,0.24048477691317574,0.23818073718349542,0.4978739959744194,0.514449242846531,True,True,True,True,False,False,True,True,True,True
216,wstate_5_Mutant_Remove_cx_P13_Q3.qasm,PureState_12,0.6609466213381525,0.0,0.8972085230863107,0.8066510459277079,0.7470357629521761,0.7009639843474926,0.8000000000000002,0.7914208610343212,0.04000000000000145,0.05568210139803026,False,True,True,True,False,False,True,True,True,True
217,wstate_5_Mutant_Remove_cx_P13_Q3.qasm,Quratest_12,0.0,0.0,0.2766306571571442,0.23430931718033293,0.2655653321617493,0.22252873966723563,0.1830035868247266,0.1795581073369053,0.20667152395406477,0.24967549450136003,True,True,True,True,False,False,True,True,True,True
218,wstate_5_Mutant_Remove_cx_P13_Q3.qasm,PureState_13,0.9293208146417026,0.0,0.892058522030849,0.8173561653007846,0.742761269182894,0.7092839103760264,0.8000000000000004,0.7914208610343217,0.04000000000000156,0.05581116172866812,False,True,True,True,False,False,True,True,True,True
219,wstate_5_Mutant_Remove_cx_P13_Q3.qasm,Quratest_13,0.0,0.0,0.5392936034462513,0.5056032525958597,0.4594464912656345,0.44016371504670904,0.35122125130007625,0.34444220837906764,0.4776116144273757,0.4994042631520965,True,True,True,True,False,False,True,True,True,True
220,wstate_5_Mutant_Remove_cx_P13_Q3.qasm,PureState_14,9.439345797681405e-295,0.0,0.9031556498321355,0.8361577285865824,0.751979456624382,0.7238136153549166,0.8000000000000002,0.7914208610343211,0.040000000000001514,0.055951511250734456,True,True,True,True,False,False,True,True,True,True
221,wstate_5_Mutant_Remove_cx_P13_Q3.qasm,Quratest_14,0.0,0.0,0.6755203244235031,0.5969826953648687,0.5631352660200971,0.5212701600721873,0.4536540752675783,0.4444960816089728,0.2984938694717065,0.3288314649199825,True,True,True,True,False,False,True,True,True,True
222,wstate_5_Mutant_Remove_cx_P13_Q3.qasm,PureState_15,0.9997766059181501,0.0,0.4479813860362372,0.3664326611163794,0.37297050241875623,0.3172751598044902,0.20000000000000012,0.20375434662051162,0.6400000000000059,0.6499092192503845,False,True,True,True,False,False,True,True,True,True
223,wstate_5_Mutant_Remove_cx_P13_Q3.qasm,Quratest_15,0.0,0.0,0.7846719521054113,0.7110574136675258,0.660677970339274,0.6259670922321856,0.6249174115599379,0.6161819491624108,0.16397327397798098,0.19102646537266765,True,True,True,True,False,False,True,True,True,True
224,wstate_5_Mutant_Add_t_P0_Q0_[].qasm,PureState_0,0.4532834600242033,0.0,0.013816234298751168,0.22179908059956238,0.013815927803422773,0.18657062537350455,0.0,1.4834659908882585e-15,1.0000000000000053,0.9999999954599774,False,True,True,True,False,False,False,False,False,False
225,wstate_5_Mutant_Add_t_P0_Q0_[].qasm,Quratest_0,0.0,0.0,0.16079175195286743,0.17355454361892672,0.15808678306519355,0.16620476679056068,0.10961328023212794,0.10569095214158902,0.855828915597874,0.8647055140349986,True,True,True,True,False,False,True,True,True,True
226,wstate_5_Mutant_Add_t_P0_Q0_[].qasm,PureState_1,0.0003093982230287887,0.0,0.049455227359831405,0.23273403016061026,0.049429809212277485,0.19527273996490654,1.942890293094024e-16,9.032841526864516e-16,1.0000000000000058,0.9999999954599781,True,True,True,True,False,False,False,False,False,False
227,wstate_5_Mutant_Add_t_P0_Q0_[].qasm,Quratest_1,0.0,0.0,0.11535369065159233,0.21483692586997793,0.1088039262084322,0.1904017163281677,0.0389910193787395,0.037369369919022996,0.8945075808771581,0.9006368715638843,True,True,True,True,False,False,True,True,True,True
228,wstate_5_Mutant_Add_t_P0_Q0_[].qasm,PureState_2,0.0,0.0,0.039131625775355804,0.21511885737106948,0.039124243781074694,0.18107825298635116,1.5265566588595902e-16,1.1130472686520898e-15,1.0000000000000058,0.9999999954599765,True,True,True,True,False,False,False,False,False,False
229,wstate_5_Mutant_Add_t_P0_Q0_[].qasm,Quratest_2,0.0,0.0,0.18412241181650707,0.2521441813807549,0.17956728057601043,0.2391145229265416,0.20199044657013254,0.19422067031669552,0.9030125534075917,0.9077475472431497,True,True,True,True,False,False,True,True,True,True
230,wstate_5_Mutant_Add_t_P0_Q0_[].qasm,PureState_3,0.0,0.0,0.04471686645521951,0.23167910749666895,0.04469621196707839,0.1944022733555916,1.3183898417423734e-16,1.484305298022737e-15,1.0000000000000058,0.9999999954599772,True,True,True,True,False,False,False,False,False,False
231,wstate_5_Mutant_Add_t_P0_Q0_[].qasm,Quratest_3,0.0,0.0,0.13250010648150967,0.18641275148390704,0.12561322570348435,0.17157641605924273,0.05803916815405318,0.05848170356486879,0.8638898950753879,0.868863238370056,True,True,True,True,False,False,True,True,True,True
232,wstate_5_Mutant_Add_t_P0_Q0_[].qasm,PureState_4,0.9138588275142656,0.0,0.01761822572377355,0.23376827491269617,0.01761332674944624,0.19758084597945857,0.0,1.2922508648355934e-15,1.0000000000000067,0.9999999954599768,False,True,True,True,False,False,False,False,False,False
233,wstate_5_Mutant_Add_t_P0_Q0_[].qasm,Quratest_4,0.0,0.0,0.12928855433129663,0.1456120002537598,0.12594922571757464,0.1395426774855238,0.044494700424026104,0.044410685926587784,0.8989239628326059,0.9024968176257018,True,True,True,True,False,False,True,True,True,True
234,wstate_5_Mutant_Add_t_P0_Q0_[].qasm,PureState_5,0.7007074611264661,0.0,0.01862849970712054,0.24703335240853094,0.01862654753006388,0.20711166094279615,5.551115123125783e-17,1.55974398199564e-15,1.0000000000000058,0.9999999954599763,False,True,True,True,False,False,False,False,False,False
235,wstate_5_Mutant_Add_t_P0_Q0_[].qasm,Quratest_5,0.0,0.0,0.14951014319005876,0.15057307473136033,0.1426990737363895,0.14391585556525444,0.04281258981257202,0.04304430579630676,0.8984873607240903,0.9018265181987585,True,True,True,True,False,False,True,True,True,True
236,wstate_5_Mutant_Add_t_P0_Q0_[].qasm,PureState_6,0.02406617691240785,0.0,0.0324658918199712,0.24394301966339255,0.032450966858314424,0.2052362479065724,0.0,1.6504322167001843e-15,1.0000000000000053,0.999999995459977,False,True,True,True,False,False,False,False,False,False
237,wstate_5_Mutant_Add_t_P0_Q0_[].qasm,Quratest_6,0.0,0.0,0.2132255211978596,0.21927158900388977,0.19200555939584968,0.199972201084393,0.09465517704397212,0.09223023169989476,0.8567330718733079,0.8617274419709614,True,True,True,True,False,False,True,True,True,True
238,wstate_5_Mutant_Add_t_P0_Q0_[].qasm,PureState_7,0.0,0.0,0.038458664822782505,0.22841844404122263,0.038440780560833575,0.19129098662250377,0.0,1.5948004982509468e-15,1.0000000000000058,0.9999999954599745,True,True,True,True,False,False,False,False,False,False
239,wstate_5_Mutant_Add_t_P0_Q0_[].qasm,Quratest_7,0.0,0.0,0.08019991959555255,0.1606648016627795,0.07520613906395025,0.14091045133410593,0.002079688643532919,0.002080634450067929,0.9852081937280951,0.9857143396660986,True,True,True,True,False,False,True,True,True,True
240,wstate_5_Mutant_Add_t_P0_Q0_[].qasm,PureState_8,,0.0,0.0,0.2305892712780783,0.0,0.19310367656483693,0.0,1.309430621532112e-15,1.0000000000000067,0.9999999954599759,False,True,False,True,True,False,False,False,False,False
241,wstate_5_Mutant_Add_t_P0_Q0_[].qasm,Quratest_8,0.0,0.0,0.18884833802529685,0.20546396792938604,0.18477096471819013,0.19334141811309405,0.13060876801194465,0.12958054948195058,0.8555309713547445,0.8609287439202122,True,True,True,True,False,False,True,True,True,True
242,wstate_5_Mutant_Add_t_P0_Q0_[].qasm,PureState_9,2.469375501677449e-296,0.0,0.03116573295863684,0.2282299466521032,0.031157687663828645,0.19145494182336897,0.0,1.7048599771057313e-15,1.0000000000000058,0.999999995459973,True,True,True,True,False,False,False,False,False,False
243,wstate_5_Mutant_Add_t_P0_Q0_[].qasm,Quratest_9,0.0,0.0,0.06314239296109973,0.1656715937690087,0.05914123014255797,0.14638050778572956,0.020161460633899262,0.020190785985646456,0.9852081937280955,0.9857452044699415,True,True,True,True,False,False,True,True,True,True
244,wstate_5_Mutant_Add_t_P0_Q0_[].qasm,PureState_10,0.872515111798689,0.0,0.028749094271336654,0.23516201696593864,0.028730205040440875,0.19740360312920335,9.71445146547012e-17,1.145251870672116e-15,1.0000000000000053,0.9999999954599739,False,True,True,True,False,False,False,False,False,False
245,wstate_5_Mutant_Add_t_P0_Q0_[].qasm,Quratest_10,0.0,0.0,0.09755039683628869,0.12389256311723966,0.09106509310038506,0.11542952881630879,0.033871215800560475,0.03382866075740348,0.9700316894240222,0.9709108841962776,True,True,True,True,False,False,True,True,True,True
246,wstate_5_Mutant_Add_t_P0_Q0_[].qasm,PureState_11,0.4531305984103191,0.0,0.008287118994744696,0.2326904574118791,0.00828707153982644,0.19522262555091063,0.0,1.6556484969794302e-15,1.0000000000000058,0.9999999954599781,False,True,False,True,True,False,False,False,False,False
247,wstate_5_Mutant_Add_t_P0_Q0_[].qasm,Quratest_11,0.0,0.0,0.08571794098067526,0.13386314952265727,0.08512870659676655,0.12871134125882722,3.291204114796998e-15,3.048917231895221e-05,1.0000000000000049,0.999999991007724,True,True,True,True,False,False,False,True,False,False
248,wstate_5_Mutant_Add_t_P0_Q0_[].qasm,PureState_12,0.20196733308155368,0.0,0.023903881261574594,0.23406710095769023,0.023900940354075164,0.1968592801906087,0.0,1.0452145671595705e-15,1.0000000000000053,0.9999999954599781,False,True,True,True,False,False,False,False,False,False
249,wstate_5_Mutant_Add_t_P0_Q0_[].qasm,Quratest_12,0.0,0.0,0.08919366668888597,0.12619702678633324,0.0843027279445547,0.12320123329311851,0.0168285037047141,0.016379223679480935,0.8539300804178149,0.8594785258414082,True,True,True,True,False,False,True,True,True,True
250,wstate_5_Mutant_Add_t_P0_Q0_[].qasm,PureState_13,0.012844908251719335,0.0,0.04478599464904939,0.20430579376242686,0.04476512503579152,0.17247905555139165,0.0,1.1960507461263349e-15,1.0000000000000058,0.9999999954599756,False,True,True,True,False,False,False,False,False,False
251,wstate_5_Mutant_Add_t_P0_Q0_[].qasm,Quratest_13,0.0,0.0,0.07851472324893194,0.142670122344188,0.07622841417789439,0.1268730749577011,0.02166198436847988,0.0212506150091563,0.9708528194094149,0.9718670732308362,True,True,True,True,False,False,True,True,True,True
252,wstate_5_Mutant_Add_t_P0_Q0_[].qasm,PureState_14,8.495361272705593e-248,0.0,0.02832274585511287,0.1980204920254737,0.028317272323819278,0.1663521338659093,0.0,1.2715151041499893e-15,1.0000000000000049,0.9999999954599736,True,True,True,True,False,False,False,False,False,False
253,wstate_5_Mutant_Add_t_P0_Q0_[].qasm,Quratest_14,0.0,0.0,0.11318809793904104,0.18174658651825898,0.11256117756649785,0.16422940258292332,0.06284030907934054,0.06161324753147561,0.9347497425724716,0.9370865586598953,True,True,True,True,False,False,True,True,True,True
254,wstate_5_Mutant_Add_t_P0_Q0_[].qasm,PureState_15,0.8525417668737496,0.0,0.02561522215730054,0.2085704517336175,0.025602499137148006,0.17496798584703901,1.1102230246251565e-16,1.0079334519587554e-15,1.0000000000000062,0.9999999954599768,False,True,True,True,False,False,False,False,False,False
255,wstate_5_Mutant_Add_t_P0_Q0_[].qasm,Quratest_15,0.0,0.0,0.07167218134941519,0.15659241440145896,0.07154460948938127,0.13596650023228204,0.0033084086446732346,0.003220679337934203,0.9780980480995457,0.9789248693877726,True,True,True,True,False,False,True,True,True,True
256,wstate_5_Mutant_Add_s_P6_Q3_[].qasm,PureState_0,0.0,0.0,0.4900749350528322,0.46424652415182444,0.41878485587068826,0.41629415755475546,0.4000000000000001,0.3900426494454645,0.6000000000000049,0.6205512986928569,True,True,True,True,False,False,True,True,True,True
257,wstate_5_Mutant_Add_s_P6_Q3_[].qasm,Quratest_0,0.0,0.0,0.11667604623230915,0.15996522418658882,0.10957941087720229,0.1455499334816763,0.06702321274772266,0.0651513895140472,0.98876972238244,0.9893014906515016,True,True,True,True,False,False,True,True,True,True
258,wstate_5_Mutant_Add_s_P6_Q3_[].qasm,PureState_1,0.0,0.0,0.2953736788883016,0.3598566695500954,0.2921492715174973,0.3344016914777067,0.4000000000000001,0.39213482960064916,0.6000000000000051,0.6188703747761505,True,True,True,True,False,False,True,True,True,True
259,wstate_5_Mutant_Add_s_P6_Q3_[].qasm,Quratest_1,0.0,0.0,0.2410945901789757,0.2862516992111009,0.23562755460137588,0.2711717528370476,0.3282129936320556,0.32112981927533657,0.7306905770277166,0.7439312326971451,True,True,True,True,False,False,True,True,True,True
260,wstate_5_Mutant_Add_s_P6_Q3_[].qasm,PureState_2,0.0,0.0,0.28961372038974265,0.34204872380682433,0.28695961291183386,0.3196103935633532,0.4,0.39213482960064905,0.6000000000000055,0.6189142382955188,True,True,True,True,False,False,True,True,True,True
261,wstate_5_Mutant_Add_s_P6_Q3_[].qasm,Quratest_2,0.0,0.0,0.47169899352561784,0.43405732659500246,0.4089156332077569,0.39620576381614536,0.416209987224589,0.40708706295711866,0.5669231163362735,0.5864335028580621,True,True,True,True,False,False,True,True,True,True
262,wstate_5_Mutant_Add_s_P6_Q3_[].qasm,PureState_3,0.0,0.0,0.4674976436318869,0.46159365649715844,0.39848715531771445,0.40968959578379727,0.4,0.3911897003420935,0.6000000000000046,0.6177902582938148,True,True,True,True,False,False,True,True,True,True
263,wstate_5_Mutant_Add_s_P6_Q3_[].qasm,Quratest_3,0.0,0.0,0.29471658756197994,0.32468703851378145,0.29062992998558584,0.31039860359008076,0.4086160266856773,0.3951018882124038,0.7455386054613481,0.7603612749751113,True,True,True,True,False,False,True,True,True,True
264,wstate_5_Mutant_Add_s_P6_Q3_[].qasm,PureState_4,0.0,0.0,0.30377478371887223,0.3905727951205741,0.3009725521969776,0.3660334492406683,0.4,0.39091483728765297,0.6000000000000052,0.6220758932011299,True,True,True,True,False,False,True,True,True,True
265,wstate_5_Mutant_Add_s_P6_Q3_[].qasm,Quratest_4,0.0,0.0,0.3462004605471522,0.3457142940903981,0.3336164099262196,0.33671570749433155,0.4447018961495312,0.42592948727598007,0.5533305707305635,0.5823854571129062,True,True,True,True,False,False,True,True,True,True
266,wstate_5_Mutant_Add_s_P6_Q3_[].qasm,PureState_5,0.0,0.0,0.4651520119932976,0.4461847095406141,0.39631561338453963,0.40067311941765826,0.4,0.39008931551008846,0.6000000000000051,0.6206247491607331,True,True,True,True,False,False,True,True,True,True
267,wstate_5_Mutant_Add_s_P6_Q3_[].qasm,Quratest_5,0.0,0.0,0.24008378549428142,0.24147357904541278,0.23398767855518085,0.23443074297176103,0.25524697928879253,0.24642150960825343,0.5532637366544854,0.5768901715642135,True,True,True,True,False,False,True,True,True,True
268,wstate_5_Mutant_Add_s_P6_Q3_[].qasm,PureState_6,0.0,0.0,0.47091303071563456,0.46286513967296605,0.40206745120217374,0.41361379336181014,0.4000000000000001,0.391139518921275,0.6000000000000045,0.6178332084688868,True,True,True,True,False,False,True,True,True,True
269,wstate_5_Mutant_Add_s_P6_Q3_[].qasm,Quratest_6,0.0,0.0,0.38914090654199357,0.3441643952696653,0.35773775514046924,0.3285179386619255,0.4024926552165653,0.3921250819545456,0.5949991562418024,0.6163131921428509,True,True,True,True,False,False,True,True,True,True
270,wstate_5_Mutant_Add_s_P6_Q3_[].qasm,PureState_7,0.0,0.0,0.4845845355283726,0.47466464453401047,0.4139934755410247,0.4221358107677948,0.4,0.39010857299400375,0.6000000000000049,0.6206001017063448,True,True,True,True,False,False,True,True,True,True
271,wstate_5_Mutant_Add_s_P6_Q3_[].qasm,Quratest_7,0.0,0.0,0.32698794798861325,0.3003543721668085,0.30828350509815255,0.294052265657607,0.39088389147117,0.3805682018537174,0.6180244584708907,0.637109260563474,True,True,True,True,False,False,True,True,True,True
272,wstate_5_Mutant_Add_s_P6_Q3_[].qasm,PureState_8,0.0,0.0,0.46703880973662104,0.44873164248382824,0.3979626162986392,0.39929599365578355,0.40000000000000013,0.39002523940745987,0.6000000000000052,0.6203108993053942,True,True,True,True,False,False,True,True,True,True
273,wstate_5_Mutant_Add_s_P6_Q3_[].qasm,Quratest_8,0.0,0.0,0.45229928388269114,0.41325134074299563,0.3952384347412075,0.38006702849841484,0.3908838914711704,0.38214108343754477,0.618024458470891,0.6355272929301418,True,True,True,True,False,False,True,True,True,True
274,wstate_5_Mutant_Add_s_P6_Q3_[].qasm,PureState_9,0.0,0.0,0.4965153078311815,0.49428098479026056,0.4243687347072007,0.43872007841901267,0.3999999999999999,0.3911589212273073,0.6000000000000049,0.618038595642613,True,True,True,True,False,False,True,True,True,True
275,wstate_5_Mutant_Add_s_P6_Q3_[].qasm,Quratest_9,0.0,0.0,0.4003945611695817,0.36480420031057637,0.3815497536354596,0.3492903647171114,0.4160863219462793,0.40020356644237715,0.5761049807040549,0.6005534162061554,True,True,True,True,False,False,True,True,True,True
276,wstate_5_Mutant_Add_s_P6_Q3_[].qasm,PureState_10,0.0,0.0,0.30059798562278295,0.3720481352587412,0.29765678414442853,0.346649474008733,0.39999999999999997,0.3909012964050644,0.6000000000000049,0.6222690429763414,True,True,True,True,False,False,True,True,True,True
277,wstate_5_Mutant_Add_s_P6_Q3_[].qasm,Quratest_10,0.0,0.0,0.15859300993925032,0.151727713383657,0.15491149585510355,0.1473546563481118,0.15871799823560856,0.1545263696611243,0.9624030582815221,0.964239246051723,True,True,True,True,False,False,True,True,True,True
278,wstate_5_Mutant_Add_s_P6_Q3_[].qasm,PureState_11,0.0,0.0,0.47968980872369815,0.4760408987349854,0.40923554639993287,0.4195205175994916,0.4,0.39006030098255506,0.6000000000000049,0.620375095782895,True,True,True,True,False,False,True,True,True,True
279,wstate_5_Mutant_Add_s_P6_Q3_[].qasm,Quratest_11,0.0,0.0,0.123238081608982,0.16623304538425576,0.11832647465107943,0.1579655075346867,0.10100545448547993,0.09896674459243038,0.9744947454104588,0.9757652258819937,True,True,True,True,False,False,True,True,True,True
280,wstate_5_Mutant_Add_s_P6_Q3_[].qasm,PureState_12,1.7163440564612545e-177,0.0,0.2971634417269642,0.3490509418023024,0.2942454941427544,0.32328025206913746,0.4,0.39214945105930094,0.6000000000000042,0.6187901629795808,True,True,True,True,False,False,True,True,True,True
281,wstate_5_Mutant_Add_s_P6_Q3_[].qasm,Quratest_12,0.0,0.0,0.09278240978727795,0.11404925720921617,0.08733127981119934,0.10980860067324306,0.0031012221599244563,0.0034461524249375045,0.910116200835609,0.9146332214379639,True,True,True,True,False,False,True,True,True,True
282,wstate_5_Mutant_Add_s_P6_Q3_[].qasm,PureState_13,0.0,0.0,0.31684907395836653,0.361436353296034,0.3136115845777428,0.34156467338765745,0.4000000000000001,0.39213482960064894,0.6000000000000046,0.6188160025446534,True,True,True,True,False,False,True,True,True,True
283,wstate_5_Mutant_Add_s_P6_Q3_[].qasm,Quratest_13,0.0,0.0,0.29354027966414853,0.27815342012990557,0.28028078253768735,0.2677324816523641,0.2920228737337644,0.27732181031665243,0.5157325025437968,0.5435330449304957,True,True,True,True,False,False,True,True,True,True
284,wstate_5_Mutant_Add_s_P6_Q3_[].qasm,PureState_14,1.0580826947167671e-241,0.0,0.3101607415902806,0.3606966220166659,0.3070061893510833,0.34120663126539125,0.40000000000000013,0.39213482960064916,0.6000000000000052,0.6189161264911696,True,True,True,True,False,False,True,True,True,True
285,wstate_5_Mutant_Add_s_P6_Q3_[].qasm,Quratest_14,0.0,0.0,0.3931419881288491,0.3279348529329869,0.35857668450223007,0.3200929184608798,0.4000000000000088,0.3903472707800436,0.5999999999999877,0.6186267838644128,True,True,True,True,False,False,True,True,True,True
286,wstate_5_Mutant_Add_s_P6_Q3_[].qasm,PureState_15,0.0,0.0,0.30774756186183705,0.3752031328414212,0.30472505979628517,0.3540310366799905,0.4,0.39090129640506494,0.6000000000000051,0.6221772508470045,True,True,True,True,False,False,True,True,True,True
287,wstate_5_Mutant_Add_s_P6_Q3_[].qasm,Quratest_15,0.0,0.0,0.34345422728513114,0.3106980743373123,0.3247195706504755,0.3021788550094869,0.38009329621788435,0.37146653605615115,0.6388227154255637,0.6566722843031888,True,True,True,True,False,False,True,True,True,True
288,wstate_5_Mutant_Add_rx_P16_Q0_[3.141592653589793].qasm,PureState_0,0.6058585363469231,0.0,0.5757992062304571,0.5755394200399508,0.47938484661923925,0.4942663247378242,0.33333333333333354,0.3340993583710506,0.4444444444444484,0.45865961913862796,False,True,True,True,False,False,True,True,True,True
289,wstate_5_Mutant_Add_rx_P16_Q0_[3.141592653589793].qasm,Quratest_0,0.0,0.0,0.5231281727645396,0.5007700136823232,0.4983606132052407,0.47658412207242046,0.5932083483435454,0.5685958310772694,0.10880883068680611,0.14894200656077905,True,True,True,True,False,False,True,True,True,True
290,wstate_5_Mutant_Add_rx_P16_Q0_[3.141592653589793].qasm,PureState_1,0.0,0.0,0.8646271106605686,0.8349896812872732,0.7200613468813024,0.7132259791929003,0.7333333333333335,0.7187458753389451,0.07111111111111312,0.09660850075425617,True,True,True,True,False,False,True,True,True,True
291,wstate_5_Mutant_Add_rx_P16_Q0_[3.141592653589793].qasm,Quratest_1,0.0,0.0,0.7118676707757634,0.6966978655997121,0.649439237830546,0.6388816595228987,0.7841058462153936,0.755291894892482,0.15201291621640126,0.18973469803689239,True,True,True,True,False,False,True,True,True,True
292,wstate_5_Mutant_Add_rx_P16_Q0_[3.141592653589793].qasm,PureState_2,3.532251639878842e-213,0.0,0.5133136871135667,0.5436663314568743,0.4288663588590398,0.4600832812988371,0.26666666666666694,0.26668191463296237,0.5377777777777815,0.5499364506602011,True,True,True,True,False,False,True,True,True,True
293,wstate_5_Mutant_Add_rx_P16_Q0_[3.141592653589793].qasm,Quratest_2,0.0,0.0,0.4543865231696743,0.48391803115168014,0.44315932149580317,0.4665843736560633,0.611253497992331,0.5914385289683327,0.22741913883398085,0.25631784769803473,True,True,True,True,False,False,True,True,True,True
294,wstate_5_Mutant_Add_rx_P16_Q0_[3.141592653589793].qasm,PureState_3,4.48853478111184e-62,0.0,0.42852323640633294,0.4509730461899736,0.35699438160345504,0.3840506350619469,0.1666666666666669,0.171186333687651,0.6944444444444495,0.6972389178464112,True,True,True,True,False,False,True,True,True,True
295,wstate_5_Mutant_Add_rx_P16_Q0_[3.141592653589793].qasm,Quratest_3,0.0,0.0,0.36580961378443416,0.38480199550659155,0.3490922890386629,0.3627711944418162,0.43688040921637794,0.43063616818189987,0.5345222525981779,0.5473997238902298,True,True,True,True,False,False,True,True,True,True
296,wstate_5_Mutant_Add_rx_P16_Q0_[3.141592653589793].qasm,PureState_4,0.9777435187802701,0.0,0.9458766819493392,0.924135223042042,0.7875234588252598,0.7866037149367606,0.9,0.8787669742217621,0.010000000000000979,0.037161079754042446,False,True,True,True,False,False,True,True,True,True
297,wstate_5_Mutant_Add_rx_P16_Q0_[3.141592653589793].qasm,Quratest_4,0.0,0.0,0.5381841078864829,0.5134159726295862,0.5142158759547695,0.4945144863943031,0.65687449793177,0.6428912490718935,0.10458002497296656,0.1398866566848931,True,True,True,True,False,False,True,True,True,True
298,wstate_5_Mutant_Add_rx_P16_Q0_[3.141592653589793].qasm,PureState_5,0.0,0.0,0.8168673172711736,0.8092276942450757,0.6802596450959476,0.6845986373822581,0.666666666666667,0.6498352505821064,0.1111111111111135,0.14098698919079236,True,True,True,True,False,False,True,True,True,True
299,wstate_5_Mutant_Add_rx_P16_Q0_[3.141592653589793].qasm,Quratest_5,0.0,0.0,0.44736195258803957,0.44207349187523204,0.43516979195811667,0.428740291532819,0.5967062319983857,0.5835639817322886,0.26793700951734156,0.2917338159202864,True,True,True,True,False,False,True,True,True,True
300,wstate_5_Mutant_Add_rx_P16_Q0_[3.141592653589793].qasm,PureState_6,0.1920844907097693,0.0,0.9199578553810811,0.884410868999823,0.7659413934902484,0.7560779585694551,0.8333333333333335,0.812780689781062,0.027777777777779192,0.0554798508078658,False,True,True,True,False,False,True,True,True,True
301,wstate_5_Mutant_Add_rx_P16_Q0_[3.141592653589793].qasm,Quratest_6,0.0,0.0,0.7570588703485618,0.7177216955632737,0.6628923801913137,0.6424463101770618,0.697406059788623,0.6773660749501066,0.060736488184440725,0.09267902894059475,True,True,True,True,False,False,True,True,True,True
302,wstate_5_Mutant_Add_rx_P16_Q0_[3.141592653589793].qasm,PureState_7,0.0,0.0,0.814938514812335,0.7894928358349838,0.6787148528420378,0.6747308693662978,0.666666666666667,0.6483741839708843,0.11111111111111346,0.14379283761744333,True,True,True,True,False,False,True,True,True,True
303,wstate_5_Mutant_Add_rx_P16_Q0_[3.141592653589793].qasm,Quratest_7,0.0,0.0,0.7512953153040068,0.7455792394630278,0.687121089498245,0.6820950561504934,0.8241537415709843,0.8083636875679967,0.18256195356535845,0.20523363732273545,True,True,True,True,False,False,True,True,True,True
304,wstate_5_Mutant_Add_rx_P16_Q0_[3.141592653589793].qasm,PureState_8,0.9999920211543921,0.0,1.0,0.9682458365518541,0.8325546111576977,0.8248392698725041,1.0000000000000004,0.9745831001914993,9.992013414195585e-17,0.026913158498269207,False,True,True,True,False,False,True,True,True,True
305,wstate_5_Mutant_Add_rx_P16_Q0_[3.141592653589793].qasm,Quratest_8,0.0,0.0,0.47646970610263334,0.4581901322636501,0.4533801932412173,0.43586905818009924,0.5372022050081054,0.5208431402712638,0.06277795862504165,0.08900400652787951,True,True,True,True,False,False,True,True,True,True
306,wstate_5_Mutant_Add_rx_P16_Q0_[3.141592653589793].qasm,PureState_9,0.0,0.0,0.7242591556353509,0.7019773529045568,0.6031442847440279,0.6024590650142668,0.4999999999999999,0.48720159850344286,0.2500000000000032,0.27910503086677,True,True,True,True,False,False,True,True,True,True
307,wstate_5_Mutant_Add_rx_P16_Q0_[3.141592653589793].qasm,Quratest_9,0.0,0.0,0.647382843423067,0.6410050861652714,0.5933359195276955,0.5879696858681072,0.6751003333357929,0.6590895476265504,0.34912231552462114,0.37347082130684983,True,True,True,True,False,False,True,True,True,True
308,wstate_5_Mutant_Add_rx_P16_Q0_[3.141592653589793].qasm,PureState_10,0.0,0.0,0.31462302722484176,0.388184711041999,0.26214787054384564,0.3244774396098407,0.10000000000000002,0.10520451759217925,0.8100000000000048,0.809018365363194,True,True,True,True,False,False,True,True,True,True
309,wstate_5_Mutant_Add_rx_P16_Q0_[3.141592653589793].qasm,Quratest_10,0.0,0.0,0.6828362780886296,0.6677782346496351,0.6367900025367969,0.625608376611611,0.7414618470291213,0.7260797670564823,0.07730278592138477,0.10427972811386202,True,True,True,True,False,False,True,True,True,True
310,wstate_5_Mutant_Add_rx_P16_Q0_[3.141592653589793].qasm,PureState_11,0.2349018540481124,0.0,0.0034532746293011183,0.23230539439777526,0.003453271192841419,0.19476427554467413,8.171028742598668e-34,0.010277512829292805,1.0000000000000058,0.9865958613152498,False,True,False,True,True,False,False,True,False,True
311,wstate_5_Mutant_Add_rx_P16_Q0_[3.141592653589793].qasm,Quratest_11,0.0,0.0,0.7114583625003779,0.6883838426801037,0.5931308638535328,0.5900108164560754,0.5043130165323119,0.49506630246549665,0.2457055855792986,0.271549694354719,True,True,True,True,False,False,True,True,True,True
312,wstate_5_Mutant_Add_rx_P16_Q0_[3.141592653589793].qasm,PureState_12,0.0018703731193381856,0.0,0.7661471860939811,0.7373696536752709,0.638109880355215,0.6289921557546899,0.6000000000000004,0.5913824715472298,0.1600000000000025,0.18573334949228373,True,True,True,True,False,False,True,True,True,True
313,wstate_5_Mutant_Add_rx_P16_Q0_[3.141592653589793].qasm,Quratest_12,0.0,0.0,0.5275463526319412,0.5154709459166957,0.4906727968825667,0.4787772591485426,0.45929352550986796,0.45225045905334954,0.25850374077793287,0.2826507533097098,True,True,True,True,False,False,True,True,True,True
314,wstate_5_Mutant_Add_rx_P16_Q0_[3.141592653589793].qasm,PureState_13,0.8294338121198263,0.0,0.8629517132852434,0.8348840957484968,0.7185703551389354,0.7108334117559576,0.7333333333333335,0.717278641793029,0.07111111111111315,0.09955022151850718,False,True,True,True,False,False,True,True,True,True
315,wstate_5_Mutant_Add_rx_P16_Q0_[3.141592653589793].qasm,Quratest_13,0.0,0.0,0.6479401959034912,0.6215384588918484,0.6082315059711809,0.5854455029375654,0.7461520171380452,0.7286263115222853,2.1754920877283e-06,0.03226026282530538,True,True,True,True,False,False,True,True,True,True
316,wstate_5_Mutant_Add_rx_P16_Q0_[3.141592653589793].qasm,PureState_14,1.7865159268863615e-284,0.0,0.642082996913174,0.6208314376310361,0.5351727654170155,0.5353149536871085,0.3999999999999999,0.3920550287866189,0.3600000000000036,0.3846066342934674,True,True,True,True,False,False,True,True,True,True
317,wstate_5_Mutant_Add_rx_P16_Q0_[3.141592653589793].qasm,Quratest_14,0.0,0.0,0.5214616532583364,0.5334375561964293,0.5057203209615164,0.5118414977860983,0.6950400963023282,0.6797215406138729,0.057729724012260564,0.09138092262927498,True,True,True,True,False,False,True,True,True,True
318,wstate_5_Mutant_Add_rx_P16_Q0_[3.141592653589793].qasm,PureState_15,0.22228643159444358,0.0,0.9504973328901233,0.9202844029695569,0.7913651287189193,0.785389263151047,0.9,0.8802447739711051,0.010000000000000956,0.03408813834479487,False,True,True,True,False,False,True,True,True,True
319,wstate_5_Mutant_Add_rx_P16_Q0_[3.141592653589793].qasm,Quratest_15,0.0,0.0,0.6364736335935461,0.6399287389005633,0.5934505909748138,0.5901100664274914,0.6918737910025986,0.6798401490755508,0.35816148267585446,0.37604806015463177,True,True,True,True,False,False,True,True,True,True
320,wstate_5_Mutant_Remove_ry_P1_Q1.qasm,PureState_0,1.7794195335672915e-205,0.0,0.3419189373126276,0.3960517259142979,0.33807974882540137,0.374383321554826,0.4553418012614796,0.44400493729084445,0.788675134594818,0.7951165709784337,True,True,True,True,False,False,True,True,True,True
321,wstate_5_Mutant_Remove_ry_P1_Q1.qasm,Quratest_0,0.0,0.0,0.21675173739753298,0.2224362667867667,0.21253676151169232,0.21780807627710183,0.22343757401113157,0.2138297438028041,0.7906256307969214,0.8027641760541381,True,True,True,True,False,False,True,True,True,True
322,wstate_5_Mutant_Remove_ry_P1_Q1.qasm,PureState_1,0.0,0.0,0.3242734319202805,0.3700703199052454,0.29300279301344867,0.33013563446660826,0.3089316397477043,0.3032551037730197,0.788675134594819,0.7946792165663709,True,True,True,True,False,False,True,True,True,True
323,wstate_5_Mutant_Remove_ry_P1_Q1.qasm,Quratest_1,0.0,0.0,0.26813103911233016,0.2937350098473851,0.2603294713286108,0.27684093193681575,0.23872620989547833,0.228892278142582,0.850492670110926,0.8585592810387025,True,True,True,True,False,False,True,True,True,True
324,wstate_5_Mutant_Remove_ry_P1_Q1.qasm,PureState_2,0.0,0.0,0.32038638546630677,0.3574331735572347,0.2861753233886509,0.32731295765277846,0.3089316397477042,0.3030636448588998,0.7886751345948184,0.7947091565697502,True,True,True,True,False,False,True,True,True,True
325,wstate_5_Mutant_Remove_ry_P1_Q1.qasm,Quratest_2,0.0,0.0,0.32160042877177913,0.33928620653456476,0.3054930659958127,0.31697370646950157,0.3041684861854156,0.2982366256711535,0.8012166647732089,0.8084688123755652,True,True,True,True,False,False,True,True,True,True
326,wstate_5_Mutant_Remove_ry_P1_Q1.qasm,PureState_3,0.0,0.0,0.34292119571745194,0.3793427236539922,0.30550870209103753,0.3368175839863569,0.2723290993692604,0.2682618058274424,0.7886751345948182,0.795288605309594,True,True,True,True,False,False,True,True,True,True
327,wstate_5_Mutant_Remove_ry_P1_Q1.qasm,Quratest_3,0.0,0.0,0.15844078207429613,0.20966849532127488,0.15257983219974125,0.1967604343693266,0.08669574187164725,0.0883174919077579,0.788675134594817,0.7959172652030946,True,True,True,True,False,False,True,True,True,True
328,wstate_5_Mutant_Remove_ry_P1_Q1.qasm,PureState_4,0.0,0.0,0.3479751955733487,0.3579967220907431,0.3031843804807909,0.32188528334143673,0.24792740578363087,0.24422261275771856,0.7886751345948184,0.7958286904537655,True,True,True,True,False,False,True,True,True,True
329,wstate_5_Mutant_Remove_ry_P1_Q1.qasm,Quratest_4,0.0,0.0,0.23072000521302258,0.19316655690700962,0.2199817847201378,0.18792036336093923,0.17557103121846096,0.17429644033208058,0.7886751345948194,0.7942638674874444,True,True,True,True,False,False,True,True,True,True
330,wstate_5_Mutant_Remove_ry_P1_Q1.qasm,PureState_5,5.026271509577408e-125,0.0,0.3547327976686565,0.4135926115177165,0.3504585596571363,0.3879573772294844,0.45534180126147966,0.4438143464011305,0.788675134594819,0.7953322777934116,True,True,True,True,False,False,True,True,True,True
331,wstate_5_Mutant_Remove_ry_P1_Q1.qasm,Quratest_5,0.0,0.0,0.2260735348880562,0.19399498558418737,0.2161509691102164,0.18925572822039008,0.1597830665519074,0.15761233271806796,0.7886751345948187,0.7953917516855189,True,True,True,True,False,False,True,True,True,True
332,wstate_5_Mutant_Remove_ry_P1_Q1.qasm,PureState_6,0.0,0.0,0.34026346781034045,0.36487513339827454,0.3015344706180862,0.33285021925715147,0.2723290993692604,0.26845281763692697,0.7886751345948178,0.7952056396264588,True,True,True,True,False,False,True,True,True,True
333,wstate_5_Mutant_Remove_ry_P1_Q1.qasm,Quratest_6,0.0,0.0,0.3440315269636033,0.3465444595615276,0.33750269571253866,0.33542418366084786,0.42069740782506615,0.40859974817014433,0.7886751345948164,0.7949000281926236,True,True,True,True,False,False,True,True,True,True
334,wstate_5_Mutant_Remove_ry_P1_Q1.qasm,PureState_7,2.191337394762955e-96,0.0,0.3366047412729831,0.38954943407201187,0.33303692496391657,0.3664540954059927,0.45534180126147966,0.44385136314935464,0.7886751345948178,0.7953022068053396,True,True,True,True,False,False,True,True,True,True
335,wstate_5_Mutant_Remove_ry_P1_Q1.qasm,Quratest_7,0.0,0.0,0.26745884557834787,0.2529720422002273,0.2526189511778102,0.23918244234014713,0.2206594680865823,0.21700648785506088,0.788675134594819,0.795387748224752,True,True,True,True,False,False,True,True,True,True
336,wstate_5_Mutant_Remove_ry_P1_Q1.qasm,PureState_8,0.0,0.0,0.3217152965180304,0.34545572586549284,0.2708864917831563,0.30422916164450153,0.21132486540518727,0.20930483293835475,0.7886751345948192,0.7969941754105828,True,True,True,True,False,False,True,True,True,True
337,wstate_5_Mutant_Remove_ry_P1_Q1.qasm,Quratest_8,0.0,0.0,0.21636085718891002,0.23231888302939122,0.2124044987361018,0.2203063724028571,0.2401405246427279,0.23467658063800995,0.7886798814079794,0.7961456937344015,True,True,True,True,False,False,True,True,True,True
338,wstate_5_Mutant_Remove_ry_P1_Q1.qasm,PureState_9,0.0,0.0,0.344897613133946,0.39103764435415383,0.3289010488094663,0.36348805660203726,0.3943375672974063,0.3842326794068249,0.788675134594818,0.7944319257573873,True,True,True,True,False,False,True,True,True,True
339,wstate_5_Mutant_Remove_ry_P1_Q1.qasm,Quratest_9,0.0,0.0,0.3233304948252239,0.3388232385592924,0.3019249594336667,0.31952669210436724,0.3013400322347646,0.2935185474748979,0.7886751345948178,0.7955330859321035,True,True,True,True,False,False,True,True,True,True
340,wstate_5_Mutant_Remove_ry_P1_Q1.qasm,PureState_10,0.0,0.0,0.3163603440382588,0.35119214964355544,0.27332422122763295,0.3116446797665979,0.24792740578363098,0.2440150858625354,0.7886751345948186,0.7959181848448146,True,True,True,True,False,False,True,True,True,True
341,wstate_5_Mutant_Remove_ry_P1_Q1.qasm,Quratest_10,0.0,0.0,0.32858171501776023,0.31863288289039776,0.31526430126054567,0.30609432273040155,0.3526488602984157,0.34512780067406423,0.7886751345948164,0.7958415594481427,True,True,True,True,False,False,True,True,True,True
342,wstate_5_Mutant_Remove_ry_P1_Q1.qasm,PureState_11,0.0,0.0,0.3399825877429182,0.3494262331925554,0.2866485995746753,0.3113298295673278,0.2113248654051873,0.20908754533457669,0.7886751345948186,0.7971723706008562,True,True,True,True,False,False,True,True,True,True
343,wstate_5_Mutant_Remove_ry_P1_Q1.qasm,Quratest_11,0.0,0.0,0.15940607922034253,0.1552124107156178,0.1575399759969236,0.15045052562161174,0.12028071111579013,0.1165522107198228,0.8276025307120809,0.8355268088440343,True,True,True,True,False,False,True,True,True,True
344,wstate_5_Mutant_Remove_ry_P1_Q1.qasm,PureState_12,0.0,0.0,0.34185542734312463,0.4039749198061124,0.3189054648981921,0.37187494849861824,0.35773502691896253,0.34938443049053614,0.7886751345948192,0.7942565082685477,True,True,True,True,False,False,True,True,True,True
345,wstate_5_Mutant_Remove_ry_P1_Q1.qasm,Quratest_12,0.0,0.0,0.22488669082924645,0.22027893621476774,0.21554126178973165,0.20953755275865993,0.20027774093804235,0.19599692713646763,0.8691900667134846,0.8730964814959106,True,True,True,True,False,False,True,True,True,True
346,wstate_5_Mutant_Remove_ry_P1_Q1.qasm,PureState_13,0.0,0.0,0.3378296707462334,0.3717439277388912,0.30626283634574464,0.34097128125946824,0.3089316397477043,0.3032471274541342,0.7886751345948186,0.7946027709175454,True,True,True,True,False,False,True,True,True,True
347,wstate_5_Mutant_Remove_ry_P1_Q1.qasm,Quratest_13,0.0,0.0,0.3640879088703197,0.3315023517475138,0.33565455829377716,0.31544296447124764,0.35161171792899926,0.3433114806671004,0.788675134594818,0.7952522318054664,True,True,True,True,False,False,True,True,True,True
348,wstate_5_Mutant_Remove_ry_P1_Q1.qasm,PureState_14,0.0,0.0,0.3256076777458982,0.3579317242457669,0.30501221619093544,0.3353146638762649,0.35773502691896253,0.34920560275205603,0.7886751345948182,0.7943407662496373,True,True,True,True,False,False,True,True,True,True
349,wstate_5_Mutant_Remove_ry_P1_Q1.qasm,Quratest_14,0.0,0.0,0.26951181796825846,0.297315265495296,0.2639821347336623,0.28365452222119275,0.31647840601034055,0.30857103707438416,0.8406433459451388,0.846669634831413,True,True,True,True,False,False,True,True,True,True
350,wstate_5_Mutant_Remove_ry_P1_Q1.qasm,PureState_15,0.0,0.0,0.32510529070819705,0.3499604934154763,0.2833808619106687,0.31320377422367907,0.24792740578363087,0.24422261275771887,0.7886751345948194,0.7959872769069781,True,True,True,True,False,False,True,True,True,True
351,wstate_5_Mutant_Remove_ry_P1_Q1.qasm,Quratest_15,1.9120096840962005e-180,0.0,0.1231354830245729,0.19908561223308552,0.12275149677511647,0.18298543580355867,0.146278347139495,0.14274953872733664,0.9557900326849017,0.957407184910169,True,True,True,True,False,False,True,True,True,True
352,wstate_5_Mutant_Add_z_P0_Q0_[].qasm,PureState_0,0.8644946776443927,0.0,0.01028202708902773,0.21944014743736642,0.010281892149141105,0.18376577093269134,0.0,1.4834659908882585e-15,1.0000000000000053,0.9999999954599774,False,True,True,True,False,False,False,False,False,False
353,wstate_5_Mutant_Add_z_P0_Q0_[].qasm,Quratest_0,0.0,0.0,0.3395001450402833,0.3248991313623927,0.323929256355636,0.3088110502149077,0.24279701633844913,0.23475573525089577,0.015538256664410539,0.060358364196768786,True,True,True,True,False,False,True,True,True,True
354,wstate_5_Mutant_Add_z_P0_Q0_[].qasm,PureState_1,4.9664090164016346e-08,0.0,0.06912357641156615,0.2354127125944137,0.06902728321144895,0.1984273014781504,0.0,9.032841526864516e-16,1.0000000000000062,0.9999999954599781,True,True,True,True,False,False,False,False,False,False
355,wstate_5_Mutant_Add_z_P0_Q0_[].qasm,Quratest_1,0.0,0.0,0.47626132269389104,0.4943649541337278,0.4324400454546731,0.4477735940054331,0.32488827239873524,0.3128378327530134,0.27965270380645163,0.315878343466533,True,True,True,True,False,False,True,True,True,True
356,wstate_5_Mutant_Add_z_P0_Q0_[].qasm,PureState_2,0.0,0.0,0.05604947104426087,0.2172664238211473,0.05599696621342867,0.18362242021751932,0.0,1.1130472686520898e-15,1.0000000000000058,0.9999999954599765,True,True,True,True,False,False,False,False,False,False
357,wstate_5_Mutant_Add_z_P0_Q0_[].qasm,Quratest_2,0.0,0.0,0.411747907597283,0.4529368170670923,0.40094702085716927,0.43376217224970937,0.47910465777665234,0.46147185866164453,0.33772828892849677,0.3666238093543931,True,True,True,True,False,False,True,True,True,True
358,wstate_5_Mutant_Add_z_P0_Q0_[].qasm,PureState_3,0.00048504247098564906,0.0,0.04598445445313707,0.23207459578801307,0.04592810733136474,0.1948640361625285,0.0,1.484305298022737e-15,1.0000000000000058,0.9999999954599772,True,True,True,True,False,False,False,False,False,False
359,wstate_5_Mutant_Add_z_P0_Q0_[].qasm,Quratest_3,0.0,0.0,0.3381065908137912,0.3662961110701893,0.3141232508390223,0.33525648669180996,0.17428707485363173,0.17866189237233018,0.07058206758069835,0.09587165809616388,True,True,True,True,False,False,True,True,True,True
360,wstate_5_Mutant_Add_z_P0_Q0_[].qasm,PureState_4,0.5015111932394929,0.0,0.02483639288463386,0.23274111464572786,0.024827919687511572,0.19639742431824708,0.0,1.2922508648355934e-15,1.0000000000000067,0.9999999954599768,False,True,True,True,False,False,False,False,False,False
361,wstate_5_Mutant_Add_z_P0_Q0_[].qasm,Quratest_4,0.0,0.0,0.42546262720911354,0.410568952704549,0.4029634536083543,0.3887317751735376,0.30382881928287425,0.3034111134144346,0.3098096461442702,0.3283277256917502,True,True,True,True,False,False,True,True,True,True
362,wstate_5_Mutant_Add_z_P0_Q0_[].qasm,PureState_5,0.06967777700084471,0.0,0.024900984252921213,0.24723824675186723,0.024897011726412052,0.20735504145849443,0.0,1.55974398199564e-15,1.0000000000000062,0.9999999954599763,False,True,True,True,False,False,False,False,False,False
363,wstate_5_Mutant_Add_z_P0_Q0_[].qasm,Quratest_5,0.0,0.0,0.260911129678393,0.2590729606892939,0.25012359219698904,0.2505755679441233,0.1500317644840915,0.15088963881106338,0.30682834046376184,0.3258708563641127,True,True,True,True,False,False,True,True,True,True
364,wstate_5_Mutant_Add_z_P0_Q0_[].qasm,PureState_6,0.0,0.0,0.017349300166064282,0.2430469290976292,0.017346398882910657,0.20418164447357107,0.0,1.6504322167001843e-15,1.0000000000000053,0.999999995459977,True,True,True,True,False,False,False,False,False,False
365,wstate_5_Mutant_Add_z_P0_Q0_[].qasm,Quratest_6,0.0,0.0,0.7762356150893243,0.7343732953490859,0.6698554600269048,0.6464065744148207,0.6463459784247113,0.6295155855734246,0.02171222190060447,0.04330246416545042,True,True,True,True,False,False,True,True,True,True
366,wstate_5_Mutant_Add_z_P0_Q0_[].qasm,PureState_7,0.0002570478455116641,0.0,0.011977521136918317,0.22943269090623813,0.011976848204615692,0.1924993232504565,0.0,1.5948004982509468e-15,1.0000000000000058,0.9999999954599745,True,True,True,True,False,False,False,False,False,False
367,wstate_5_Mutant_Add_z_P0_Q0_[].qasm,Quratest_7,0.0,0.0,0.12756000059767691,0.1758866812119085,0.12441495345906493,0.15936855236069838,0.05831432687025924,0.05869662079768643,0.8989952288288988,0.9019868015207649,True,True,True,True,False,False,True,True,True,True
368,wstate_5_Mutant_Add_z_P0_Q0_[].qasm,PureState_8,,0.0,0.0,0.2305892712780783,0.0,0.19310367656483693,0.0,1.309430621532112e-15,1.0000000000000067,0.9999999954599759,False,True,False,True,True,False,False,False,False,False
369,wstate_5_Mutant_Add_z_P0_Q0_[].qasm,Quratest_8,0.0,0.0,0.4127112354768236,0.40499641727706637,0.3853637072878099,0.3780904846317758,0.3154547896047465,0.3083226039653152,0.013503766112970434,0.03858590857743649,True,True,True,True,False,False,True,True,True,True
370,wstate_5_Mutant_Add_z_P0_Q0_[].qasm,PureState_9,1.8959879205306204e-270,0.0,0.034344097496301566,0.22892920763382066,0.034333154866597895,0.19228419435306468,0.0,1.7048599771057313e-15,1.0000000000000058,0.999999995459973,True,True,True,True,False,False,False,False,False,False
371,wstate_5_Mutant_Add_z_P0_Q0_[].qasm,Quratest_9,0.0,0.0,0.16633825134008495,0.21976853063269583,0.1642593343439797,0.20385201727041646,0.13767106466701917,0.13805683963070287,0.8989952288288988,0.9019724189856927,True,True,True,True,False,False,True,True,True,True
372,wstate_5_Mutant_Add_z_P0_Q0_[].qasm,PureState_10,0.0,0.0,0.031203897791842256,0.2372089519804598,0.03116276586857397,0.1998238305661571,0.0,1.145251870672116e-15,1.0000000000000058,0.9999999954599739,True,True,True,True,False,False,False,False,False,False
373,wstate_5_Mutant_Add_z_P0_Q0_[].qasm,Quratest_10,0.0,0.0,0.0977488536291748,0.11636066100854427,0.09331539734464571,0.11128995690075992,0.02512120507722543,0.02512194645587443,0.7953635751801568,0.802208812654599,True,True,True,True,False,False,True,True,True,True
374,wstate_5_Mutant_Add_z_P0_Q0_[].qasm,PureState_11,0.28787631338927366,0.0,0.00483443229601284,0.23240577671677937,0.004834422869778557,0.1948837963747534,0.0,1.6556484969794302e-15,1.0000000000000058,0.9999999954599781,False,True,False,True,True,False,False,False,False,False
375,wstate_5_Mutant_Add_z_P0_Q0_[].qasm,Quratest_11,0.0,0.0,0.08066010502826192,0.142539421475126,0.07860140151719308,0.13495098228822344,2.2028494479908733e-14,2.2427981447237827e-14,1.0000000000000044,0.9999999652472974,True,True,True,True,False,False,False,False,False,False
376,wstate_5_Mutant_Add_z_P0_Q0_[].qasm,PureState_12,0.10858024861224803,0.0,0.009029644831958011,0.23644742681502307,0.009029525093071459,0.1996784682342721,0.0,1.0452145671595705e-15,1.0000000000000053,0.9999999954599781,False,True,False,True,True,False,False,False,False,False
377,wstate_5_Mutant_Add_z_P0_Q0_[].qasm,Quratest_12,0.0,0.0,0.5409707450806276,0.5348208313690545,0.5005199229771825,0.49241674610834846,0.4250947848368263,0.4207087643801842,0.0025721990154729756,0.02352900897440637,True,True,True,True,False,False,True,True,True,True
378,wstate_5_Mutant_Add_z_P0_Q0_[].qasm,PureState_13,0.0,0.0,0.03031698172137631,0.20309792007142463,0.0303042748232924,0.17105963766712404,0.0,1.1960507461263349e-15,1.0000000000000058,0.9999999954599756,True,True,True,True,False,False,False,False,False,False
379,wstate_5_Mutant_Add_z_P0_Q0_[].qasm,Quratest_13,0.0,0.0,0.22563893572538551,0.229779835395374,0.2207351226213716,0.2179175389141406,0.1479172816375549,0.14524732697450624,0.800970601445335,0.8067014605181333,True,True,True,True,False,False,True,True,True,True
380,wstate_5_Mutant_Add_z_P0_Q0_[].qasm,PureState_14,5.826925827898512e-249,0.0,0.03413721998570999,0.197325243436417,0.03413152416101519,0.1655266008331647,0.0,1.2715151041499893e-15,1.0000000000000049,0.9999999954599736,True,True,True,True,False,False,False,False,False,False
381,wstate_5_Mutant_Add_z_P0_Q0_[].qasm,Quratest_14,0.0,0.0,0.4183248031585392,0.4375967912383403,0.407219761249622,0.41921003220634606,0.42910047104480264,0.42099093866550474,0.5544433722851607,0.5672213868909679,True,True,True,True,False,False,True,True,True,True
382,wstate_5_Mutant_Add_z_P0_Q0_[].qasm,PureState_15,0.34778483795601095,0.0,0.02332525367986873,0.20977104076479183,0.023317107482427105,0.1763918739864618,0.0,1.0079334519587554e-15,1.000000000000007,0.9999999954599768,False,True,True,True,False,False,False,False,False,False
383,wstate_5_Mutant_Add_z_P0_Q0_[].qasm,Quratest_15,0.0,0.0,0.20011043356446973,0.23337545882428296,0.19837991007992808,0.218873472048922,0.15367059145104384,0.15072133705405588,0.8504441175580199,0.8552269547075809,True,True,True,True,False,False,True,True,True,True
384,wstate_5_Mutant_Remove_ry_P8_Q2.qasm,PureState_0,0.0,0.0,0.3799962075956707,0.40265869394634807,0.3216585273556707,0.35196434173300273,0.24999999999999997,0.2493603107494763,0.7500000000000059,0.7577042038707112,True,True,True,True,False,False,True,True,True,True
385,wstate_5_Mutant_Remove_ry_P8_Q2.qasm,Quratest_0,0.0,0.0,0.3410528848688657,0.32785909366693033,0.33087708755823747,0.32001302610779614,0.3696230049065894,0.363208517320596,0.7504230192733544,0.7584249575340142,True,True,True,True,False,False,True,True,True,True
386,wstate_5_Mutant_Remove_ry_P8_Q2.qasm,PureState_1,0.0,0.0,0.37732330407352527,0.41027559853752105,0.36421049044522724,0.3839095608224755,0.45000000000000007,0.44270916340603217,0.7500000000000051,0.7562177084137649,True,True,True,True,False,False,True,True,True,True
387,wstate_5_Mutant_Remove_ry_P8_Q2.qasm,Quratest_1,0.0,0.0,0.3262215253873194,0.3752358295024014,0.3182665393901769,0.3565070883488057,0.3312378190004235,0.32619961097368894,0.7500000000000054,0.7560514146956971,True,True,True,True,False,False,True,True,True,True
388,wstate_5_Mutant_Remove_ry_P8_Q2.qasm,PureState_2,0.0,0.0,0.3656679601074748,0.3919460519236951,0.3519814427715273,0.369168655096462,0.44999999999999996,0.44270916340603217,0.7500000000000051,0.7562065190678263,True,True,True,True,False,False,True,True,True,True
389,wstate_5_Mutant_Remove_ry_P8_Q2.qasm,Quratest_2,0.0,0.0,0.307650106035895,0.33214229967914816,0.30075706120485235,0.3164652272988236,0.3323653575740516,0.3252532366943395,0.7500000000000054,0.7587500421044768,True,True,True,True,False,False,True,True,True,True
390,wstate_5_Mutant_Remove_ry_P8_Q2.qasm,PureState_3,1.7489871174705494e-160,0.0,0.3645016028274239,0.42719623921378036,0.36006850567285736,0.4040813471999523,0.5000000000000001,0.4908986459895741,0.7500000000000054,0.7565188319303814,True,True,True,True,False,False,True,True,True,True
391,wstate_5_Mutant_Remove_ry_P8_Q2.qasm,Quratest_3,0.0,0.0,0.375747133562887,0.375866127350122,0.3459984012629963,0.34793542557912316,0.35728064220074385,0.3525891169091537,0.7500000000000041,0.7576520091211787,True,True,True,True,False,False,True,True,True,True
392,wstate_5_Mutant_Remove_ry_P8_Q2.qasm,PureState_4,0.0,0.0,0.3672947127107375,0.42885590667017376,0.32115754341318586,0.36927254746296967,0.29999999999999993,0.29644004730435053,0.7500000000000064,0.7575199765935486,True,True,True,True,False,False,True,True,True,True
393,wstate_5_Mutant_Remove_ry_P8_Q2.qasm,Quratest_4,0.0,0.0,0.2550804160022245,0.27391680546746955,0.2484772270740423,0.26755260431870365,0.30283738318540815,0.28974063879457296,0.798782171128562,0.8094979499935798,True,True,True,True,False,False,True,True,True,True
394,wstate_5_Mutant_Remove_ry_P8_Q2.qasm,PureState_5,0.0,0.0,0.35516586801378364,0.3906764179849111,0.30027404234606825,0.34153482752623915,0.25,0.24936031074947623,0.7500000000000053,0.757744577076587,True,True,True,True,False,False,True,True,True,True
395,wstate_5_Mutant_Remove_ry_P8_Q2.qasm,Quratest_5,0.0,0.0,0.2470919892553996,0.28706829769226566,0.2286758297338958,0.2631606426935452,0.1812542957757514,0.18036919289765746,0.7500000000000051,0.7588058119940652,True,True,True,True,False,False,True,True,True,True
396,wstate_5_Mutant_Remove_ry_P8_Q2.qasm,PureState_6,0.0,0.0,0.37611198704731813,0.4263650322946519,0.3713761423242212,0.4016768215419389,0.5000000000000001,0.49089864598957406,0.7500000000000054,0.7565297408874406,True,True,True,True,False,False,True,True,True,True
397,wstate_5_Mutant_Remove_ry_P8_Q2.qasm,Quratest_6,0.0,0.0,0.21003194126394795,0.24367602269088545,0.2033700824417442,0.22347898452323367,0.20254518510640077,0.19781139631654093,0.7605657747274505,0.771064209155073,True,True,True,True,False,False,True,True,True,True
398,wstate_5_Mutant_Remove_ry_P8_Q2.qasm,PureState_7,0.0,0.0,0.3631473185914005,0.39856306153543564,0.30723625320492104,0.34213416590066276,0.25,0.24936031074947634,0.7500000000000053,0.757723153117573,True,True,True,True,False,False,True,True,True,True
399,wstate_5_Mutant_Remove_ry_P8_Q2.qasm,Quratest_7,0.0,0.0,0.1595646795295443,0.23028806897211185,0.15542066582983724,0.21289146297123998,0.14798778369761573,0.14769496607522728,0.7505497674037551,0.7612675706879796,True,True,True,True,False,False,True,True,True,True
400,wstate_5_Mutant_Remove_ry_P8_Q2.qasm,PureState_8,0.0,0.0,0.3782104902694655,0.3974724257652387,0.3197953615863645,0.34539618980729075,0.25000000000000006,0.24723400122683342,0.7500000000000057,0.7594061996493149,True,True,True,True,False,False,True,True,True,True
401,wstate_5_Mutant_Remove_ry_P8_Q2.qasm,Quratest_8,0.0,0.0,0.39342776772608073,0.38201002021518715,0.38256249233852535,0.3739054613236553,0.47871487408186153,0.47166773764797787,0.7500000000000054,0.7549505411905794,True,True,True,True,False,False,True,True,True,True
402,wstate_5_Mutant_Remove_ry_P8_Q2.qasm,PureState_9,1.1086718414368709e-133,0.0,0.37130381425398223,0.42258187567498856,0.36654439898414654,0.39970208247182104,0.5000000000000001,0.49307286708989634,0.7500000000000061,0.754327717360564,True,True,True,True,False,False,True,True,True,True
403,wstate_5_Mutant_Remove_ry_P8_Q2.qasm,Quratest_9,0.0,0.0,0.3780420165812417,0.3700576502120023,0.3664835517025667,0.357955320401006,0.4484985280003024,0.44021814876142046,0.758101214804792,0.7656244494119324,True,True,True,True,False,False,True,True,True,True
404,wstate_5_Mutant_Remove_ry_P8_Q2.qasm,PureState_10,0.0,0.0,0.3713607902799786,0.407273137773536,0.32631272748862816,0.3637799357947438,0.29999999999999993,0.29644004730435036,0.7500000000000059,0.7575105782659978,True,True,True,True,False,False,True,True,True,True
405,wstate_5_Mutant_Remove_ry_P8_Q2.qasm,Quratest_10,0.0,0.0,0.1881862160495293,0.1823042944928919,0.18231844889118543,0.17735602393932823,0.18560820826572105,0.18160275028135353,0.7513103195814678,0.7621087458149431,True,True,True,True,False,False,True,True,True,True
406,wstate_5_Mutant_Remove_ry_P8_Q2.qasm,PureState_11,0.0,0.0,0.36982506983743557,0.3979459096308945,0.3127176972009122,0.3481594746069197,0.25,0.24723400122683348,0.7500000000000053,0.7594811599840572,True,True,True,True,False,False,True,True,True,True
407,wstate_5_Mutant_Remove_ry_P8_Q2.qasm,Quratest_11,0.0,0.0,0.25937677861712044,0.26124998476649397,0.2560768628942865,0.2554631393955171,0.3085456938541739,0.30405565772318144,0.7605555753354142,0.7690522551748274,True,True,True,True,False,False,True,True,True,True
408,wstate_5_Mutant_Remove_ry_P8_Q2.qasm,PureState_12,0.0,0.0,0.36108559904025433,0.42928491888292364,0.3460342291778776,0.3966542144760865,0.44999999999999996,0.4440253826270697,0.7500000000000049,0.7548485875317954,True,True,True,True,False,False,True,True,True,True
409,wstate_5_Mutant_Remove_ry_P8_Q2.qasm,Quratest_12,0.0,0.0,0.3611511278514029,0.3490288009386369,0.34612463760784934,0.3361616591976657,0.4146518239841121,0.40853825133206123,0.7505379100192134,0.7572353326985298,True,True,True,True,False,False,True,True,True,True
410,wstate_5_Mutant_Remove_ry_P8_Q2.qasm,PureState_13,0.0,0.0,0.37994465800639815,0.40026510617961963,0.36426796520985083,0.3794509363364872,0.45000000000000007,0.44270916340603217,0.7500000000000051,0.7562112822238201,True,True,True,True,False,False,True,True,True,True
411,wstate_5_Mutant_Remove_ry_P8_Q2.qasm,Quratest_13,0.0,0.0,0.3147994375995242,0.32654384549830073,0.29931104913549766,0.3097593621379795,0.292906842626704,0.2809293398115745,0.7727575141712852,0.7835630278581984,True,True,True,True,False,False,True,True,True,True
412,wstate_5_Mutant_Remove_ry_P8_Q2.qasm,PureState_14,0.0,0.0,0.39291186051445603,0.41045020860592113,0.37681554283365687,0.38891928701100764,0.44999999999999996,0.44402538262706975,0.7500000000000057,0.7548147045475363,True,True,True,True,False,False,True,True,True,True
413,wstate_5_Mutant_Remove_ry_P8_Q2.qasm,Quratest_14,0.0,0.0,0.32146450496245765,0.31292350296873744,0.3124230802643789,0.3003971772604293,0.3849865781388937,0.3784241569239899,0.750204446546602,0.7578938272114651,True,True,True,True,False,False,True,True,True,True
414,wstate_5_Mutant_Remove_ry_P8_Q2.qasm,PureState_15,0.0,0.0,0.3747003268573337,0.38418942043766363,0.32940275548377734,0.3460831905527458,0.29999999999999993,0.29644004730435064,0.7500000000000069,0.7575220142594471,True,True,True,True,False,False,True,True,True,True
415,wstate_5_Mutant_Remove_ry_P8_Q2.qasm,Quratest_15,0.0,0.0,0.3559439835115326,0.3455829730458121,0.33167524167443385,0.3300397520672838,0.4064165668883746,0.4007297450569859,0.7500000000000049,0.7559983424372471,True,True,True,True,False,False,True,True,True,True
416,wstate_5_Mutant_Replace_rzz_P7_Q3_[3.9269908169872414].qasm,PureState_0,0.0,0.0,0.6583656670570164,0.6519093807128351,0.5717684392990457,0.5783583710683816,0.6401650429449554,0.629196033789555,0.3598349570550477,0.3795931391086597,True,True,True,True,False,False,True,True,True,True
417,wstate_5_Mutant_Replace_rzz_P7_Q3_[3.9269908169872414].qasm,Quratest_0,0.0,0.0,0.26399364450257345,0.2110307099331963,0.24136684524186547,0.206932916228233,0.17206749360424833,0.17125976317599417,0.7395993114784046,0.7504960461332029,True,True,True,True,False,False,True,True,True,True
418,wstate_5_Mutant_Replace_rzz_P7_Q3_[3.9269908169872414].qasm,PureState_1,0.0,0.0,0.2960156986736384,0.35122458780784255,0.2616079472244414,0.3104422470697043,0.2159009742330269,0.21556605833076506,0.6972361107568265,0.7062538397359892,True,True,True,True,False,False,True,True,True,True
419,wstate_5_Mutant_Replace_rzz_P7_Q3_[3.9269908169872414].qasm,Quratest_1,0.0,0.0,0.25611712815425675,0.3136284815228989,0.24162875921285848,0.2865027797363418,0.2025005568201788,0.20064142229047444,0.24767725173375676,0.2862461445584761,True,True,True,True,False,False,True,True,True,True
420,wstate_5_Mutant_Replace_rzz_P7_Q3_[3.9269908169872414].qasm,PureState_2,0.0,0.0,0.31515723988208183,0.35295838465703755,0.2775371841705103,0.3167826875714812,0.2159009742330268,0.2155660583307653,0.6972361107568255,0.7062195615752597,True,True,True,True,False,False,True,True,True,True
421,wstate_5_Mutant_Replace_rzz_P7_Q3_[3.9269908169872414].qasm,Quratest_2,0.0,0.0,0.16150042167271506,0.2322746610771484,0.15560400073984676,0.2168266094477499,0.1935284759402042,0.19065527500454768,0.8313693406815151,0.8358220949874049,True,True,True,True,False,False,True,True,True,True
422,wstate_5_Mutant_Replace_rzz_P7_Q3_[3.9269908169872414].qasm,PureState_3,6.995146861359786e-61,0.0,0.08367173943617684,0.24483989503899722,0.08353806005813971,0.2098221660201445,0.10983495705504476,0.11313573110191708,0.890165042944961,0.8930141030142584,True,True,True,True,False,False,True,True,True,True
423,wstate_5_Mutant_Replace_rzz_P7_Q3_[3.9269908169872414].qasm,Quratest_3,0.0,0.0,0.5538090169180006,0.5431092483854405,0.5028551962450141,0.4964403813913361,0.5657895344501325,0.5507969068333423,0.10940336338538287,0.1507053051936034,True,True,True,True,False,False,True,True,True,True
424,wstate_5_Mutant_Replace_rzz_P7_Q3_[3.9269908169872414].qasm,PureState_4,0.0,0.0,0.5805276076358088,0.6142297563009858,0.5033561069805352,0.5277171340364877,0.5340990257669731,0.5208801054003533,0.15276388924318188,0.18998660540141687,True,True,True,True,False,False,True,True,True,True
425,wstate_5_Mutant_Replace_rzz_P7_Q3_[3.9269908169872414].qasm,Quratest_4,0.0,0.0,0.37528837725040887,0.3742800355400151,0.35630378938232593,0.3599108165267726,0.3942618358681463,0.3766265471894512,0.2501335107847116,0.2900656222536463,True,True,True,True,False,False,True,True,True,True
426,wstate_5_Mutant_Replace_rzz_P7_Q3_[3.9269908169872414].qasm,PureState_5,0.0,0.0,0.642618888235911,0.6373124441527283,0.5572374368150703,0.5659051260495508,0.6401650429449554,0.6290979489020089,0.3598349570550482,0.3796364399904685,True,True,True,True,False,False,True,True,True,True
427,wstate_5_Mutant_Replace_rzz_P7_Q3_[3.9269908169872414].qasm,Quratest_5,0.0,0.0,0.1693065923585241,0.20227514694211168,0.15917449448861504,0.1928701053562003,0.12884963769441343,0.12812278868025748,0.22590242735207747,0.27380069067843493,True,True,True,True,False,False,True,True,True,True
428,wstate_5_Mutant_Replace_rzz_P7_Q3_[3.9269908169872414].qasm,PureState_6,0.0,0.0,0.07780009313951153,0.25016348499006025,0.07771754715253079,0.21253650316590897,0.10983495705504474,0.11313573110191696,0.8901650429449611,0.892880828322493,True,True,True,True,False,False,True,True,True,True
429,wstate_5_Mutant_Replace_rzz_P7_Q3_[3.9269908169872414].qasm,Quratest_6,0.0,0.0,0.3575335531909595,0.3617782320457154,0.33791254744477056,0.33728714841052204,0.2909776509947255,0.28267069280506246,0.5136260172767562,0.5367743909553069,True,True,True,True,False,False,True,True,True,True
430,wstate_5_Mutant_Replace_rzz_P7_Q3_[3.9269908169872414].qasm,PureState_7,0.0,0.0,0.627484402017236,0.6276038327981082,0.5433342279797053,0.5506097132838065,0.6401650429449554,0.6291352287741128,0.35983495705504837,0.3796149692947739,True,True,True,True,False,False,True,True,True,True
431,wstate_5_Mutant_Replace_rzz_P7_Q3_[3.9269908169872414].qasm,Quratest_7,0.0,0.0,0.2323644742848487,0.277217720135879,0.227999317014243,0.2629928419952248,0.3095857991464074,0.30109587682109024,0.14836677877252577,0.19135558830851576,True,True,True,True,False,False,True,True,True,True
432,wstate_5_Mutant_Replace_rzz_P7_Q3_[3.9269908169872414].qasm,PureState_8,0.0,0.0,0.6142867091907472,0.6014851472221174,0.5311632466516087,0.5334166726456772,0.6401650429449555,0.6250271296391102,0.35983495705504837,0.38485436919487537,True,True,True,True,False,False,True,True,True,True
433,wstate_5_Mutant_Replace_rzz_P7_Q3_[3.9269908169872414].qasm,Quratest_8,0.0,0.0,0.24729342145860253,0.22001705118488415,0.22327415557371263,0.21092714258992862,0.15498752768042418,0.15845933484290303,0.6925702970756105,0.7062784613241104,True,True,True,True,False,False,True,True,True,True
434,wstate_5_Mutant_Replace_rzz_P7_Q3_[3.9269908169872414].qasm,PureState_9,2.162983206656856e-18,0.0,0.11690998247219112,0.25166610155369723,0.11666685980565755,0.21866891650325368,0.10983495705504469,0.11491020463375692,0.8901650429449601,0.8921794710100516,True,True,True,True,False,False,True,True,True,True
435,wstate_5_Mutant_Replace_rzz_P7_Q3_[3.9269908169872414].qasm,Quratest_9,0.0,0.0,0.519862937914352,0.5125705687661318,0.503487448956427,0.4939192230966348,0.6331177788974225,0.6131958515611216,0.1536067230023257,0.19112942106180958,True,True,True,True,False,False,True,True,True,True
436,wstate_5_Mutant_Replace_rzz_P7_Q3_[3.9269908169872414].qasm,PureState_10,0.0,0.0,0.5507600500538147,0.5555136535639905,0.47692613057509875,0.49158660790520375,0.5340990257669731,0.5208224992598958,0.15276388924318188,0.19027803450349348,True,True,True,True,False,False,True,True,True,True
437,wstate_5_Mutant_Replace_rzz_P7_Q3_[3.9269908169872414].qasm,Quratest_10,0.0,0.0,0.38755282597529855,0.37701723173027585,0.37525967619075856,0.3658633286257508,0.4246153656680187,0.4059379846031832,0.10289344820278928,0.13894449931630992,True,True,True,True,False,False,True,True,True,True
438,wstate_5_Mutant_Replace_rzz_P7_Q3_[3.9269908169872414].qasm,PureState_11,0.0,0.0,0.6451950973915864,0.6375956574404167,0.5596105456639087,0.5660520671334832,0.6401650429449554,0.6249630207943372,0.35983495705504837,0.3848757074735991,True,True,True,True,False,False,True,True,True,True
439,wstate_5_Mutant_Replace_rzz_P7_Q3_[3.9269908169872414].qasm,Quratest_11,0.0,0.0,0.2662329307638872,0.2845085920672356,0.26079031570532757,0.27500952575809345,0.2789366074910389,0.2705829019998796,0.10842145847308866,0.1475372225257121,True,True,True,True,False,False,True,True,True,True
440,wstate_5_Mutant_Replace_rzz_P7_Q3_[3.9269908169872414].qasm,PureState_12,0.0,0.0,0.2856669284640653,0.37500002600020915,0.24863535828110112,0.3235399768626812,0.21590097423302687,0.21615971621406854,0.47096194077712944,0.49432216118447503,True,True,True,True,False,False,True,True,True,True
441,wstate_5_Mutant_Replace_rzz_P7_Q3_[3.9269908169872414].qasm,Quratest_12,0.0,0.0,0.48096818202807035,0.46831848664694126,0.4550461923498457,0.444528757677606,0.49572992638166197,0.48428145197328987,0.12273441257313181,0.1612163221093508,True,True,True,True,False,False,True,True,True,True
442,wstate_5_Mutant_Replace_rzz_P7_Q3_[3.9269908169872414].qasm,PureState_13,0.0,0.0,0.30766902638186844,0.334129505746883,0.2688585464859978,0.300911885672128,0.2159009742330269,0.2155660583307653,0.697236110756826,0.7062329669270506,True,True,True,True,False,False,True,True,True,True
443,wstate_5_Mutant_Replace_rzz_P7_Q3_[3.9269908169872414].qasm,Quratest_13,0.0,0.0,0.17889391737641838,0.21402277464110675,0.17478782897356415,0.20531310428585545,0.17750162809636588,0.1684910280010592,0.4380017469191402,0.46616551084677105,True,True,True,True,False,False,True,True,True,True
444,wstate_5_Mutant_Replace_rzz_P7_Q3_[3.9269908169872414].qasm,PureState_14,0.0,0.0,0.28946155550519737,0.31604195561855397,0.25518480082532524,0.2836578080417927,0.21590097423302684,0.2161597162140686,0.47096194077712955,0.49439785415373116,True,True,True,True,False,False,True,True,True,True
445,wstate_5_Mutant_Replace_rzz_P7_Q3_[3.9269908169872414].qasm,Quratest_14,0.0,0.0,0.2938063079285066,0.30602620832167526,0.28907828019571563,0.2926167328971136,0.30617097204590293,0.30066586103474147,0.3983827414761204,0.42958841745203213,True,True,True,True,False,False,True,True,True,True
446,wstate_5_Mutant_Replace_rzz_P7_Q3_[3.9269908169872414].qasm,PureState_15,0.0,0.0,0.5718752265291656,0.5635684915544261,0.4968144040812331,0.5046077287003141,0.5340990257669731,0.5208224992598961,0.15276388924318185,0.19014693115321932,True,True,True,True,False,False,True,True,True,True
447,wstate_5_Mutant_Replace_rzz_P7_Q3_[3.9269908169872414].qasm,Quratest_15,0.0,0.0,0.3859317695840058,0.34746658885222625,0.3336720348353302,0.31765822348985323,0.30835539753488794,0.30491312469110676,0.2332745585953494,0.2700080481078111,True,True,True,True,False,False,True,True,True,True
448,wstate_5_Mutant_Replace_cz_P14_Q2_[].qasm,PureState_0,0.9764201933411176,0.0,1.0,0.944520861608118,0.8325546111576977,0.8124722383810045,1.0000000000000002,0.9786660235229374,3.996804021188306e-16,0.011004899302471388,False,True,True,True,False,False,True,True,True,True
449,wstate_5_Mutant_Replace_cz_P14_Q2_[].qasm,Quratest_0,0.0,0.0,0.1066941182128444,0.11900515631410831,0.10419593187775932,0.11453577146728253,0.07740319066178862,0.07518060230111115,0.19610090567581834,0.231585331443607,True,True,True,True,False,False,True,True,True,True
450,wstate_5_Mutant_Replace_cz_P14_Q2_[].qasm,PureState_1,0.0,0.0,0.6187209309498066,0.5479761492685654,0.5151198845423465,0.4759957286243569,0.40000000000000036,0.39828971562118,0.36000000000000343,0.37531068649847965,True,True,True,True,False,False,True,True,True,True
451,wstate_5_Mutant_Replace_cz_P14_Q2_[].qasm,Quratest_1,0.0,0.0,0.5940258493423435,0.5340502811267054,0.5131192644600264,0.4776628126758584,0.3896613448384729,0.3859723217552672,0.3708815657310075,0.3847985052942314,True,True,True,True,False,False,True,True,True,True
452,wstate_5_Mutant_Replace_cz_P14_Q2_[].qasm,PureState_2,1.9677156968905917e-31,0.0,0.6338766666458042,0.5630046367470238,0.5287105120226754,0.4895674925337528,0.40000000000000036,0.3981596941309784,0.36000000000000293,0.37552639582815595,True,True,True,True,False,False,True,True,True,True
453,wstate_5_Mutant_Replace_cz_P14_Q2_[].qasm,Quratest_2,0.0,0.0,0.74451424107375,0.6841302485474564,0.6364888189291258,0.6013687592271777,0.5956555576221356,0.5857575714623872,0.15732977374265145,0.17500326791022755,True,True,True,True,False,False,True,True,True,True
454,wstate_5_Mutant_Replace_cz_P14_Q2_[].qasm,PureState_3,9.629066373612915e-215,0.0,0.49906551080534184,0.43904391286122524,0.4155151497595649,0.38026819213956603,0.2500000000000001,0.2518214033734333,0.5625000000000042,0.5735198197149639,True,True,True,True,False,False,True,True,True,True
455,wstate_5_Mutant_Replace_cz_P14_Q2_[].qasm,Quratest_3,0.0,0.0,0.42075847884673584,0.4254186322643044,0.35124250465246826,0.36410781640186685,0.17577768549811984,0.17711148562273862,0.6615176976426949,0.6648618332418438,True,True,True,True,False,False,True,True,True,True
456,wstate_5_Mutant_Replace_cz_P14_Q2_[].qasm,PureState_4,0.9724351464532193,0.0,0.39224765361253033,0.4278056068947783,0.32659090566418925,0.36032061049174974,0.15000000000000005,0.15499117509263224,0.7225000000000056,0.7230536414677822,False,True,True,True,False,False,True,True,True,True
457,wstate_5_Mutant_Replace_cz_P14_Q2_[].qasm,Quratest_4,0.0,0.0,0.16918930735249263,0.1571781549917637,0.16247272699917512,0.15051492082749585,0.08949664736303947,0.08535733049401466,0.4274935277071149,0.4579583066812843,True,True,True,True,False,False,True,True,True,True
458,wstate_5_Mutant_Replace_cz_P14_Q2_[].qasm,PureState_5,0.9836641082035886,0.0,1.0,0.9480259861483745,0.8325546111576977,0.8140978622225699,1.0000000000000002,0.9786656880331079,3.9968040470250176e-16,0.011009623610044907,False,True,True,True,False,False,True,True,True,True
459,wstate_5_Mutant_Replace_cz_P14_Q2_[].qasm,Quratest_5,0.0,0.0,0.14984800966832615,0.17329358540891812,0.14538957685900847,0.1666078853475689,0.0823556176513025,0.0815558122244704,0.6473938814871909,0.6632410476805971,True,True,True,True,False,False,True,True,True,True
460,wstate_5_Mutant_Replace_cz_P14_Q2_[].qasm,PureState_6,0.7445701057658851,0.0,0.5029725535819135,0.44971128621539747,0.41877106076097576,0.38986251024240964,0.2500000000000001,0.25195426393170944,0.5625000000000042,0.5729855539309586,False,True,True,True,False,False,True,True,True,True
461,wstate_5_Mutant_Replace_cz_P14_Q2_[].qasm,Quratest_6,0.0,0.0,0.3166629444342172,0.29392494604562874,0.2927997795759858,0.2720973893479833,0.3444353380253671,0.3357858976782379,0.18422017808467855,0.21962302622826158,True,True,True,True,False,False,True,True,True,True
462,wstate_5_Mutant_Replace_cz_P14_Q2_[].qasm,PureState_7,0.0,0.0,1.0,0.9437089629038912,0.8325546111576977,0.8122833632334268,1.0000000000000002,0.9786657581598075,3.9968040470250166e-16,0.010996678335422727,True,True,True,True,False,False,True,True,True,True
463,wstate_5_Mutant_Replace_cz_P14_Q2_[].qasm,Quratest_7,0.0,0.0,0.2942247310329336,0.2809403556099809,0.2491334283925418,0.24560016885252425,0.09636669313154263,0.09787602376159818,0.5857413911081726,0.6018339654649917,True,True,True,True,False,False,True,True,True,True
464,wstate_5_Mutant_Replace_cz_P14_Q2_[].qasm,PureState_8,,0.0,0.0,0.2305892712780783,0.0,0.19310367656483693,2.407412430484045e-34,0.009346338645585879,1.0000000000000067,0.9886151366939723,False,True,False,True,True,False,False,True,False,True
465,wstate_5_Mutant_Replace_cz_P14_Q2_[].qasm,Quratest_8,0.0,0.0,0.840563963947605,0.7739913554955858,0.7001330248824955,0.669049137371772,0.6861446222455909,0.6744867501255591,0.09850519814536522,0.11792176830377221,True,True,True,True,False,False,True,True,True,True
466,wstate_5_Mutant_Replace_cz_P14_Q2_[].qasm,PureState_9,0.0,0.0,0.8714413569848639,0.7959099064934655,0.7257564362754447,0.6906572329249339,0.7499999999999998,0.7377193371397813,0.06250000000000183,0.07822968768114799,True,True,True,True,False,False,True,True,True,True
467,wstate_5_Mutant_Replace_cz_P14_Q2_[].qasm,Quratest_9,0.0,0.0,0.14298101336250815,0.16837688662153916,0.13877144956677331,0.1534303687921353,0.06229246931419323,0.05412509924004605,0.7368631387394463,0.7452662253117345,True,True,True,True,False,False,True,True,True,True
468,wstate_5_Mutant_Replace_cz_P14_Q2_[].qasm,PureState_10,0.0,0.0,0.3834271757686355,0.4142792611122149,0.31924508332982765,0.3554549705590106,0.15000000000000002,0.15498875989407318,0.7225000000000045,0.7231959270980803,True,True,True,True,False,False,True,True,True,True
469,wstate_5_Mutant_Replace_cz_P14_Q2_[].qasm,Quratest_10,9.220619564924558e-297,0.0,0.07764841930676011,0.08828861382768563,0.07633961612086385,0.08538559591272703,0.012749207293533786,0.011363424130997637,0.434832755686753,0.4611963958266088,True,True,True,True,False,False,True,True,True,True
470,wstate_5_Mutant_Replace_cz_P14_Q2_[].qasm,PureState_11,0.033537922243380036,0.0,0.006909232019310118,0.23179935051306824,0.006909204411599843,0.1941613882558006,2.407412430484045e-34,0.009344476388997328,1.0000000000000058,0.9887181549236786,False,True,False,True,True,False,False,True,False,True
471,wstate_5_Mutant_Replace_cz_P14_Q2_[].qasm,Quratest_11,0.0,0.0,0.35420552577441866,0.3497811177004883,0.33506752505212445,0.33157552371743165,0.23234801634756405,0.23025803277657747,0.44658655167056255,0.4642391581857482,True,True,True,True,False,False,True,True,True,True
472,wstate_5_Mutant_Replace_cz_P14_Q2_[].qasm,PureState_12,0.9257918170240459,0.0,0.7658410561611175,0.7010177481022415,0.6377426390636559,0.6093275020687127,0.5999999999999999,0.5917458787840649,0.16000000000000272,0.17585550153711998,False,True,True,True,False,False,True,True,True,True
473,wstate_5_Mutant_Replace_cz_P14_Q2_[].qasm,Quratest_12,0.0,0.0,0.3776996755470446,0.3630308370684566,0.352197483010639,0.34020695529852263,0.25642401631012074,0.25524276045131855,0.47228647675199875,0.4944313559886203,True,True,True,True,False,False,True,True,True,True
474,wstate_5_Mutant_Replace_cz_P14_Q2_[].qasm,PureState_13,0.0,0.0,0.6214933389873901,0.5614511475946204,0.5174341136474468,0.4862547442701416,0.40000000000000036,0.3982663143203288,0.3600000000000033,0.3751714855470189,True,True,True,True,False,False,True,True,True,True
475,wstate_5_Mutant_Replace_cz_P14_Q2_[].qasm,Quratest_13,0.0,0.0,0.15409423799370647,0.17363890744719657,0.15186500758715213,0.16165865917417652,0.12617126475148788,0.12614227333302358,0.22432725570041787,0.25921448715323636,True,True,True,True,False,False,True,True,True,True
476,wstate_5_Mutant_Replace_cz_P14_Q2_[].qasm,PureState_14,9.919728701733869e-210,0.0,0.7776149660016338,0.7480643439495165,0.6474526093564811,0.6389432295741045,0.5999999999999999,0.5917448950262958,0.1600000000000027,0.17619770644510865,True,True,True,True,False,False,True,True,True,True
477,wstate_5_Mutant_Replace_cz_P14_Q2_[].qasm,Quratest_14,0.0,0.0,0.3965862109812959,0.3734451393747463,0.37856085690090185,0.3592997226464952,0.3707913327067799,0.3609171741526452,0.20569084701594595,0.23791047096964757,True,True,True,True,False,False,True,True,True,True
478,wstate_5_Mutant_Replace_cz_P14_Q2_[].qasm,PureState_15,0.7066272629526074,0.0,0.3828440278637744,0.39945029637087665,0.3187795205202831,0.34035516712201114,0.15000000000000005,0.15499062427933014,0.7225000000000056,0.7231189937351015,False,True,True,True,False,False,True,True,True,True
479,wstate_5_Mutant_Replace_cz_P14_Q2_[].qasm,Quratest_15,0.0,0.0,0.6831850709145891,0.6205658653444763,0.569423814945931,0.5404947946072521,0.4692497006651244,0.46236263155474255,0.281695880244063,0.30248474006394765,True,True,True,True,False,False,True,True,True,True
480,wstate_5_Mutant_Replace_rxx_P15_Q1_[0.7853981633974483].qasm,PureState_0,0.0,0.0,0.7439226628524969,0.6360831200365896,0.6313191053093736,0.5725333261927698,0.6666666666666667,0.6523013115170844,0.11111111111111344,0.13488490034398168,True,True,True,True,False,False,True,True,True,True
481,wstate_5_Mutant_Replace_rxx_P15_Q1_[0.7853981633974483].qasm,Quratest_0,0.0,0.0,0.36369450150442356,0.3228336601602112,0.34180087112819485,0.311697766596684,0.2888716721582182,0.2746911230782574,0.47242887713959164,0.49028267708817486,True,True,True,True,False,False,True,True,True,True
482,wstate_5_Mutant_Replace_rxx_P15_Q1_[0.7853981633974483].qasm,PureState_1,0.0,0.0,0.5153005955751735,0.45710745766986755,0.4342138499134776,0.4074985477882598,0.3545346323107027,0.35429696556144874,0.46162554088628416,0.47347114159639575,True,True,True,True,False,False,True,True,True,True
483,wstate_5_Mutant_Replace_rxx_P15_Q1_[0.7853981633974483].qasm,Quratest_1,0.0,0.0,0.5141567419951597,0.43039642499805947,0.4503516815274622,0.4017320069184432,0.39410336522042216,0.38793997355522714,0.30148331459988365,0.3243007142642662,True,True,True,True,False,False,True,True,True,True
484,wstate_5_Mutant_Replace_rxx_P15_Q1_[0.7853981633974483].qasm,PureState_2,0.0,0.0,0.8426897833760364,0.711129947057843,0.7021431370532033,0.6231536014801484,0.7333333333333332,0.7139845982773521,0.0633006252760876,0.0882091438507263,True,True,True,True,False,False,True,True,True,True
485,wstate_5_Mutant_Replace_rxx_P15_Q1_[0.7853981633974483].qasm,Quratest_2,0.0,0.0,0.7186819854819381,0.6564225197742539,0.6551755609151942,0.6105634731046657,0.7490906616913384,0.7269463464196775,0.009591925139798875,0.032723666176194884,True,True,True,True,False,False,True,True,True,True
486,wstate_5_Mutant_Replace_rxx_P15_Q1_[0.7853981633974483].qasm,PureState_3,0.0,0.0,0.9006234812481244,0.7750190204935203,0.7502332267667072,0.6776200073077997,0.8333333333333333,0.8073383221563383,0.024726806748472326,0.04844431173510152,True,True,True,True,False,False,True,True,True,True
487,wstate_5_Mutant_Replace_rxx_P15_Q1_[0.7853981633974483].qasm,Quratest_3,0.0,0.0,0.4328405542363718,0.38485550427943854,0.3704809333508498,0.34207881726016104,0.2531560289066529,0.2570539224613093,0.617666175478979,0.6208805297595852,True,True,True,True,False,False,True,True,True,True
488,wstate_5_Mutant_Replace_rxx_P15_Q1_[0.7853981633974483].qasm,PureState_4,0.0,0.0,0.3992294957801876,0.3781307949087094,0.3373407403639713,0.3316554181090538,0.2244796179957173,0.22983455482077655,0.691744362904074,0.6925898631286407,True,True,True,True,False,False,True,True,True,True
489,wstate_5_Mutant_Replace_rxx_P15_Q1_[0.7853981633974483].qasm,Quratest_4,0.0,0.0,0.42686991789289763,0.37435596405966043,0.39140887680125297,0.3547679638499103,0.3600912058549014,0.35348018421284844,0.5794033207236731,0.583727535421296,True,True,True,True,False,False,True,True,True,True
490,wstate_5_Mutant_Replace_rxx_P15_Q1_[0.7853981633974483].qasm,PureState_5,0.0,0.0,0.494449490238215,0.4107205641130211,0.41357415944601167,0.3636069873149143,0.33333333333333337,0.3343642355786617,0.3956289079755395,0.414277793838111,True,True,True,True,False,False,True,True,True,True
491,wstate_5_Mutant_Replace_rxx_P15_Q1_[0.7853981633974483].qasm,Quratest_5,0.0,0.0,0.3979217079357267,0.3522779386482304,0.36148298660324024,0.33222768586247226,0.30663240242673334,0.29425409056203755,0.5886097371628053,0.5984101946629078,True,True,True,True,False,False,True,True,True,True
492,wstate_5_Mutant_Replace_rxx_P15_Q1_[0.7853981633974483].qasm,PureState_6,0.0,0.0,0.434435788079209,0.4161815833429492,0.3671518749523958,0.37141963370400377,0.2765016237217115,0.280262280910911,0.5937624004773244,0.5984048481604212,True,True,True,True,False,False,True,True,True,True
493,wstate_5_Mutant_Replace_rxx_P15_Q1_[0.7853981633974483].qasm,Quratest_6,0.0,0.0,0.7361477666270916,0.6459453958656766,0.6463327214382426,0.5923683748766441,0.6874080449440653,0.6657244846652431,0.12941881493826435,0.15362897891429142,True,True,True,True,False,False,True,True,True,True
494,wstate_5_Mutant_Replace_rxx_P15_Q1_[0.7853981633974483].qasm,PureState_7,0.0,0.0,0.49418194614012434,0.4312991647424624,0.41466010109554785,0.38209919375210594,0.33333333333333337,0.33427714007851944,0.39562890797553923,0.41190122790983746,True,True,True,True,False,False,True,True,True,True
495,wstate_5_Mutant_Replace_rxx_P15_Q1_[0.7853981633974483].qasm,Quratest_7,0.0,0.0,0.45759986126681856,0.3998216972949929,0.405457241136725,0.3715609820448731,0.3223623561127785,0.31188391387792364,0.5758162130042371,0.5877732339947292,True,True,True,True,False,False,True,True,True,True
496,wstate_5_Mutant_Replace_rxx_P15_Q1_[0.7853981633974483].qasm,PureState_8,0.0,0.0,0.28908494657548534,0.32300694039540984,0.24289029480588173,0.28433062347203886,0.1464466094067263,0.1558960314421792,0.8535533905932795,0.8442905495708166,True,True,True,True,False,False,True,True,True,True
497,wstate_5_Mutant_Replace_rxx_P15_Q1_[0.7853981633974483].qasm,Quratest_8,0.0,0.0,0.42475076597413464,0.3582236890560813,0.38426881174941907,0.34255730535880485,0.4137935282303039,0.3989148821470636,0.46503508813834926,0.4763536241759694,True,True,True,True,False,False,True,True,True,True
498,wstate_5_Mutant_Replace_rxx_P15_Q1_[0.7853981633974483].qasm,PureState_9,0.0,0.0,0.6536125304876991,0.5449824319571964,0.5463171346675942,0.4811291996369469,0.5000000000000001,0.493470848898068,0.22254126073624161,0.24452503085557314,True,True,True,True,False,False,True,True,True,True
499,wstate_5_Mutant_Replace_rxx_P15_Q1_[0.7853981633974483].qasm,Quratest_9,0.0,0.0,0.4238067621963053,0.3545709944487262,0.3765589400517222,0.32104023348600236,0.35044569333439196,0.33579185608242557,0.41321422845459616,0.4344116391576617,True,True,True,True,False,False,True,True,True,True
500,wstate_5_Mutant_Replace_rxx_P15_Q1_[0.7853981633974483].qasm,PureState_10,0.0,0.0,0.9354471654695689,0.792804291099618,0.7788229434356542,0.6929944127212223,0.9000000000000001,0.8728895917542109,0.008901650429450472,0.03145864387030935,True,True,True,True,False,False,True,True,True,True
501,wstate_5_Mutant_Replace_rxx_P15_Q1_[0.7853981633974483].qasm,Quratest_10,0.0,0.0,0.3490646143433305,0.3360415586965779,0.3219681563916559,0.3149364195447799,0.25667515270263463,0.24841444514379163,0.5497207808792357,0.5610353410758496,True,True,True,True,False,False,True,True,True,True
502,wstate_5_Mutant_Replace_rxx_P15_Q1_[0.7853981633974483].qasm,PureState_11,0.0,0.0,1.0,0.8833249184521084,0.8325546111576977,0.7704875492847076,1.0000000000000004,0.9683721328208394,3.996804035325535e-16,0.022528204811005162,True,True,True,True,False,False,True,True,True,True
503,wstate_5_Mutant_Replace_rxx_P15_Q1_[0.7853981633974483].qasm,Quratest_11,0.0,0.0,0.2853610056942747,0.25834045780841525,0.2649209300485431,0.24897543609138417,0.2058898987868108,0.20036768920273218,0.02394257007031144,0.061858735601921566,True,True,True,True,False,False,True,True,True,True
504,wstate_5_Mutant_Replace_rxx_P15_Q1_[0.7853981633974483].qasm,PureState_12,0.0,0.0,0.607073021411524,0.5487817014518241,0.5146640346688783,0.49004296673308506,0.4585786437626904,0.45155562779281455,0.31313708498985116,0.3322067778918145,True,True,True,True,False,False,True,True,True,True
505,wstate_5_Mutant_Replace_rxx_P15_Q1_[0.7853981633974483].qasm,Quratest_12,0.0,0.0,0.2301727863462724,0.21042246200600304,0.22125536172959273,0.19957319640425672,0.21662518839805342,0.2082670912000624,0.6065654848171159,0.618287086962786,True,True,True,True,False,False,True,True,True,True
506,wstate_5_Mutant_Replace_rxx_P15_Q1_[0.7853981633974483].qasm,PureState_13,0.0,0.0,0.5089605763273498,0.4847109425888113,0.43168513544917086,0.42222746922742754,0.3545346323107027,0.3542243643104947,0.4616255408862839,0.4736388896304181,True,True,True,True,False,False,True,True,True,True
507,wstate_5_Mutant_Replace_rxx_P15_Q1_[0.7853981633974483].qasm,Quratest_13,0.0,0.0,0.5391608889723414,0.4705429788189714,0.4627512671448907,0.4224296744045278,0.3873991145082181,0.375778106981806,0.3562945432797226,0.378582435151824,True,True,True,True,False,False,True,True,True,True
508,wstate_5_Mutant_Replace_rxx_P15_Q1_[0.7853981633974483].qasm,PureState_14,0.0,0.0,0.7457702236979303,0.6370469220177083,0.6220964540017849,0.5586925432720595,0.6000000000000003,0.5886863686975856,0.14242640687119512,0.1660630252364778,True,True,True,True,False,False,True,True,True,True
509,wstate_5_Mutant_Replace_rxx_P15_Q1_[0.7853981633974483].qasm,Quratest_14,0.0,0.0,0.3700962928211005,0.3180371511013616,0.32804830149803665,0.29439490822576375,0.3239644519828888,0.3101212972148807,0.007749209303427089,0.04220132418099508,True,True,True,True,False,False,True,True,True,True
510,wstate_5_Mutant_Replace_rxx_P15_Q1_[0.7853981633974483].qasm,PureState_15,0.0,0.0,0.38476409592770666,0.36206502005043223,0.3251788992059413,0.3205024927830048,0.2244796179957173,0.22988292951330816,0.6917443629040739,0.6927416571716745,True,True,True,True,False,False,True,True,True,True
511,wstate_5_Mutant_Replace_rxx_P15_Q1_[0.7853981633974483].qasm,Quratest_15,0.0,0.0,0.33908134928439937,0.27416511709624586,0.3123026002499902,0.262340701097835,0.3196500740074085,0.31298706836940293,0.22434769585147032,0.2552004144544081,True,True,True,True,False,False,True,True,True,True
512,wstate_5_Mutant_Replace_swap_P11_Q1_[].qasm,PureState_0,0.0,0.0,0.782799330970062,0.7620744534895898,0.6805974476730284,0.6803018155677193,0.8118867239266072,0.784901178619488,0.021446609406727393,0.05298364277592227,True,True,True,True,False,False,True,True,True,True
513,wstate_5_Mutant_Replace_swap_P11_Q1_[].qasm,Quratest_0,0.0,0.0,0.24587747967160686,0.26870351725172015,0.23773847678224203,0.2554435487930056,0.20122009418630638,0.18960302582368713,0.08304949653295104,0.12823509232707309,True,True,True,True,False,False,True,True,True,True
514,wstate_5_Mutant_Replace_swap_P11_Q1_[].qasm,PureState_1,0.0,0.0,0.7783872540140926,0.7582372374300077,0.6840887594113624,0.66979127640088,0.7814129385141708,0.7574102162432698,0.00017195800937744405,0.024371791131792577,True,True,True,True,False,False,True,True,True,True
515,wstate_5_Mutant_Replace_swap_P11_Q1_[].qasm,Quratest_1,0.0,0.0,0.5122701076564437,0.5102862593976684,0.46851910172019984,0.47091801267903083,0.47534741808392356,0.4564963451664392,0.1339941226996971,0.17686100546090303,True,True,True,True,False,False,True,True,True,True
516,wstate_5_Mutant_Replace_swap_P11_Q1_[].qasm,PureState_2,0.0,0.0,0.5340996690851401,0.5419697023656261,0.47905776867363575,0.4893176468788486,0.5388071187457701,0.5247715325426395,0.5187169308795173,0.5335760274736786,True,True,True,True,False,False,True,True,True,True
517,wstate_5_Mutant_Replace_swap_P11_Q1_[].qasm,Quratest_2,0.0,0.0,0.3752638096528039,0.4049867413974053,0.36078037581188477,0.38355353147276594,0.41913999610738994,0.4023975075717118,0.5024604037463429,0.5242095065742804,True,True,True,True,False,False,True,True,True,True
518,wstate_5_Mutant_Replace_swap_P11_Q1_[].qasm,PureState_3,0.0,0.0,0.4941329272365138,0.4925648685814937,0.4472772808374127,0.4487816003265056,0.4773794492161062,0.4669257828356144,0.5932389366055104,0.6038094007626038,True,True,True,True,False,False,True,True,True,True
519,wstate_5_Mutant_Replace_swap_P11_Q1_[].qasm,Quratest_3,0.0,0.0,0.8063147032969302,0.796933520471446,0.701062968298961,0.6959488383962636,0.7705923857745633,0.7384528015705116,0.006394042678655138,0.03695478564294022,True,True,True,True,False,False,True,True,True,True
520,wstate_5_Mutant_Replace_swap_P11_Q1_[].qasm,PureState_4,0.0,0.0,0.4675047896702322,0.44285679145911,0.3964636534290932,0.39469225051031664,0.35251262658470833,0.3520862299164425,0.49498737341529686,0.5108805440628763,True,True,True,True,False,False,True,True,True,True
521,wstate_5_Mutant_Replace_swap_P11_Q1_[].qasm,Quratest_4,0.0,0.0,0.5412623634512449,0.5328923942348539,0.4840742874941687,0.479046419264404,0.5127432306662375,0.4958912040219434,0.012399756758882394,0.05374804326861496,True,True,True,True,False,False,True,True,True,True
522,wstate_5_Mutant_Replace_swap_P11_Q1_[].qasm,PureState_5,0.0,0.0,0.7072226881125722,0.7234137552091962,0.6407388425950702,0.6583281916341378,0.7845177968644248,0.7595520685396214,0.27062890797553885,0.30079884323651684,True,True,True,True,False,False,True,True,True,True
523,wstate_5_Mutant_Replace_swap_P11_Q1_[].qasm,Quratest_5,0.0,0.0,0.6560162491888962,0.6155095960857979,0.6020134617879251,0.5692920089314005,0.7317265954992784,0.7093261473798342,0.12618375431400358,0.15554256443555609,True,True,True,True,False,False,True,True,True,True
524,wstate_5_Mutant_Replace_swap_P11_Q1_[].qasm,PureState_6,0.0,0.0,0.5306833953902107,0.5175205322604628,0.4560827764683907,0.4623192123172432,0.4065566380366966,0.40453356631523496,0.3642766952966403,0.3850552319085544,True,True,True,True,False,False,True,True,True,True
525,wstate_5_Mutant_Replace_swap_P11_Q1_[].qasm,Quratest_6,0.0,0.0,0.7285512801579859,0.6915946153581363,0.6536547994458057,0.6263993744133955,0.7887518976035056,0.7603746458577645,0.19754900256622046,0.2280361144150038,True,True,True,True,False,False,True,True,True,True
526,wstate_5_Mutant_Replace_swap_P11_Q1_[].qasm,PureState_7,0.0,0.0,0.26194117340029366,0.3392532920295249,0.23685265469933311,0.3049540737830285,0.18688672392660716,0.18613483543666648,0.7285533905932786,0.7283563579159921,True,True,True,True,False,False,True,True,True,True
527,wstate_5_Mutant_Replace_swap_P11_Q1_[].qasm,Quratest_7,0.0,0.0,0.8032215374634866,0.7731240547107496,0.7046362079068957,0.6873199531631354,0.8305884546634126,0.8024620443081311,0.012769741316806447,0.0375042112805268,True,True,True,True,False,False,True,True,True,True
528,wstate_5_Mutant_Replace_swap_P11_Q1_[].qasm,PureState_8,0.0,0.0,0.3989342014140842,0.38789048471885695,0.3378873316625675,0.3485414764886361,0.2714466094067264,0.27616438816592814,0.7285533905932792,0.7270442288569232,True,True,True,True,False,False,True,True,True,True
529,wstate_5_Mutant_Replace_swap_P11_Q1_[].qasm,Quratest_8,0.0,0.0,0.23165052133957786,0.25233739153905355,0.2255127862588887,0.23876591174669318,0.2104335318416734,0.2060683690894089,0.013860154961972947,0.04636460477768987,True,True,True,True,False,False,True,True,True,True
530,wstate_5_Mutant_Replace_swap_P11_Q1_[].qasm,PureState_9,0.0,0.0,0.4470387372753847,0.46578090453470267,0.3929883274536285,0.41921340284737,0.35355339059327384,0.34790734525527206,0.3642766952966402,0.3827362495402937,True,True,True,True,False,False,True,True,True,True
531,wstate_5_Mutant_Replace_swap_P11_Q1_[].qasm,Quratest_9,0.0,0.0,0.6642713925118479,0.6584188824481342,0.6091660640542699,0.605325462447298,0.727757836798993,0.6965103593611931,0.31495168962683534,0.3458819721057252,True,True,True,True,False,False,True,True,True,True
532,wstate_5_Mutant_Replace_swap_P11_Q1_[].qasm,PureState_10,0.0,0.0,0.43538823279186556,0.4722131394352574,0.39663228278804136,0.4319586740528745,0.43642766952966383,0.4266128938260563,0.6456980515339509,0.6549213133583313,True,True,True,True,False,False,True,True,True,True
533,wstate_5_Mutant_Replace_swap_P11_Q1_[].qasm,Quratest_10,0.0,0.0,0.4310669971326573,0.43039984243777485,0.40873241464298365,0.40744963552000496,0.44139092548939385,0.43377155620878316,0.2710479980872337,0.2985279362824811,True,True,True,True,False,False,True,True,True,True
534,wstate_5_Mutant_Replace_swap_P11_Q1_[].qasm,PureState_11,0.0,0.0,0.8087396783360435,0.8022330734120492,0.7037658140826132,0.6997365668852012,0.8535533905932742,0.8271426328015394,0.02144660940672745,0.04735961037525141,True,True,True,True,False,False,True,True,True,True
535,wstate_5_Mutant_Replace_swap_P11_Q1_[].qasm,Quratest_11,0.0,0.0,0.5361322601906784,0.4959999395260343,0.46753542723781494,0.4503525261450624,0.4282506453601713,0.4167469371510431,0.13852215237110407,0.16702008483215983,True,True,True,True,False,False,True,True,True,True
536,wstate_5_Mutant_Replace_swap_P11_Q1_[].qasm,PureState_12,0.0,0.0,0.6394123356686439,0.617727494990221,0.5541142347599569,0.5495894805905518,0.5957106781186547,0.5803370987861753,0.06428932188134727,0.09678883772686044,True,True,True,True,False,False,True,True,True,True
537,wstate_5_Mutant_Replace_swap_P11_Q1_[].qasm,Quratest_12,0.0,0.0,0.4649835798225235,0.4474941558807978,0.439361697392597,0.42413156167181665,0.515451379812158,0.5021145817990931,0.04040744377014438,0.07019474902736393,True,True,True,True,False,False,True,True,True,True
538,wstate_5_Mutant_Replace_swap_P11_Q1_[].qasm,PureState_13,0.0,0.0,0.5872307077369611,0.5883202143647855,0.5033627671227622,0.510281600725319,0.4876226552146789,0.48027801879018256,0.20571067811865743,0.23555258645029378,True,True,True,True,False,False,True,True,True,True
539,wstate_5_Mutant_Replace_swap_P11_Q1_[].qasm,Quratest_13,0.0,0.0,0.5218972347783309,0.48125714315344875,0.4737435120440032,0.45040145979528035,0.5040140149705961,0.49202458919065273,0.004582969733491541,0.043036211556946855,True,True,True,True,False,False,True,True,True,True
540,wstate_5_Mutant_Replace_swap_P11_Q1_[].qasm,PureState_14,0.0,0.0,0.5520183559993156,0.5490494885117763,0.4808032824609162,0.4816992337873538,0.45355339059327415,0.4433759625549143,0.20571067811865737,0.2328045369576431,True,True,True,True,False,False,True,True,True,True
541,wstate_5_Mutant_Replace_swap_P11_Q1_[].qasm,Quratest_14,0.0,0.0,0.3738486956537181,0.39814173090662136,0.35780406356407257,0.37093189951729943,0.39013856675123026,0.38170904189777854,0.022543753172259245,0.058957177135166385,True,True,True,True,False,False,True,True,True,True
542,wstate_5_Mutant_Replace_swap_P11_Q1_[].qasm,PureState_15,0.0,0.0,0.8741527322480944,0.8510613631990867,0.7591692861075917,0.7548866242249878,0.90462572106361,0.878657816002648,0.009301948466054524,0.03441246609364621,True,True,True,True,False,False,True,True,True,True
543,wstate_5_Mutant_Replace_swap_P11_Q1_[].qasm,Quratest_15,0.0,0.0,0.5490023265542788,0.5216976593032018,0.5114143932907308,0.4848030434337429,0.5394393215111393,0.5219426018576382,0.10909411164609881,0.13781442743920055,True,True,True,True,False,False,True,True,True,True
544,wstate_5_Mutant_Replace_id_P10_Q1_[].qasm,PureState_0,8.643549916439333e-196,0.0,0.322960380250812,0.3805929365271467,0.3198440104343522,0.35872212238612233,0.4553418012614795,0.44394697644897263,0.7886751345948186,0.7951987817102057,True,True,True,True,False,False,True,True,True,True
545,wstate_5_Mutant_Replace_id_P10_Q1_[].qasm,Quratest_0,0.0,0.0,0.2683686851376317,0.2746135179520591,0.2624385378458901,0.2652851387580718,0.2688162383392996,0.25696348358409205,0.7887020103730892,0.7978111290180115,True,True,True,True,False,False,True,True,True,True
546,wstate_5_Mutant_Replace_id_P10_Q1_[].qasm,PureState_1,0.0,0.0,0.3359620816291778,0.37190042101336657,0.30279085154639385,0.3331940668457756,0.30893163974770427,0.303181625686767,0.7886751345948184,0.7957905470956637,True,True,True,True,False,False,True,True,True,True
547,wstate_5_Mutant_Replace_id_P10_Q1_[].qasm,Quratest_1,0.0,0.0,0.2322196735540034,0.2822768783093216,0.22434081443146425,0.2618319811256018,0.2553195751870509,0.2446214128780429,0.791612976190224,0.8014069281539663,True,True,True,True,False,False,True,True,True,True
548,wstate_5_Mutant_Replace_id_P10_Q1_[].qasm,PureState_2,0.0,0.0,0.331798396924417,0.36996863650398,0.30029140014180544,0.340872381648932,0.3089316397477041,0.30317910256174574,0.788675134594818,0.7958048772637492,True,True,True,True,False,False,True,True,True,True
549,wstate_5_Mutant_Replace_id_P10_Q1_[].qasm,Quratest_2,0.0,0.0,0.2620802502886646,0.30796604886863527,0.24932653304048222,0.2857864142845106,0.20696460693822888,0.20244940396919592,0.7892109890292456,0.7973940070350887,True,True,True,True,False,False,True,True,True,True
550,wstate_5_Mutant_Replace_id_P10_Q1_[].qasm,PureState_3,0.0,0.0,0.34930003141005966,0.38497368449076985,0.3092928273094051,0.3407769024594867,0.27232909936926036,0.2684455284169136,0.7886751345948178,0.7961460257556955,True,True,True,True,False,False,True,True,True,True
551,wstate_5_Mutant_Replace_id_P10_Q1_[].qasm,Quratest_3,0.0,0.0,0.37186044262126844,0.36593866140540576,0.3570711782584579,0.3517478567659479,0.3834430333634873,0.37523181985748655,0.7886751345948166,0.7962347883292813,True,True,True,True,False,False,True,True,True,True
552,wstate_5_Mutant_Replace_id_P10_Q1_[].qasm,PureState_4,0.0,0.0,0.3395445309620643,0.3453525873721908,0.29576580422832216,0.31109083884330296,0.24792740578363098,0.2441425566097622,0.7886751345948182,0.796326059708752,True,True,True,True,False,False,True,True,True,True
553,wstate_5_Mutant_Replace_id_P10_Q1_[].qasm,Quratest_4,0.0,0.0,0.3488828715679661,0.32867897052202855,0.3359236533912161,0.32005790325440103,0.4059763023499401,0.3967707077111422,0.7886751345948184,0.795583337283699,True,True,True,True,False,False,True,True,True,True
554,wstate_5_Mutant_Replace_id_P10_Q1_[].qasm,PureState_5,1.6148072913700485e-93,0.0,0.34579727322842707,0.4056207094066877,0.34189276573164706,0.3798845769039278,0.4553418012614797,0.44365466738855763,0.7886751345948182,0.7955811155877597,True,True,True,True,False,False,True,True,True,True
555,wstate_5_Mutant_Replace_id_P10_Q1_[].qasm,Quratest_5,0.0,0.0,0.37466209460856925,0.323842442802172,0.351300053867319,0.3119293339183119,0.3530533121576938,0.34550145446241776,0.788675134594818,0.795702586359779,True,True,True,True,False,False,True,True,True,True
556,wstate_5_Mutant_Replace_id_P10_Q1_[].qasm,PureState_6,0.0,0.0,0.3278857888261866,0.35571750122383994,0.28827276648756783,0.32323946031238043,0.2723290993692604,0.26837546737378176,0.7886751345948186,0.7959636774664424,True,True,True,True,False,False,True,True,True,True
557,wstate_5_Mutant_Replace_id_P10_Q1_[].qasm,Quratest_6,0.0,0.0,0.36370880736479355,0.3676906314764865,0.3546846315890086,0.35498296291496967,0.4372462580722325,0.4257763459199001,0.7886751345948174,0.7955594724489845,True,True,True,True,False,False,True,True,True,True
558,wstate_5_Mutant_Replace_id_P10_Q1_[].qasm,PureState_7,2.184592039147963e-139,0.0,0.3420380809147258,0.39411584881058404,0.3382774306694538,0.37110803218357963,0.4553418012614797,0.44369167054938813,0.7886751345948178,0.795547979198657,True,True,True,True,False,False,True,True,True,True
559,wstate_5_Mutant_Replace_id_P10_Q1_[].qasm,Quratest_7,0.0,0.0,0.3160767928135822,0.2887084465256289,0.29302351394743026,0.2729804051122141,0.3225263583172764,0.3159367928518419,0.788675134594819,0.7962557048620557,True,True,True,True,False,False,True,True,True,True
560,wstate_5_Mutant_Replace_id_P10_Q1_[].qasm,PureState_8,0.0,0.0,0.3317537805080239,0.3529397389444719,0.2795350371035883,0.31110643010955014,0.21132486540518738,0.20922078544906,0.7886751345948186,0.7969674745228545,True,True,True,True,False,False,True,True,True,True
561,wstate_5_Mutant_Replace_id_P10_Q1_[].qasm,Quratest_8,0.0,0.0,0.21787973181056858,0.23333146565487067,0.2088427988913924,0.21744716646260623,0.23430718350157412,0.22848976922946074,0.7886757924997121,0.7955609503998338,True,True,True,True,False,False,True,True,True,True
562,wstate_5_Mutant_Replace_id_P10_Q1_[].qasm,PureState_9,0.0,0.0,0.3383044239507529,0.384735871589632,0.32242385036764265,0.3570325191590333,0.3943375672974064,0.3841889740236585,0.7886751345948184,0.795360335889157,True,True,True,True,False,False,True,True,True,True
563,wstate_5_Mutant_Replace_id_P10_Q1_[].qasm,Quratest_9,0.0,0.0,0.3527477336919924,0.3506913972553204,0.34269689697603906,0.343030324180112,0.4190585944602314,0.4064781100939749,0.7886751345948186,0.7963892047902391,True,True,True,True,False,False,True,True,True,True
564,wstate_5_Mutant_Replace_id_P10_Q1_[].qasm,PureState_10,0.0,0.0,0.32555618534386455,0.36065608048886155,0.2818662643456327,0.320987647451444,0.24792740578363098,0.24424640867336872,0.788675134594819,0.7965161533378059,True,True,True,True,False,False,True,True,True,True
565,wstate_5_Mutant_Replace_id_P10_Q1_[].qasm,Quratest_10,0.0,0.0,0.21696670998509707,0.20577628979787646,0.2119049155437444,0.20209379888338078,0.2039168364615201,0.20053789661041166,0.7886751345948164,0.7963912075732978,True,True,True,True,False,False,True,True,True,True
566,wstate_5_Mutant_Replace_id_P10_Q1_[].qasm,PureState_11,0.0,0.0,0.33833606837341706,0.3481195881662934,0.28522033915369677,0.3101029883558649,0.21132486540518725,0.20938806770210547,0.788675134594819,0.7973039239268259,True,True,True,True,False,False,True,True,True,True
567,wstate_5_Mutant_Replace_id_P10_Q1_[].qasm,Quratest_11,0.0,0.0,0.22300844125522584,0.1950494904191769,0.22120387617114654,0.19088440913867755,0.2416551583627432,0.23292343228843018,0.789793538186858,0.8001423349645524,True,True,True,True,False,False,True,True,True,True
568,wstate_5_Mutant_Replace_id_P10_Q1_[].qasm,PureState_12,0.0,0.0,0.3083104821001077,0.3791814201594776,0.28904006837898943,0.3476733014659271,0.35773502691896264,0.3493161221268451,0.788675134594818,0.7952873145024962,True,True,True,True,False,False,True,True,True,True
569,wstate_5_Mutant_Replace_id_P10_Q1_[].qasm,Quratest_12,0.0,0.0,0.24714013895433656,0.2523073882542377,0.24167065985836925,0.2466706167710402,0.31725117458057495,0.3088890302012418,0.7997549792193832,0.8092950561650318,True,True,True,True,False,False,True,True,True,True
570,wstate_5_Mutant_Replace_id_P10_Q1_[].qasm,PureState_13,0.0,0.0,0.3405085597029793,0.37203445787621087,0.3064749363860195,0.3399478562805176,0.30893163974770427,0.3031736503827152,0.788675134594818,0.7956166515769899,True,True,True,True,False,False,True,True,True,True
571,wstate_5_Mutant_Replace_id_P10_Q1_[].qasm,Quratest_13,0.0,0.0,0.3051131853005317,0.27980380187907256,0.2846545159282984,0.26638681748683574,0.3204737770432972,0.3126897853249013,0.7886751345948178,0.7956591303795798,True,True,True,True,False,False,True,True,True,True
572,wstate_5_Mutant_Replace_id_P10_Q1_[].qasm,PureState_14,0.0,0.0,0.3201863909841019,0.35276045103425224,0.29898073126654834,0.3301146808444509,0.35773502691896264,0.3492303255536703,0.7886751345948186,0.7954733049803386,True,True,True,True,False,False,True,True,True,True
573,wstate_5_Mutant_Replace_id_P10_Q1_[].qasm,Quratest_14,0.0,0.0,0.22993879378399557,0.262741032455319,0.2232227522547002,0.24724486298532045,0.27233064038842686,0.26582355213344355,0.7895970595365965,0.7993429764859523,True,True,True,True,False,False,True,True,True,True
574,wstate_5_Mutant_Replace_id_P10_Q1_[].qasm,PureState_15,0.0,0.0,0.3353386220131857,0.35902743344699123,0.2913379111528863,0.32086181448343815,0.24792740578363098,0.24414255660976242,0.7886751345948187,0.796543258553442,True,True,True,True,False,False,True,True,True,True
575,wstate_5_Mutant_Replace_id_P10_Q1_[].qasm,Quratest_15,0.0,0.0,0.12611977592035017,0.19932407699116164,0.12585360758870917,0.18331585256412264,0.15192124968893767,0.14824026498814002,0.7893072172239153,0.8018553025327474,True,True,True,True,False,False,True,True,True,True
576,wstate_5_Mutant_Replace_y_P0_Q0_[].qasm,PureState_0,0.0,0.0,0.5021958155158756,0.5134609230797915,0.44891147904232714,0.4722627192588059,0.5202200572599407,0.515535231711038,0.14644660940672885,0.1650370205399977,True,True,True,True,False,False,True,True,True,True
577,wstate_5_Mutant_Replace_y_P0_Q0_[].qasm,Quratest_0,0.0,0.0,0.49869885257362656,0.469868899130094,0.4662387181534154,0.43965732757151904,0.4941397705013684,0.47348726832828547,0.17594147442007352,0.21630200684566012,True,True,True,True,False,False,True,True,True,True
578,wstate_5_Mutant_Replace_y_P0_Q0_[].qasm,PureState_1,0.0,0.0,0.6844705264661524,0.6670479813699486,0.6016791324810621,0.6025429118443143,0.7202200572599405,0.706925743403114,0.14644660940672885,0.16470794664283472,True,True,True,True,False,False,True,True,True,True
579,wstate_5_Mutant_Replace_y_P0_Q0_[].qasm,Quratest_1,0.0,0.0,0.5489517658535136,0.538234371092537,0.5105941371721995,0.5027573446006952,0.5562746851760392,0.5368591415581754,0.1849589473666641,0.22203572256645165,True,True,True,True,False,False,True,True,True,True
580,wstate_5_Mutant_Replace_y_P0_Q0_[].qasm,PureState_2,0.0,0.0,0.44782950511256936,0.4888889241816405,0.4012438237388488,0.4420980254298878,0.48688672392660726,0.4808787400075803,0.14644660940672863,0.16466988798829546,True,True,True,True,False,False,True,True,True,True
581,wstate_5_Mutant_Replace_y_P0_Q0_[].qasm,Quratest_2,0.0,0.0,0.5019062956797017,0.535433993916514,0.4809496698152116,0.5088349468196917,0.5914478882578373,0.5738615354949808,0.1464490009456457,0.17465589022482525,True,True,True,True,False,False,True,True,True,True
582,wstate_5_Mutant_Replace_y_P0_Q0_[].qasm,PureState_3,0.0,0.0,0.41654520324349315,0.451414768967722,0.38508168264215964,0.41544628845972,0.43688672392660727,0.4331277760145826,0.14644660940672874,0.16560734993429913,True,True,True,True,False,False,True,True,True,True
583,wstate_5_Mutant_Replace_y_P0_Q0_[].qasm,Quratest_3,0.0,0.0,0.3058795623322787,0.325931459095252,0.2858680775264964,0.30145223382082625,0.18894824620310396,0.1927361810603416,0.21364814988378208,0.23737671599906587,True,True,True,True,False,False,True,True,True,True
584,wstate_5_Mutant_Replace_y_P0_Q0_[].qasm,PureState_4,0.0,0.0,0.7552932189899929,0.736149241579589,0.6630091705129013,0.6614386033416851,0.8035533905932738,0.7880235679260164,0.14644660940672866,0.16604033146184374,True,True,True,True,False,False,True,True,True,True
585,wstate_5_Mutant_Replace_y_P0_Q0_[].qasm,Quratest_4,0.0,0.0,0.6034747958801031,0.5908157730642438,0.5495423435020387,0.5383675028448546,0.6750125025560716,0.6574803671713072,0.14644660940672863,0.16950881570477996,True,True,True,True,False,False,True,True,True,True
586,wstate_5_Mutant_Replace_y_P0_Q0_[].qasm,PureState_5,0.0,0.0,0.6733772419690847,0.6820898194788989,0.5953448051539745,0.6092921423617094,0.6868867239266074,0.6724681409787331,0.14644660940672874,0.1658623658741807,True,True,True,True,False,False,True,True,True,True
587,wstate_5_Mutant_Replace_y_P0_Q0_[].qasm,Quratest_5,0.0,0.0,0.6137211687568896,0.5999385176180134,0.5713816853232176,0.5590473227768258,0.6923291688128544,0.6738343579512077,0.22556646588861715,0.24746253553617648,True,True,True,True,False,False,True,True,True,True
588,wstate_5_Mutant_Replace_y_P0_Q0_[].qasm,PureState_6,0.0,0.0,0.7196459839008678,0.6970842426667848,0.6326292280374615,0.630417586489807,0.7702200572599406,0.755011704659332,0.14644660940672874,0.1649121748782616,True,True,True,True,False,False,True,True,True,True
589,wstate_5_Mutant_Replace_y_P0_Q0_[].qasm,Quratest_6,0.0,0.0,0.6069310342110266,0.5749420669189734,0.5513737974753673,0.5355228709237712,0.6824057407709131,0.6658736172851512,0.14644660940672857,0.17080417188809494,True,True,True,True,False,False,True,True,True,True
590,wstate_5_Mutant_Replace_y_P0_Q0_[].qasm,PureState_7,0.0,0.0,0.6632969471273729,0.6394217682139388,0.5868670142838162,0.5794729581744433,0.6868867239266074,0.6727609781215956,0.1464466094067288,0.16519270119071636,True,True,True,True,False,False,True,True,True,True
591,wstate_5_Mutant_Replace_y_P0_Q0_[].qasm,Quratest_7,0.0,0.0,0.5697805484769001,0.5689647307790368,0.5361044750730889,0.5323795953274892,0.6813111005638499,0.6695436199954781,0.15415449774921747,0.17327250132225688,True,True,True,True,False,False,True,True,True,True
592,wstate_5_Mutant_Replace_y_P0_Q0_[].qasm,PureState_8,0.0,0.0,0.780824964444721,0.7569005413475707,0.6841936921825581,0.6807155838927962,0.8535533905932742,0.835958815016629,0.14644660940672857,0.168133407492282,True,True,True,True,False,False,True,True,True,True
593,wstate_5_Mutant_Replace_y_P0_Q0_[].qasm,Quratest_8,0.0,0.0,0.406070415142279,0.3899644624975143,0.394774186212037,0.3767164206964071,0.47547047115478946,0.4619709414762573,0.3473499186945994,0.36797019388657665,True,True,True,True,False,False,True,True,True,True
594,wstate_5_Mutant_Replace_y_P0_Q0_[].qasm,PureState_9,0.0,0.0,0.6015954389483421,0.5844683995188861,0.537056940935591,0.5359162001860984,0.6035533905932737,0.5918379832746549,0.1464466094067288,0.16345441147533457,True,True,True,True,False,False,True,True,True,True
595,wstate_5_Mutant_Replace_y_P0_Q0_[].qasm,Quratest_9,0.0,0.0,0.5327171795472523,0.541147455656978,0.5076725082795265,0.5104177908400179,0.6577575471846205,0.6460763121374045,0.1464466094067288,0.16490934488485023,True,True,True,True,False,False,True,True,True,True
596,wstate_5_Mutant_Replace_y_P0_Q0_[].qasm,PureState_10,0.0,0.0,0.36704367305827534,0.4158686971822909,0.3463545941485628,0.3779463084269077,0.4035533905932739,0.4001346752513984,0.1464466094067288,0.1667455397025363,True,True,True,True,False,False,True,True,True,True
597,wstate_5_Mutant_Replace_y_P0_Q0_[].qasm,Quratest_10,0.0,0.0,0.549618963215569,0.539855310448948,0.5244909011185438,0.5176305826474138,0.6586683214772828,0.6471507357618193,0.3072034173094392,0.3236418449721037,True,True,True,True,False,False,True,True,True,True
598,wstate_5_Mutant_Replace_y_P0_Q0_[].qasm,PureState_11,1.2258235230606122e-119,0.0,0.28207737107899084,0.369208805624815,0.2789320961642484,0.3445018628971214,0.35355339059327395,0.35238005527384236,0.14644660940672855,0.1681022752516288,True,True,True,True,False,False,True,True,True,True
599,wstate_5_Mutant_Replace_y_P0_Q0_[].qasm,Quratest_11,0.0,0.0,0.5832445934678674,0.5652929411712422,0.5176485633680109,0.5223359764636228,0.6057098988594078,0.5959016357377066,0.14644660940672874,0.16337436536042366,True,True,True,True,False,False,True,True,True,True
600,wstate_5_Mutant_Replace_y_P0_Q0_[].qasm,PureState_12,0.0,0.0,0.6314804503397281,0.6177760486780642,0.559884135027554,0.561796556055508,0.653553390593274,0.6442497823936375,0.1464466094067285,0.16325356901835272,True,True,True,True,False,False,True,True,True,True
601,wstate_5_Mutant_Replace_y_P0_Q0_[].qasm,Quratest_12,0.0,0.0,0.49335350153052016,0.474181087062232,0.4685451470225724,0.4515147467474838,0.5240143635280938,0.5142807041049298,0.293837167029191,0.3155419381837341,True,True,True,True,False,False,True,True,True,True
602,wstate_5_Mutant_Replace_y_P0_Q0_[].qasm,PureState_13,0.0,0.0,0.7105700731465815,0.6879016477607509,0.6253767398470882,0.6195946892125053,0.7202200572599405,0.7072335856670056,0.14644660940672863,0.16395077005885636,True,True,True,True,False,False,True,True,True,True
603,wstate_5_Mutant_Replace_y_P0_Q0_[].qasm,Quratest_13,0.0,0.0,0.6885558055931124,0.6707608045580754,0.61994714656111,0.6050042441445245,0.6374020594476737,0.6243688384296058,0.14644660940672885,0.16736705717396705,True,True,True,True,False,False,True,True,True,True
604,wstate_5_Mutant_Replace_y_P0_Q0_[].qasm,PureState_14,0.0,0.0,0.5291525881117431,0.5082744257645013,0.47555599169365864,0.4715690598411792,0.5535533905932737,0.5440635641978006,0.14644660940672863,0.16336007302807867,True,True,True,True,False,False,True,True,True,True
605,wstate_5_Mutant_Replace_y_P0_Q0_[].qasm,Quratest_14,0.0,0.0,0.5136863707332151,0.5292145694714595,0.4606283720388262,0.4708947892419682,0.5083055200338622,0.4973570537495462,0.14644660940672866,0.1697462442597524,True,True,True,True,False,False,True,True,True,True
606,wstate_5_Mutant_Replace_y_P0_Q0_[].qasm,PureState_15,0.0,0.0,0.7488804117104582,0.7233994885525793,0.6574172090471081,0.6539300440883415,0.8035533905932738,0.7876805596695275,0.14644660940672896,0.16674691699112165,True,True,True,True,False,False,True,True,True,True
607,wstate_5_Mutant_Replace_y_P0_Q0_[].qasm,Quratest_15,0.0,0.0,0.5100340368798698,0.5185460537403602,0.48996749334792283,0.48886090212764965,0.6504849550660332,0.638728133784533,0.15780468898093739,0.1771239345366272,True,True,True,True,False,False,True,True,True,True
608,wstate_5_Mutant_Remove_x_P4_Q4.qasm,PureState_0,0.0,0.0,1.0,0.8978861545364692,0.8325546111576978,0.7813763474580356,1.0000000000000002,0.981207969661816,3.9287495844159893e-16,0.01834172550376048,True,True,True,True,False,False,True,True,True,True
609,wstate_5_Mutant_Remove_x_P4_Q4.qasm,Quratest_0,0.0,0.0,0.0994844177123126,0.1319188093692809,0.09702794665771737,0.12282960248574522,0.06932312847049246,0.06774525564557407,0.995194303859069,0.9953298695987135,True,True,True,True,False,False,True,True,True,True
610,wstate_5_Mutant_Remove_x_P4_Q4.qasm,PureState_1,0.0,0.0,1.0,0.8980838633421091,0.8325546111576977,0.7808198515473722,1.0000000000000002,0.981816437063663,3.9287495879702593e-16,0.016762121333995055,True,True,True,True,False,False,True,True,True,True
611,wstate_5_Mutant_Remove_x_P4_Q4.qasm,Quratest_1,0.0,0.0,0.8715101376193599,0.8062353105069809,0.7822850026004196,0.7352511436415271,0.971970052423112,0.9511304358050995,0.05527421719261509,0.07945727693371277,True,True,True,True,False,False,True,True,True,True
612,wstate_5_Mutant_Remove_x_P4_Q4.qasm,PureState_2,0.0,0.0,1.0,0.9109033430881325,0.8325546111576977,0.7894382521179217,1.0000000000000002,0.9797560738605082,3.963143869473862e-16,0.017019821269386937,True,True,True,True,False,False,True,True,True,True
613,wstate_5_Mutant_Remove_x_P4_Q4.qasm,Quratest_2,0.0,0.0,0.8632343798518292,0.7756412990125897,0.7755105115680581,0.7126204255153581,0.9601960167454349,0.9403646169208063,0.07802360942620291,0.10104472137328106,True,True,True,True,False,False,True,True,True,True
614,wstate_5_Mutant_Remove_x_P4_Q4.qasm,PureState_3,0.0,0.0,1.0,0.8830695045103795,0.8325546111576977,0.7682147576431058,1.0000000000000002,0.9789618587249154,3.9884555649999606e-16,0.01880748401882697,True,True,True,True,False,False,True,True,True,True
615,wstate_5_Mutant_Remove_x_P4_Q4.qasm,Quratest_3,0.0,0.0,0.8453904103293535,0.7732555296198179,0.765286562337517,0.7122220430322923,0.9530113549198928,0.9341614924562504,0.09176935739375172,0.11468643930575279,True,True,True,True,False,False,True,True,True,True
616,wstate_5_Mutant_Remove_x_P4_Q4.qasm,PureState_4,0.0,0.0,1.0,0.8809594001063448,0.8325546111576977,0.7660896412508675,1.0,0.9816393788260509,3.9460411349275314e-16,0.016613612994407067,True,True,True,True,False,False,True,True,True,True
617,wstate_5_Mutant_Remove_x_P4_Q4.qasm,Quratest_4,0.0,0.0,0.4460513115249939,0.42141675964490793,0.43423657494244994,0.4128167474782357,0.5798258075119286,0.5684635194313484,0.44763690014128976,0.4674814894184966,True,True,True,True,False,False,True,True,True,True
618,wstate_5_Mutant_Remove_x_P4_Q4.qasm,PureState_5,0.0,0.0,1.0,0.8681936013350496,0.8325546111576977,0.7568648332691879,1.0000000000000002,0.9790050052921551,3.9631438694738605e-16,0.01876117402394285,True,True,True,True,False,False,True,True,True,True
619,wstate_5_Mutant_Remove_x_P4_Q4.qasm,Quratest_5,0.0,0.0,0.420244423239358,0.4116953243982995,0.405160764877297,0.39699421752398273,0.4675668489512125,0.454162530942943,0.001816119319788618,0.04957421397183849,True,True,True,True,False,False,True,True,True,True
620,wstate_5_Mutant_Remove_x_P4_Q4.qasm,PureState_6,0.0,0.0,1.0,0.8694132771992598,0.8325546111576977,0.7586324847606325,1.0000000000000002,0.9810480670161948,3.980063134003961e-16,0.018416699381203657,True,True,True,True,False,False,True,True,True,True
621,wstate_5_Mutant_Remove_x_P4_Q4.qasm,Quratest_6,0.0,0.0,0.594910137315623,0.564408787063397,0.5535229231496568,0.5282642341975082,0.6090673207922619,0.5902974469940369,0.22070825934476004,0.2530499003863884,True,True,True,True,False,False,True,True,True,True
622,wstate_5_Mutant_Remove_x_P4_Q4.qasm,PureState_7,0.0,0.0,1.0,0.8832912475289337,0.8325546111576977,0.76976680531845,1.0000000000000002,0.9791630264338025,3.9631438752009236e-16,0.018676001736661226,True,True,True,True,False,False,True,True,True,True
623,wstate_5_Mutant_Remove_x_P4_Q4.qasm,Quratest_7,0.0,0.0,0.5110080496051028,0.4851584620547368,0.4955249295213039,0.4673931022481953,0.6509165012515564,0.6357555014555082,0.5286519396527636,0.5460981148392803,True,True,True,True,False,False,True,True,True,True
624,wstate_5_Mutant_Remove_x_P4_Q4.qasm,PureState_8,0.0,0.0,1.0,0.8601118828850608,0.8325546111576977,0.7514200628955557,1.0000000000000004,0.9807123305170987,3.782885521929633e-16,0.018218599506429945,True,True,True,True,False,False,True,True,True,True
625,wstate_5_Mutant_Remove_x_P4_Q4.qasm,Quratest_8,0.0,0.0,0.6081416258135355,0.5817168581940289,0.5829664359423863,0.5579850183815628,0.7834050999709526,0.7665906774570591,0.34741411800676913,0.3667504717109857,True,True,True,True,False,False,True,True,True,True
626,wstate_5_Mutant_Remove_x_P4_Q4.qasm,PureState_9,0.0,0.0,1.0,0.9007581378314428,0.8325546111576977,0.7831516749069077,1.0,0.9789547532530344,3.9716261131275615e-16,0.018683425119981105,True,True,True,True,False,False,True,True,True,True
627,wstate_5_Mutant_Remove_x_P4_Q4.qasm,Quratest_9,0.0,0.0,0.6064557473821987,0.5385669338104297,0.5724014904914835,0.5177157757216887,0.7386705529015445,0.7117543460821026,0.0014462674399001983,0.038651041618305425,True,True,True,True,False,False,True,True,True,True
628,wstate_5_Mutant_Remove_x_P4_Q4.qasm,PureState_10,0.0,0.0,1.0,0.8783614944393955,0.8325546111576977,0.7646296769340171,1.0,0.9796310366220948,3.9716261131275615e-16,0.017009930321420303,True,True,True,True,False,False,True,True,True,True
629,wstate_5_Mutant_Remove_x_P4_Q4.qasm,Quratest_10,0.0,0.0,0.18913220742535822,0.18518307221701913,0.18639508289770368,0.18058502396254728,0.22100255110593403,0.2141127681377517,0.00405692155249951,0.03468595733607905,True,True,True,True,False,False,True,True,True,True
630,wstate_5_Mutant_Remove_x_P4_Q4.qasm,PureState_11,0.0,0.0,1.0,0.8613609470572745,0.8325546111576978,0.7512438972041794,1.0000000000000004,0.9787529739145969,3.8935773566858845e-16,0.018586512529546014,True,True,True,True,False,False,True,True,True,True
631,wstate_5_Mutant_Remove_x_P4_Q4.qasm,Quratest_11,0.0,0.0,0.56207117442045,0.4955579521836142,0.5293585548912971,0.4722308783313347,0.5723584558665837,0.5520148757628986,0.020474967513143417,0.05383642519173068,True,True,True,True,False,False,True,True,True,True
632,wstate_5_Mutant_Remove_x_P4_Q4.qasm,PureState_12,0.0,0.0,1.0,0.9294000258308334,0.8325546111576977,0.8042357994231003,1.0000000000000004,0.9814647089033848,3.7828855219296345e-16,0.016468855055690405,True,True,True,True,False,False,True,True,True,True
633,wstate_5_Mutant_Remove_x_P4_Q4.qasm,Quratest_12,0.0,0.0,0.1505557693043858,0.13374833870645944,0.14554570696419844,0.13074812342165684,0.15928273859930883,0.15602566536547935,0.9746290091843101,0.9754108458954207,True,True,True,True,False,False,True,True,True,True
634,wstate_5_Mutant_Remove_x_P4_Q4.qasm,PureState_13,0.0,0.0,1.0,0.9140107733855719,0.8325546111576977,0.7934150424237159,1.0000000000000002,0.9819607282902675,3.9287495844159893e-16,0.01667359271493103,True,True,True,True,False,False,True,True,True,True
635,wstate_5_Mutant_Remove_x_P4_Q4.qasm,Quratest_13,0.0,0.0,0.31143959409643307,0.3006417484705051,0.3079452141035815,0.293311204454727,0.42868610659214973,0.4199914806899321,0.8162282220148704,0.8217143424094714,True,True,True,True,False,False,True,True,True,True
636,wstate_5_Mutant_Remove_x_P4_Q4.qasm,PureState_14,0.0,0.0,1.0,0.9335399236842199,0.8325546111576977,0.8067502034485857,1.0000000000000004,0.9795038491306742,3.8935773566858836e-16,0.01687579483378066,True,True,True,True,False,False,True,True,True,True
637,wstate_5_Mutant_Remove_x_P4_Q4.qasm,Quratest_14,0.0,0.0,0.12298422338098743,0.1863918867580167,0.12204907893887568,0.1699725584048764,0.13413518816892084,0.13125887636376343,0.9820077512948953,0.9825811944987569,True,True,True,True,False,False,True,True,True,True
638,wstate_5_Mutant_Remove_x_P4_Q4.qasm,PureState_15,0.0,0.0,1.0,0.8885936299297086,0.8325546111576977,0.7745154902348188,1.0,0.9814207504139433,3.9460411450861553e-16,0.016732116553781474,True,True,True,True,False,False,True,True,True,True
639,wstate_5_Mutant_Remove_x_P4_Q4.qasm,Quratest_15,0.0,0.0,0.47499528031432,0.46579571269678377,0.46336202542874017,0.4512347464825824,0.6406040880131991,0.6273464556478532,0.5896264024207803,0.6025466689881066,True,True,True,True,False,False,True,True,True,True
640,wstate_5_Mutant_Replace_sx_P3_Q3_[].qasm,PureState_0,0.0,0.0,0.5554439824707873,0.5230707797052863,0.47757887981810027,0.4712507447832857,0.5,0.48830875912551036,0.5000000000000044,0.5230439299680792,True,True,True,True,False,False,True,True,True,True
641,wstate_5_Mutant_Replace_sx_P3_Q3_[].qasm,Quratest_0,0.0,0.0,0.35408271439700073,0.36865858428203724,0.34136500259312036,0.3547681726397315,0.3737589092494037,0.3647781246741208,0.5712885816975302,0.5850761310007155,True,True,True,True,False,False,True,True,True,True
642,wstate_5_Mutant_Replace_sx_P3_Q3_[].qasm,PureState_1,0.0,0.0,0.22374007017795208,0.3080487604762379,0.221662862628274,0.27958669897168,0.3000000000000001,0.2939983109126607,0.5000000000000044,0.5270249497415682,True,True,True,True,False,False,True,True,True,True
643,wstate_5_Mutant_Replace_sx_P3_Q3_[].qasm,Quratest_1,0.0,0.0,0.21507342865116716,0.2613251717373216,0.20852861213272514,0.24567760291692997,0.3055041690992349,0.2992443091092129,0.3975000165054069,0.43053838407518413,True,True,True,True,False,False,True,True,True,True
644,wstate_5_Mutant_Replace_sx_P3_Q3_[].qasm,PureState_2,0.0,0.0,0.2397439185891471,0.30353164190239307,0.23788642013833866,0.27918739236894424,0.3,0.29399831091266065,0.5000000000000044,0.5271064219193651,True,True,True,True,False,False,True,True,True,True
645,wstate_5_Mutant_Replace_sx_P3_Q3_[].qasm,Quratest_2,0.0,0.0,0.27479790921663666,0.2666271504267757,0.23603869410821168,0.24431111263702984,0.1622855403104706,0.15805542732125044,0.8459482998836992,0.8538127892144227,True,True,True,True,False,False,True,True,True,True
646,wstate_5_Mutant_Replace_sx_P3_Q3_[].qasm,PureState_3,0.0,0.0,0.5355806782864353,0.5212365077688136,0.45958024792208163,0.4642398655782761,0.5,0.48792462638156203,0.5000000000000039,0.5229918015380863,True,True,True,True,False,False,True,True,True,True
647,wstate_5_Mutant_Replace_sx_P3_Q3_[].qasm,Quratest_3,0.0,0.0,0.2804255923883825,0.3092349418521482,0.256333958167074,0.2844015921055442,0.19128866893692584,0.1869279550789464,0.7990730493033681,0.8123098645689183,True,True,True,True,False,False,True,True,True,True
648,wstate_5_Mutant_Replace_sx_P3_Q3_[].qasm,PureState_4,1.1151150115971135e-123,0.0,0.22883400449682278,0.3328863523311132,0.22742415685859987,0.3065163965169419,0.29999999999999993,0.29366820350114853,0.5000000000000049,0.529248601579816,True,True,True,True,False,False,True,True,True,True
649,wstate_5_Mutant_Replace_sx_P3_Q3_[].qasm,Quratest_4,0.0,0.0,0.30899002855639746,0.3236564362321864,0.2992448633908934,0.31393155888848373,0.37666647350042953,0.3613489046732622,0.40926908936732304,0.44369479352886604,True,True,True,True,False,False,True,True,True,True
650,wstate_5_Mutant_Replace_sx_P3_Q3_[].qasm,PureState_5,0.0,0.0,0.5516684871695198,0.5204624239168466,0.47404442481866255,0.4696297878501782,0.5000000000000001,0.48847309412000695,0.5000000000000043,0.5231192033154204,True,True,True,True,False,False,True,True,True,True
651,wstate_5_Mutant_Replace_sx_P3_Q3_[].qasm,Quratest_5,0.0,0.0,0.46482629908881135,0.46096738143018373,0.44695273418218806,0.442890233249604,0.5195009205186072,0.5011634569344442,0.3628971594034502,0.39213780438462076,True,True,True,True,False,False,True,True,True,True
652,wstate_5_Mutant_Replace_sx_P3_Q3_[].qasm,PureState_6,0.0,0.0,0.5599865396209264,0.5415250901053965,0.481725659818539,0.4860976086742218,0.5000000000000001,0.4877604759058117,0.500000000000004,0.5230362315479337,True,True,True,True,False,False,True,True,True,True
653,wstate_5_Mutant_Replace_sx_P3_Q3_[].qasm,Quratest_6,0.0,0.0,0.1576377480693291,0.16717686236226556,0.13749315637833126,0.15369285091744875,0.07638129856238418,0.07425495886003744,0.8565635853658372,0.8648002547618238,True,True,True,True,False,False,True,True,True,True
654,wstate_5_Mutant_Replace_sx_P3_Q3_[].qasm,PureState_7,0.0,0.0,0.5456152053663595,0.5299901228979358,0.4686118358996695,0.4729661625013198,0.5000000000000001,0.4884972204500712,0.5000000000000043,0.5230934563076104,True,True,True,True,False,False,True,True,True,True
655,wstate_5_Mutant_Replace_sx_P3_Q3_[].qasm,Quratest_7,0.0,0.0,0.16493395866384689,0.15926682470619377,0.15011558438668904,0.149796386169875,0.09449084638449806,0.0917548244964986,0.8607350688064273,0.8672004925985123,True,True,True,True,False,False,True,True,True,True
656,wstate_5_Mutant_Replace_sx_P3_Q3_[].qasm,PureState_8,0.0,0.0,0.5328907464604259,0.5050363178851808,0.4569913202511649,0.45266308295994856,0.5000000000000002,0.48835484612872093,0.5000000000000036,0.5227663201435292,True,True,True,True,False,False,True,True,True,True
657,wstate_5_Mutant_Replace_sx_P3_Q3_[].qasm,Quratest_8,0.0,0.0,0.25373521389020165,0.23373260338468405,0.21885237636702445,0.21595778330301543,0.1256670288888953,0.12139578850838295,0.8607350688064266,0.867368449473268,True,True,True,True,False,False,True,True,True,True
658,wstate_5_Mutant_Replace_sx_P3_Q3_[].qasm,PureState_9,0.0,0.0,0.5379318947839896,0.5308436185177576,0.46203597018427583,0.4723666369131038,0.5,0.487880435148494,0.5000000000000048,0.5232460499649457,True,True,True,True,False,False,True,True,True,True
659,wstate_5_Mutant_Replace_sx_P3_Q3_[].qasm,Quratest_9,0.0,0.0,0.3448385448622988,0.31175644688863596,0.32824356315519604,0.2972616302376614,0.32552367638448065,0.31435889270864736,0.38904021471244127,0.41687323065460424,True,True,True,True,False,False,True,True,True,True
660,wstate_5_Mutant_Replace_sx_P3_Q3_[].qasm,PureState_10,9.778713490766296e-104,0.0,0.20935590080211475,0.30774191967387543,0.20804384590748246,0.27876423045571785,0.3,0.29366820350114825,0.5000000000000047,0.5296116900533361,True,True,True,True,False,False,True,True,True,True
661,wstate_5_Mutant_Replace_sx_P3_Q3_[].qasm,Quratest_10,0.0,0.0,0.4408776300106386,0.40932681307782365,0.42226953632264613,0.3934912290733832,0.432952051508391,0.4224330559090612,0.40291048543507957,0.42731514886193606,True,True,True,True,False,False,True,True,True,True
662,wstate_5_Mutant_Replace_sx_P3_Q3_[].qasm,PureState_11,0.0,0.0,0.5412571611214632,0.5303625240181642,0.46456847827934933,0.46950413139193803,0.5000000000000002,0.488428853212329,0.500000000000004,0.5228256103864463,True,True,True,True,False,False,True,True,True,True
663,wstate_5_Mutant_Replace_sx_P3_Q3_[].qasm,Quratest_11,0.0,0.0,0.4019103082104247,0.39122549299730663,0.3883301381662329,0.3778434106110949,0.4415044979365891,0.4301911827034409,0.6098018627006856,0.625910647544657,True,True,True,True,False,False,True,True,True,True
664,wstate_5_Mutant_Replace_sx_P3_Q3_[].qasm,PureState_12,1.297689405271254e-136,0.0,0.23673465865388388,0.30542984619428887,0.23498506206984088,0.2769256810132406,0.29999999999999993,0.2939983109126607,0.5000000000000043,0.5269335045853244,True,True,True,True,False,False,True,True,True,True
665,wstate_5_Mutant_Replace_sx_P3_Q3_[].qasm,Quratest_12,0.0,0.0,0.3854040790838634,0.4107639816182917,0.3574014929428154,0.38198750975783263,0.33010911546800126,0.3221182320362051,0.5290280769454788,0.5433094684059339,True,True,True,True,False,False,True,True,True,True
666,wstate_5_Mutant_Replace_sx_P3_Q3_[].qasm,PureState_13,0.0,0.0,0.24294215873599104,0.30403172845763765,0.24118806086412617,0.2821162111389033,0.3000000000000001,0.2939983109126605,0.5000000000000041,0.5269326638263231,True,True,True,True,False,False,True,True,True,True
667,wstate_5_Mutant_Replace_sx_P3_Q3_[].qasm,Quratest_13,0.0,0.0,0.43953454361674504,0.4230629505894496,0.4062341509458178,0.39070907277029937,0.3373309024000087,0.3224801976232277,0.38403191178215934,0.4180745140062188,True,True,True,True,False,False,True,True,True,True
668,wstate_5_Mutant_Replace_sx_P3_Q3_[].qasm,PureState_14,1.287884520288818e-144,0.0,0.24424616585488682,0.30736934547676986,0.2424554288174828,0.28623422613050015,0.29999999999999993,0.29399831091266065,0.500000000000004,0.5270994819275643,True,True,True,True,False,False,True,True,True,True
669,wstate_5_Mutant_Replace_sx_P3_Q3_[].qasm,Quratest_14,0.0,0.0,0.3925876471743074,0.3192237111568064,0.3511242028489736,0.31101024331785254,0.3865864811830981,0.3773395913785246,0.5000000000000233,0.5219969726415319,True,True,True,True,False,False,True,True,True,True
670,wstate_5_Mutant_Replace_sx_P3_Q3_[].qasm,PureState_15,3.081187761296618e-132,0.0,0.23329495825756838,0.31780619516413866,0.2317137705892054,0.2947660426253482,0.29999999999999993,0.2936682035011487,0.5000000000000047,0.529431381093031,True,True,True,True,False,False,True,True,True,True
671,wstate_5_Mutant_Replace_sx_P3_Q3_[].qasm,Quratest_15,0.0,0.0,0.3452565933914879,0.3085002477091935,0.32099594882773264,0.2994398844620159,0.3454007604931557,0.337664200952401,0.46124436389991186,0.48875607723824455,True,True,True,True,False,False,True,True,True,True
