Name,Input,Ideal_hellinger,Noisy_hellinger,Ideal_jensenshannon,Noisy_jensenshannon,Ideal_trace,Noisy_trace,Ideal_fidelity,Noisy_fidelity,Ideal_expectation,Noisy_expectation
wstate_8_Mutant_Remove_x_P7_Q7.qasm,PureState_0,0.012558298068390938,0.32252453586003926,0.012557511429046684,0.27170067884377164,0.0,0.09253529465955528,1.0000000000000537,0.8822132737856483,4.440892098500626e-16,0.31152343750000044
wstate_8_Mutant_Remove_x_P7_Q7.qasm,Quratest_0,0.05832246471072426,0.18099687709194637,0.053771962535339946,0.16631757955929355,0.0,0.046493388582369025,1.0000000000000702,0.8609081207227486,0.010274186764372972,0.14943434301437297
wstate_8_Mutant_Remove_x_P7_Q7.qasm,PureState_1,0.01102595866366121,0.32404786792720924,0.01102528472077329,0.2730013099999275,0.0,0.08383936775845448,1.0000000000000568,0.8858963224327646,4.440892098500626e-16,0.32031250000000044
wstate_8_Mutant_Remove_x_P7_Q7.qasm,Quratest_1,0.05169732361689537,0.1843883348596824,0.04721094196769616,0.15942078175534038,0.0,0.055517792874632474,1.0000000000000746,0.8796072476149894,0.002170644457575227,0.06325904304242477
wstate_8_Mutant_Remove_x_P7_Q7.qasm,PureState_2,0.016867385985426066,0.29492270795081604,0.016861931856760472,0.248497166633915,0.0,0.06588720198220308,1.0000000000000573,0.8801794707868835,4.440892098500626e-16,0.29882812500000044
wstate_8_Mutant_Remove_x_P7_Q7.qasm,Quratest_2,0.04889335905541941,0.21909698201394434,0.046006119663223835,0.1998266892207566,0.0,0.05249045333541309,1.0000000000000764,0.8709317653580116,0.0016432778995276731,0.2937668783504723
wstate_8_Mutant_Remove_x_P7_Q7.qasm,PureState_3,0.01830031401855231,0.31566709077836186,0.01827360860014727,0.26623890301134995,0.0,0.08052689074082117,1.0000000000000528,0.8849352430712236,0.0,0.318359375
wstate_8_Mutant_Remove_x_P7_Q7.qasm,Quratest_3,0.05094649554228299,0.287962896510314,0.04559573193691916,0.2507820640753453,0.0,0.07752811893183095,1.0000000000000724,0.8738390259677773,0.0017258976540530657,0.30979753984594693
wstate_8_Mutant_Remove_x_P7_Q7.qasm,PureState_4,0.012206766426241931,0.30441951961439206,0.01220647861961106,0.25615936315038906,0.0,0.06449005048729613,1.0000000000000493,0.8846356935441758,0.0,0.33203125
wstate_8_Mutant_Remove_x_P7_Q7.qasm,Quratest_4,0.05647596571233393,0.1677373112162561,0.053390021846531494,0.15349168162668883,0.0,0.04504858596705184,1.000000000000068,0.8512605847918546,0.009024933060429063,0.12329928568957094
wstate_8_Mutant_Remove_x_P7_Q7.qasm,PureState_5,0.016534516248011156,0.327941937554704,0.01651016104687213,0.27655630283301313,0.0,0.08566447127792313,1.0000000000000528,0.883784012950747,4.440892098500626e-16,0.32519531250000044
wstate_8_Mutant_Remove_x_P7_Q7.qasm,Quratest_5,0.046749996316649466,0.19565903859595543,0.044291985416296684,0.17705887397017905,0.0,0.053809608273193345,1.000000000000072,0.8707577618110327,0.005261400803988736,0.21983625544601126
wstate_8_Mutant_Remove_x_P7_Q7.qasm,PureState_6,0.0220136656471941,0.3121802355755113,0.02057034096083798,0.2629929551632896,0.0,0.08001198974393459,1.0000000000000533,0.8877322709546084,4.440892098500626e-16,0.31884765625000044
wstate_8_Mutant_Remove_x_P7_Q7.qasm,Quratest_6,0.05871012674629975,0.11687180295756576,0.05572755936498073,0.10969859267205352,0.0,0.0337339179088485,1.0000000000000697,0.84787998505047,0.01042642868795296,0.05012044631204704
wstate_8_Mutant_Remove_x_P7_Q7.qasm,PureState_7,0.012835282811046561,0.32354757909310006,0.012817334691583903,0.272632574372101,0.0,0.08906961976212607,1.0000000000000528,0.8821136015323747,2.220446049250313e-16,0.2998046875000002
wstate_8_Mutant_Remove_x_P7_Q7.qasm,Quratest_7,0.05750190946001609,0.11705306492463909,0.054840303649509176,0.10924426429594197,0.0,0.034060891579311026,1.0000000000000644,0.8746722527778775,0.005475754293962409,0.10438752695603759
wstate_8_Mutant_Remove_x_P7_Q7.qasm,PureState_8,0.021398468642084497,0.3085115739448,0.02101067543062655,0.2601475711837257,0.0,0.07468710222138185,1.000000000000052,0.8784478199382212,2.220446049250313e-16,0.3041992187500002
wstate_8_Mutant_Remove_x_P7_Q7.qasm,Quratest_8,0.047052155284090035,0.19005547763711544,0.04255744410325683,0.1776777557854044,0.0,0.0790421802673673,1.0000000000000657,0.8356746974749204,0.01700000639642718,0.11953906889642718
wstate_8_Mutant_Remove_x_P7_Q7.qasm,PureState_9,0.013602392097063378,0.32400654915499133,0.013598539349264272,0.27331324277273994,0.0,0.08932876071960985,1.0000000000000506,0.8803032926719214,2.220446049250313e-16,0.3090820312500002
wstate_8_Mutant_Remove_x_P7_Q7.qasm,Quratest_9,0.04390274940618074,0.2806887409358089,0.04132416587418408,0.24146632462964285,0.0,0.060324602308919666,1.000000000000056,0.8576979409482047,0.00016777949836144224,0.30290215449836144
wstate_8_Mutant_Remove_x_P7_Q7.qasm,PureState_10,0.007163470099534612,0.3363218755114367,0.007163416080879763,0.28348444977920134,0.0,0.09976204495359765,1.0000000000000493,0.8823157958295668,2.220446049250313e-16,0.3251953125000002
wstate_8_Mutant_Remove_x_P7_Q7.qasm,Quratest_10,0.05054883706240951,0.17698097045478076,0.04621031389103373,0.16404749119773973,0.0,0.05940554102799513,1.0000000000000728,0.872503389094442,0.016321078645685105,0.1985226713543149
wstate_8_Mutant_Remove_x_P7_Q7.qasm,PureState_11,0.0073254651319394565,0.32953670980393507,0.007325191166241794,0.2777852812671264,0.0,0.0884969491902793,1.0000000000000528,0.8815057016869778,6.661338147750939e-16,0.31494140625000067
wstate_8_Mutant_Remove_x_P7_Q7.qasm,Quratest_11,0.06050533177535907,0.20692476157515335,0.055635847956149155,0.19317109000504876,0.0,0.06063975702834996,1.0000000000000675,0.8587623772977673,0.003394745727204329,0.27732052697720433
wstate_8_Mutant_Remove_x_P7_Q7.qasm,PureState_12,0.01126390619747359,0.30111404367956857,0.01125555340063298,0.2534362774586506,0.0,0.06901776027480237,1.0000000000000524,0.8855392753517911,2.220446049250313e-16,0.3144531250000002
wstate_8_Mutant_Remove_x_P7_Q7.qasm,Quratest_12,0.06149645894238531,0.26852860049397187,0.05466576308294232,0.24260795020541656,0.0,0.10354580010487327,1.0000000000000768,0.8472545962841709,0.0022227403788159794,0.346461021628816
wstate_8_Mutant_Remove_x_P7_Q7.qasm,PureState_13,0.01664904434710741,0.3251201254235385,0.016644023574513934,0.2740759782301685,0.0,0.08882837958747872,1.0000000000000506,0.879629730353343,6.661338147750939e-16,0.32373046875000067
wstate_8_Mutant_Remove_x_P7_Q7.qasm,Quratest_13,0.05296682752971855,0.2076532368886495,0.047520373932722265,0.190165404342701,0.0,0.0692323790724018,1.0000000000000777,0.8669036378443029,0.000728111289829303,0.2253374862898293
wstate_8_Mutant_Remove_x_P7_Q7.qasm,PureState_14,0.01665217458070219,0.32443184552784954,0.016650693441033166,0.2733445788163295,0.0,0.07934561737759332,1.0000000000000542,0.8845984001907843,4.440892098500626e-16,0.31542968750000044
wstate_8_Mutant_Remove_x_P7_Q7.qasm,Quratest_14,0.057383014192014324,0.24051160382356587,0.05162955017282289,0.22013768340663112,0.0,0.0931079542048905,1.0000000000000697,0.8369851493142505,0.0021091710186103008,0.2444728602313897
wstate_8_Mutant_Remove_x_P7_Q7.qasm,PureState_15,0.023330596191393497,0.30850483370599935,0.0233030553724841,0.26008400184444525,0.0,0.07992472924059213,1.0000000000000542,0.8812650498553822,2.220446049250313e-16,0.3095703125000002
wstate_8_Mutant_Remove_x_P7_Q7.qasm,Quratest_15,0.054601180501567814,0.18501814350111195,0.05025498024172387,0.17058363208900199,0.0,0.04938326368092863,1.0000000000000666,0.8753157504141478,0.00454696362194329,0.2428282136219433
wstate_8_Mutant_Remove_x_P7_Q7.qasm,PureState_16,0.017022578854951422,0.31375650350346956,0.016993526810608953,0.2644989762829592,0.0,0.07726265723818013,1.0000000000000542,0.8788445435725941,4.440892098500626e-16,0.31738281250000044
wstate_8_Mutant_Remove_x_P7_Q7.qasm,Quratest_16,0.05772030079025661,0.10918502405004665,0.054476970819286895,0.10448554396580488,0.0,0.03137662912261823,1.000000000000068,0.8695944831935309,0.0032682455173493885,0.1780729330173494
wstate_8_Mutant_Remove_x_P7_Q7.qasm,PureState_17,0.007360555359647299,0.3327976646168928,0.007360314245282048,0.28044665221536913,0.0,0.09199559850017087,1.0000000000000542,0.887143215485264,4.440892098500626e-16,0.30810546875000044
wstate_8_Mutant_Remove_x_P7_Q7.qasm,Quratest_17,0.056993809121424197,0.19469492052484458,0.05208856808996801,0.17459732728357436,0.0,0.055738853231289756,1.0000000000000733,0.8721451626567642,0.00897114284322198,0.14972026340677802
wstate_8_Mutant_Remove_x_P7_Q7.qasm,PureState_18,0.009038114295446754,0.31823678483851364,0.009037734553119896,0.26825902012883074,0.0,0.07953399469499917,1.000000000000055,0.8830145394609371,4.440892098500626e-16,0.29296875000000044
wstate_8_Mutant_Remove_x_P7_Q7.qasm,Quratest_18,0.055107082173191956,0.14072550413278825,0.050537962737935344,0.1341312678511459,0.0,0.07056496922480518,1.0000000000000555,0.836387706013709,0.022399806234884134,0.10784902498488413
wstate_8_Mutant_Remove_x_P7_Q7.qasm,PureState_19,0.013132699590545529,0.3134604448556147,0.013122168519202452,0.2642941524162991,0.0,0.0772557888786695,1.000000000000051,0.8846949890279188,0.0,0.3212890625
wstate_8_Mutant_Remove_x_P7_Q7.qasm,Quratest_19,0.04629555028160726,0.17320683158722436,0.04271631037162395,0.16148153869683743,0.0,0.07772693982199169,1.0000000000000715,0.8682271634199993,0.021297367033475956,0.17938622671652404
wstate_8_Mutant_Remove_x_P7_Q7.qasm,PureState_20,0.014638229129799181,0.30833769907253866,0.01463334983826376,0.2598275605047024,0.0,0.07467622266268546,1.0000000000000555,0.8792428092895523,2.220446049250313e-16,0.3105468750000002
wstate_8_Mutant_Remove_x_P7_Q7.qasm,Quratest_20,0.047667021275449195,0.18529563762904627,0.044239527081992386,0.1635444874739375,0.0,0.06286042319372205,1.000000000000064,0.85696207342007,0.003533428379185244,0.16954905337918524
wstate_8_Mutant_Remove_x_P7_Q7.qasm,PureState_21,0.011118934201796752,0.3101495266125433,0.011118235024300748,0.2613575834725322,0.0,0.06933141718522771,1.0000000000000542,0.883717891400942,0.0,0.29443359375
wstate_8_Mutant_Remove_x_P7_Q7.qasm,Quratest_21,0.06389912095841686,0.1775934996873705,0.05853916005591898,0.16617580358089307,0.0,0.04997705882729782,1.0000000000000697,0.8633326473165486,0.006099205039828748,0.23510311128982875
wstate_8_Mutant_Remove_x_P7_Q7.qasm,PureState_22,0.01019470236968379,0.34335002381593727,0.010194473039603375,0.28956835154500404,0.0,0.10084933927468996,1.0000000000000524,0.8806778425857957,2.220446049250313e-16,0.3002929687500002
wstate_8_Mutant_Remove_x_P7_Q7.qasm,Quratest_22,0.06217719600222508,0.0999800573446882,0.057532990662806274,0.0960533860212743,0.0,0.033138825431145824,1.0000000000000706,0.8661577291168918,0.007941233584813773,0.0011052960848137727
wstate_8_Mutant_Remove_x_P7_Q7.qasm,PureState_23,0.014799634533231331,0.3110533878165832,0.014790348127687187,0.2620800279531196,0.0,0.07101675466272829,1.000000000000055,0.8811600884225038,4.440892098500626e-16,0.30859375000000044
wstate_8_Mutant_Remove_x_P7_Q7.qasm,Quratest_23,0.035418151637705814,0.2596054516999604,0.03238772978671483,0.23328316143652472,0.0,0.10535612564368371,1.0000000000000804,0.8446560788987358,0.0069858455672017206,0.3172329044327983
wstate_8_Mutant_Remove_x_P7_Q7.qasm,PureState_24,0.016469808093983265,0.30504599278544764,0.016467092101561533,0.25716729436293445,0.0,0.06768762122754776,1.0000000000000564,0.8798391838249526,4.440892098500626e-16,0.31982421875000044
wstate_8_Mutant_Remove_x_P7_Q7.qasm,Quratest_24,0.03738979912613543,0.2970070474147879,0.03587704472625797,0.2506166033663007,0.0,0.05266797813323453,1.0000000000000622,0.849448166217916,0.0003862958843789954,0.316304264634379
wstate_8_Mutant_Remove_x_P7_Q7.qasm,PureState_25,0.01305672511639135,0.3202451213553233,0.013055178943976575,0.26975951893887656,0.0,0.07782945503428217,1.00000000000006,0.8860946536439642,2.220446049250313e-16,0.2988281250000002
wstate_8_Mutant_Remove_x_P7_Q7.qasm,Quratest_25,0.04651273270215096,0.1642507791804557,0.04263462301957608,0.14674021175722546,0.0,0.04422353361642191,1.0000000000000644,0.8734540809322249,0.0006983669205617438,0.10770007057943826
wstate_8_Mutant_Remove_x_P7_Q7.qasm,PureState_26,0.018695785584753866,0.30265306113225376,0.017418001064509792,0.255346475265504,0.0,0.07503266794030239,1.0000000000000546,0.87943868826375,2.220446049250313e-16,0.3134765625000002
wstate_8_Mutant_Remove_x_P7_Q7.qasm,Quratest_26,0.05576721825640536,0.17058103603580996,0.05351248712930164,0.16004839002211915,0.0,0.04680508927627906,1.0000000000000626,0.8674022061698454,0.007572669960171474,0.22045467378982853
wstate_8_Mutant_Remove_x_P7_Q7.qasm,PureState_27,0.01299578316390118,0.32501841344776206,0.012987615974611375,0.2738449647735337,0.0,0.09310920216876178,1.0000000000000506,0.8827963885345108,4.440892098500626e-16,0.31005859375000044
wstate_8_Mutant_Remove_x_P7_Q7.qasm,Quratest_27,0.05080529511380271,0.16019768168901483,0.047677770748457055,0.14718134749930833,0.0,0.05114418515320603,1.0000000000000653,0.8662063325245164,0.015565045435201263,0.06292832668520126
wstate_8_Mutant_Remove_x_P7_Q7.qasm,PureState_28,0.01328951045072669,0.3120984601200297,0.013286623909716851,0.2630855895528228,0.0,0.07919026356803824,1.000000000000056,0.8842883579991806,6.661338147750939e-16,0.30371093750000067
wstate_8_Mutant_Remove_x_P7_Q7.qasm,Quratest_28,0.05778540791104678,0.17535381185661036,0.05446636792555241,0.16445580959164474,0.0,0.050947531919577946,1.0000000000000702,0.8557466986427008,0.006267459291397104,0.044513790708602896
wstate_8_Mutant_Remove_x_P7_Q7.qasm,PureState_29,0.012724999617820764,0.3232037466009491,0.011455782399016267,0.2731342379977435,0.0,0.09337956942260284,1.000000000000052,0.8857804504590568,2.220446049250313e-16,0.3237304687500002
wstate_8_Mutant_Remove_x_P7_Q7.qasm,Quratest_29,0.059142884789168425,0.1569148171468022,0.05479930515500727,0.1457811407560219,0.0,0.045561747179901343,1.0000000000000622,0.8338226557181931,0.018900819892451737,0.19154839885754826
wstate_8_Mutant_Remove_x_P7_Q7.qasm,PureState_30,0.011234141809873584,0.3043372246029845,0.011232970765277852,0.2562392487405438,0.0,0.06480791810712669,1.0000000000000546,0.887052917191252,0.0,0.3193359375
wstate_8_Mutant_Remove_x_P7_Q7.qasm,Quratest_30,0.04703584593066378,0.24007268406682308,0.043760321242891774,0.21492143145769835,0.0,0.06581723685554808,1.000000000000067,0.8577511731963363,0.00290598145739307,0.30471120604260693
wstate_8_Mutant_Remove_x_P7_Q7.qasm,PureState_31,0.01239414977366459,0.3297313230169019,0.012393141560062455,0.2777979039615388,0.0,0.09187867506707226,1.0000000000000546,0.8874325729831055,4.440892098500626e-16,0.31835937500000044
wstate_8_Mutant_Remove_x_P7_Q7.qasm,Quratest_31,0.03453270291851896,0.2832377576196458,0.03233511096601434,0.24225251658763866,0.0,0.06756872648853784,1.0000000000000657,0.8638221071600265,3.875608938086472e-05,0.30660186891061914
wstate_8_Mutant_Remove_x_P7_Q7.qasm,PureState_32,0.019516507455273637,0.3064900442683919,0.018709292068364056,0.2582560752529049,0.0,0.07015488793095982,1.000000000000055,0.8813123349477319,4.440892098500626e-16,0.31933593750000044
wstate_8_Mutant_Remove_x_P7_Q7.qasm,Quratest_32,0.05276738393929992,0.19685154196523652,0.04846749214776372,0.18305103021406655,0.0,0.06435649849083715,1.0000000000000648,0.843206262113829,0.0038868872593190718,0.26462907475931907
wstate_8_Mutant_Remove_x_P7_Q7.qasm,PureState_33,0.01391840663740165,0.32050513495882804,0.01390665035805752,0.2703215649462513,0.0,0.08844571317482804,1.0000000000000537,0.8797519474719293,2.220446049250313e-16,0.3188476562500002
wstate_8_Mutant_Remove_x_P7_Q7.qasm,Quratest_33,0.042851977375404166,0.20649993474148023,0.040552748204332155,0.18231258411247298,0.0,0.05955590906811063,1.0000000000000577,0.8731982935071924,0.018084190074596995,0.119122841175403
wstate_8_Mutant_Remove_x_P7_Q7.qasm,PureState_34,0.019921941321545886,0.30807239921704893,0.01913429147223801,0.25942468266203617,0.0,0.06480146340728381,1.000000000000056,0.8840495304833224,0.0,0.2998046875
wstate_8_Mutant_Remove_x_P7_Q7.qasm,Quratest_34,0.04437620620255034,0.2905764273642402,0.03973155748032116,0.2508710265912296,0.0,0.09043267416007215,1.0000000000000662,0.8645453347370238,0.0006934393067998812,0.3000878106932001
wstate_8_Mutant_Remove_x_P7_Q7.qasm,PureState_35,0.016122794098879376,0.31548857419080734,0.016113595960701253,0.2657753327430968,0.0,0.08007408711827939,1.000000000000056,0.8808883913269598,4.440892098500626e-16,0.30566406250000044
wstate_8_Mutant_Remove_x_P7_Q7.qasm,Quratest_35,0.0459413508746395,0.23796416469296783,0.04359603443586512,0.2120417711925141,0.0,0.06617803504687456,1.0000000000000666,0.8384575187294578,0.01686567040064113,0.26295942040064113
wstate_8_Mutant_Remove_x_P7_Q7.qasm,PureState_36,0.017965554198014187,0.3081109622693155,0.017959456867603016,0.2597064523637117,0.0,0.07712093758431819,1.0000000000000515,0.8803083063706233,4.440892098500626e-16,0.31640625000000044
wstate_8_Mutant_Remove_x_P7_Q7.qasm,Quratest_36,0.0468430754108746,0.2799279147960909,0.04266917327165506,0.24267834180487063,0.0,0.07365379299635232,1.000000000000067,0.848758835457782,0.0002272273459476004,0.3019850398459476
wstate_8_Mutant_Remove_x_P7_Q7.qasm,PureState_37,0.014123451634902275,0.32350060427297544,0.014106676363224461,0.27282772652268733,0.0,0.08556544053123252,1.0000000000000524,0.8779043183086577,4.440892098500626e-16,0.28222656250000044
wstate_8_Mutant_Remove_x_P7_Q7.qasm,Quratest_37,0.04488689091025847,0.28049302773458146,0.04122159360645317,0.24644316601454344,0.0,0.07737737212489063,1.0000000000000777,0.8768696072276014,0.0017853455016383357,0.30583184199836166
wstate_8_Mutant_Remove_x_P7_Q7.qasm,PureState_38,0.021545527267839027,0.3009108988893442,0.020779588457822504,0.25361352335980586,0.0,0.07142390667867923,1.0000000000000542,0.8873210877143657,2.220446049250313e-16,0.2924804687500002
wstate_8_Mutant_Remove_x_P7_Q7.qasm,Quratest_38,0.05252722815988061,0.16124288489332436,0.0475598102197832,0.148075188438815,0.0,0.05929689118509572,1.0000000000000848,0.8647828417257474,0.0005806551884288136,0.10458456143842881
wstate_8_Mutant_Remove_x_P7_Q7.qasm,PureState_39,0.002757742662882288,0.3420112881657225,0.002757740915012365,0.2884062719805312,0.0,0.10736999569729018,1.0000000000000497,0.8879546841834127,4.440892098500626e-16,0.32080078125000044
wstate_8_Mutant_Remove_x_P7_Q7.qasm,Quratest_39,0.06298450430308997,0.14055930406864442,0.057895033417054355,0.13458020835349954,0.0,0.06348119089115567,1.000000000000071,0.8453285514230188,0.0067437460325345255,0.07022030853253453
wstate_8_Mutant_Remove_x_P7_Q7.qasm,PureState_40,0.020842598005993807,0.3091253768021834,0.0207735378925531,0.2605197109453238,0.0,0.06926546196261935,1.0000000000000537,0.88273491505098,4.440892098500626e-16,0.31347656250000044
wstate_8_Mutant_Remove_x_P7_Q7.qasm,Quratest_40,0.06932861089941197,0.13637769418224555,0.06399976464870581,0.13190794849020063,0.0,0.03754301824534766,1.0000000000000697,0.8751307795851119,0.010707029724556505,0.1752578109745565
wstate_8_Mutant_Remove_x_P7_Q7.qasm,PureState_41,0.014778147309490723,0.3252349974882286,0.014776014614149858,0.27401818635525366,0.0,0.08603738839203032,1.0000000000000542,0.8804511473377343,4.440892098500626e-16,0.31152343750000044
wstate_8_Mutant_Remove_x_P7_Q7.qasm,Quratest_41,0.05402259739950338,0.1872178929748302,0.04930737747432,0.17464260641157223,0.0,0.07066072694491664,1.0000000000000693,0.8621157568968364,0.010540212529047577,0.2516668187209524
wstate_8_Mutant_Remove_x_P7_Q7.qasm,PureState_42,0.013231629475308987,0.3128938268979715,0.013226113088593816,0.26382552318406277,0.0,0.07711281605047524,1.000000000000052,0.8849742158832946,0.0,0.2998046875
wstate_8_Mutant_Remove_x_P7_Q7.qasm,Quratest_42,0.05070831997422957,0.17608645917685142,0.04653217034771219,0.16265655468031145,0.0,0.0480874067964186,1.000000000000067,0.8734126309242711,0.014073755611542338,0.23917141186154234
wstate_8_Mutant_Remove_x_P7_Q7.qasm,PureState_43,0.00885114581092487,0.31966450060037427,0.008849795691967569,0.2692706750856288,0.0,0.08703337103312558,1.000000000000052,0.882720830950769,4.440892098500626e-16,0.29541015625000044
wstate_8_Mutant_Remove_x_P7_Q7.qasm,Quratest_43,0.04736294357548248,0.1843618887836025,0.043747835686206,0.16428826547980638,0.0,0.05895362011798115,1.000000000000067,0.8394614262315561,0.005371067236574101,0.2143554952634259
wstate_8_Mutant_Remove_x_P7_Q7.qasm,PureState_44,0.009729341218710228,0.3163172692917873,0.009728255018578104,0.266499879876557,0.0,0.08381571353239294,1.0000000000000586,0.8886961581863815,2.220446049250313e-16,0.3281250000000002
wstate_8_Mutant_Remove_x_P7_Q7.qasm,Quratest_44,0.04956560887652136,0.13793950395721621,0.04676653930385228,0.12938169314997078,0.0,0.053504273434805585,1.000000000000067,0.8620494714690032,0.02231878191892081,0.05356878191892081
wstate_8_Mutant_Remove_x_P7_Q7.qasm,PureState_45,0.02450091631885673,0.3111705507701361,0.02254093044641939,0.26239229204240855,0.0,0.07565263892608047,1.0000000000000515,0.8818799419882102,6.661338147750939e-16,0.30322265625000067
wstate_8_Mutant_Remove_x_P7_Q7.qasm,Quratest_45,0.05701341162349094,0.14065631884175078,0.05268479831377531,0.13486671558564947,0.0,0.059049699503487374,1.0000000000000786,0.863648762378178,0.0035727596204234713,0.15902489662957653
wstate_8_Mutant_Remove_x_P7_Q7.qasm,PureState_46,0.012507401069363823,0.3197510128702399,0.012504746398255814,0.2693728521334851,0.0,0.08574765656774973,1.0000000000000542,0.8834899455389805,4.440892098500626e-16,0.31591796875000044
wstate_8_Mutant_Remove_x_P7_Q7.qasm,Quratest_46,0.04987631110975504,0.20553894302128456,0.04511016893268685,0.19146304445671455,0.0,0.0773615658378314,1.00000000000008,0.8396561710655976,0.01005193127902726,0.25654963122097274
wstate_8_Mutant_Remove_x_P7_Q7.qasm,PureState_47,0.013116823322481751,0.30554753347424335,0.013094469202966766,0.25755354750342346,0.0,0.07735161457207003,1.000000000000052,0.8853052518824935,4.440892098500626e-16,0.30224609375000044
wstate_8_Mutant_Remove_x_P7_Q7.qasm,Quratest_47,0.05955400384697907,0.13409171692342262,0.05516447387041534,0.12543646096032315,0.0,0.034466992505216544,1.0000000000000675,0.8318995584714833,0.001068936438467949,0.09579549893846795
wstate_8_Mutant_Remove_x_P7_Q7.qasm,PureState_48,0.014179875498414337,0.32694999096635746,0.01417314068430467,0.275576757312836,0.0,0.08588892422695218,1.000000000000052,0.8872706802029288,4.440892098500626e-16,0.31201171875000044
wstate_8_Mutant_Remove_x_P7_Q7.qasm,Quratest_48,0.054475596336321576,0.166104657695248,0.050833786388513984,0.15501032453471755,0.0,0.05282672090323642,1.0000000000000728,0.8687527436576729,0.009737202175617465,0.24948329592561747
wstate_8_Mutant_Remove_x_P7_Q7.qasm,PureState_49,0.015141698457343051,0.3219351048594122,0.013535974318442457,0.27257761526280605,0.0,0.08540023201193876,1.0000000000000515,0.8820850790359085,4.440892098500626e-16,0.30322265625000044
wstate_8_Mutant_Remove_x_P7_Q7.qasm,Quratest_49,0.060383650639542444,0.14373900530156403,0.0563882161267724,0.13763450900033633,0.0,0.046093886662191684,1.000000000000072,0.860539281917429,0.00882559593746901,0.183630283437469
wstate_8_Mutant_Remove_x_P7_Q7.qasm,PureState_50,0.021145043642568015,0.30546178395239365,0.02000755154628585,0.2574508215625395,0.0,0.06999945631969456,1.0000000000000515,0.8812907723873643,2.220446049250313e-16,0.3061523437500002
wstate_8_Mutant_Remove_x_P7_Q7.qasm,Quratest_50,0.057463979250572436,0.15067473298784506,0.05263171771217803,0.14378091490141037,0.0,0.047419075661427945,1.0000000000000675,0.8579793533771464,0.0024438271290814217,0.18457273337908142
wstate_8_Mutant_Remove_x_P7_Q7.qasm,PureState_51,0.010659134423776279,0.31811284875142365,0.009912637193014667,0.2690361878192658,0.0,0.09129641412275348,1.0000000000000533,0.8842227475963206,2.220446049250313e-16,0.3090820312500002
wstate_8_Mutant_Remove_x_P7_Q7.qasm,Quratest_51,0.061732384248199386,0.16142386376467702,0.05676003111105295,0.1524914659769424,0.0,0.05654533990896548,1.0000000000000648,0.863067961556288,0.013049763413186755,0.24329789283681325
wstate_8_Mutant_Remove_x_P7_Q7.qasm,PureState_52,0.0034330795311783902,0.32647614987402995,0.0034330112136889083,0.27545880639440556,0.0,0.09232882115467995,1.0000000000000488,0.8875608137243243,4.440892098500626e-16,0.31298828125000044
wstate_8_Mutant_Remove_x_P7_Q7.qasm,Quratest_52,0.06316608768805929,0.14152955920618934,0.05973824069211314,0.12921460163361795,0.0,0.03678150798663074,1.000000000000071,0.8720908995646293,0.0068342323540762084,0.09130688860407621
wstate_8_Mutant_Remove_x_P7_Q7.qasm,PureState_53,0.009383709721847485,0.32767003910136006,0.009382977936814496,0.2762084474199481,0.0,0.08892413200426917,1.0000000000000506,0.8823960837040398,2.220446049250313e-16,0.3090820312500002
wstate_8_Mutant_Remove_x_P7_Q7.qasm,Quratest_53,0.043328229713657476,0.2968635117944339,0.03977142586792056,0.25626065407074844,0.0,0.08604873647923231,1.0000000000000866,0.8617771130016622,0.0011443419983617753,0.3004607482483618
wstate_8_Mutant_Remove_x_P7_Q7.qasm,PureState_54,0.01818100553451224,0.3178566564181085,0.016867304959882718,0.26801496240356487,0.0,0.07852106561899336,1.0000000000000564,0.8865918365168755,4.440892098500626e-16,0.32031250000000044
wstate_8_Mutant_Remove_x_P7_Q7.qasm,Quratest_54,0.05730994125268858,0.1578409562550428,0.0531568339975767,0.143474465543165,0.0,0.03914942718132891,1.000000000000067,0.8667637914564416,0.0003185338204548249,0.053541190070454825
wstate_8_Mutant_Remove_x_P7_Q7.qasm,PureState_55,0.0250663296179002,0.3037503149191173,0.023765811386192732,0.25587040009150425,0.0,0.07071163488294029,1.0000000000000524,0.8841081384667463,0.0,0.3310546875
wstate_8_Mutant_Remove_x_P7_Q7.qasm,Quratest_55,0.05642337435133937,0.14705628535630924,0.05183949178462574,0.13450913398016862,0.0,0.027691055860061122,1.000000000000063,0.8708168248477336,0.008195154033262791,0.07041812721673721
wstate_8_Mutant_Remove_x_P7_Q7.qasm,PureState_56,0.007961067161030178,0.3277684450898837,0.007960611650842848,0.2762144759550943,0.0,0.09507855860645874,1.0000000000000555,0.8899235134866073,4.440892098500626e-16,0.32373046875000044
wstate_8_Mutant_Remove_x_P7_Q7.qasm,Quratest_56,0.05382445839466666,0.16668501439612426,0.048935547807042616,0.15541526402194294,0.0,0.05392167698502066,1.000000000000075,0.8631909229585106,0.012787503967475161,0.03652890228252484
wstate_8_Mutant_Remove_x_P7_Q7.qasm,PureState_57,0.018215331576085212,0.3066794574191795,0.018207424315220728,0.258245650671277,0.0,0.06455750255846422,1.000000000000056,0.8819887786801215,4.440892098500626e-16,0.31152343750000044
wstate_8_Mutant_Remove_x_P7_Q7.qasm,Quratest_57,0.055243517268675775,0.14298181068300045,0.05053292441649731,0.13020964848948705,0.0,0.03854969277681191,1.000000000000071,0.8728121587779822,0.0068251647036195046,0.024913116546380495
wstate_8_Mutant_Remove_x_P7_Q7.qasm,PureState_58,0.012277972827265657,0.3289140873110579,0.01227710194253814,0.2773234539460791,0.0,0.08614563118475074,1.0000000000000555,0.8801644582950422,4.440892098500626e-16,0.32568359375000044
wstate_8_Mutant_Remove_x_P7_Q7.qasm,Quratest_58,0.059055470937912,0.20575362395695296,0.05388841483236747,0.1904686574710147,0.0,0.06939941141299019,1.0000000000000786,0.8556512087624747,0.012617613307095099,0.2764448866929049
wstate_8_Mutant_Remove_x_P7_Q7.qasm,PureState_59,0.016134927147418876,0.3208880462897553,0.016125403716700182,0.27054852555772674,0.0,0.0856791307932721,1.0000000000000515,0.8776198516397586,4.440892098500626e-16,0.31298828125000044
wstate_8_Mutant_Remove_x_P7_Q7.qasm,Quratest_59,0.0511229187077638,0.23182730175078878,0.047260209572631,0.21346742218779632,0.0,0.06188234524655124,1.0000000000000653,0.8660091840095545,0.00039968301119763794,0.30069265176119764
wstate_8_Mutant_Remove_x_P7_Q7.qasm,PureState_60,0.019405861391807826,0.31439871232036,0.019384967886116856,0.26491518739058495,0.0,0.07457546699952625,1.000000000000052,0.8795300424847756,2.220446049250313e-16,0.3090820312500002
wstate_8_Mutant_Remove_x_P7_Q7.qasm,Quratest_60,0.07047214456569972,0.10812013163592525,0.06519677609404476,0.10390257955409647,0.0,0.04039922001060692,1.0000000000000635,0.8617905053368522,0.032138629302906396,0.045322223052906396
wstate_8_Mutant_Remove_x_P7_Q7.qasm,PureState_61,0.014613361842269733,0.31441389509932194,0.014587438211256375,0.2649322818339823,0.0,0.07768718826912739,1.000000000000052,0.8832537451903618,2.220446049250313e-16,0.3090820312500002
wstate_8_Mutant_Remove_x_P7_Q7.qasm,Quratest_61,0.047461006816178805,0.17744303810999748,0.04435617763462386,0.15501333462971958,0.0,0.05340625704547304,1.0000000000000608,0.8673646089387878,0.002942496529507538,0.03172547222049246
wstate_8_Mutant_Remove_x_P7_Q7.qasm,PureState_62,0.011634651263448696,0.3019495822460365,0.011633973528056212,0.25427612891812934,0.0,0.06947375609609104,1.0000000000000577,0.886315415720311,6.661338147750939e-16,0.30712890625000067
wstate_8_Mutant_Remove_x_P7_Q7.qasm,Quratest_62,0.046973378347245034,0.29286164439476864,0.0439080665433306,0.24761073295933658,0.0,0.06240112964613413,1.0000000000000697,0.8701306768722359,0.0009981693372916878,0.3222872318372917
wstate_8_Mutant_Remove_x_P7_Q7.qasm,PureState_63,0.01972458885756957,0.3084410649317405,0.019697907264396873,0.2599786584503632,0.0,0.07094340436628616,1.0000000000000555,0.8814516424490003,4.440892098500626e-16,0.32714843750000044
wstate_8_Mutant_Remove_x_P7_Q7.qasm,Quratest_63,0.05605815260674529,0.16735291846458134,0.05264961620710841,0.15023620147749722,0.0,0.037442661475749164,1.0000000000000653,0.8689892023755478,0.005872184029507621,0.04881531597049238
wstate_8_Mutant_Remove_x_P7_Q7.qasm,PureState_64,0.008157985417703326,0.3362595072419045,0.008157895070014791,0.2834373849299166,0.0,0.09989578548867241,1.0000000000000488,0.8820311601301385,2.220446049250313e-16,0.3032226562500002
wstate_8_Mutant_Remove_x_P7_Q7.qasm,Quratest_64,0.04047398701936434,0.2907324134453549,0.038033754545633576,0.2508677685243959,0.0,0.0684426858564116,1.000000000000079,0.8692591932657862,0.0009378064106195794,0.3373635876606196
wstate_8_Mutant_Remove_x_P7_Q7.qasm,PureState_65,0.014107413100982926,0.32026921654489354,0.01297395030499449,0.2697885224500981,0.0,0.07908439409507642,1.000000000000056,0.8898464438783348,2.220446049250313e-16,0.3066406250000002
wstate_8_Mutant_Remove_x_P7_Q7.qasm,Quratest_65,0.04930686448440505,0.28649242152608356,0.04427701627661653,0.25302283765655625,0.0,0.0910413849853614,1.0000000000000728,0.8709822110291691,0.0017853455016385578,0.31510918574836144
wstate_8_Mutant_Remove_x_P7_Q7.qasm,PureState_66,0.014123620288869076,0.3166956937031397,0.014119294043963851,0.2671188570960104,0.0,0.08692409355956061,1.0000000000000546,0.8808464743790673,4.440892098500626e-16,0.31933593750000044
wstate_8_Mutant_Remove_x_P7_Q7.qasm,Quratest_66,0.048459993045032304,0.2505656004800348,0.04439929279734505,0.22956260985948815,0.0,0.08529908768260402,1.0000000000000777,0.8535966459758683,0.002188204245434866,0.28734445424543487
wstate_8_Mutant_Remove_x_P7_Q7.qasm,PureState_67,0.011932875931031992,0.3263013746223041,0.011931575567135125,0.2749474879852574,0.0,0.08189435137293291,1.0000000000000573,0.8875138471010952,4.440892098500626e-16,0.31787109375000044
wstate_8_Mutant_Remove_x_P7_Q7.qasm,Quratest_67,0.053938014301983,0.10346667197721403,0.052331379924357865,0.1014524689447327,0.0,0.0313658997588446,1.0000000000000653,0.8672998027944594,0.0034959808719542684,0.02839832462195427
wstate_8_Mutant_Remove_x_P7_Q7.qasm,PureState_68,0.012646748255269308,0.32044994082319067,0.012644575297594407,0.2698620210322506,0.0,0.07767833834945428,1.0000000000000542,0.8863783972943784,2.220446049250313e-16,0.2939453125000002
wstate_8_Mutant_Remove_x_P7_Q7.qasm,Quratest_68,0.05420823094338271,0.19929436726009758,0.050077091348369386,0.18305677693537212,0.0,0.07220781709215493,1.000000000000071,0.835512324121413,0.003507341737830072,0.26376124798783007
wstate_8_Mutant_Remove_x_P7_Q7.qasm,PureState_69,0.018366720836936273,0.32302370148658943,0.016611385997314446,0.27240861376097236,0.0,0.09112547804733742,1.0000000000000546,0.8830694189167051,4.440892098500626e-16,0.31201171875000044
wstate_8_Mutant_Remove_x_P7_Q7.qasm,Quratest_69,0.05387346847749926,0.17757117519314888,0.04975842516909382,0.16714415770770308,0.0,0.05853150219609293,1.0000000000000662,0.8651517309882488,0.0024220435093185166,0.23044938725931852
wstate_8_Mutant_Remove_x_P7_Q7.qasm,PureState_70,0.015474726766553449,0.3106267725008712,0.015465891399371455,0.2618375212365869,0.0,0.07974249567790544,1.0000000000000533,0.8840363134577524,4.440892098500626e-16,0.30078125000000044
wstate_8_Mutant_Remove_x_P7_Q7.qasm,Quratest_70,0.05740917999258557,0.1629082940153998,0.052112872966258064,0.1520327095118744,0.0,0.04638860965931414,1.0000000000000684,0.8320515865841958,0.008890509970882476,0.16953504122088248
wstate_8_Mutant_Remove_x_P7_Q7.qasm,PureState_71,0.018117643944518907,0.3188220027345193,0.016799155648276397,0.26867213741751195,0.0,0.08245548244280854,1.000000000000056,0.8871285691068096,4.440892098500626e-16,0.30712890625000044
wstate_8_Mutant_Remove_x_P7_Q7.qasm,Quratest_71,0.0555285857347441,0.16524122245869943,0.051830638337916735,0.15051947491246165,0.0,0.04413675119095484,1.0000000000000595,0.8676440300226124,0.028708577413691316,0.11484611008630868
wstate_8_Mutant_Remove_x_P7_Q7.qasm,PureState_72,0.008652684732164923,0.3363854393448136,0.007715319647501096,0.2835328459633751,0.0,0.10248381284562352,1.0000000000000488,0.8837791206842293,4.440892098500626e-16,0.32128906250000044
wstate_8_Mutant_Remove_x_P7_Q7.qasm,Quratest_72,0.04790514315767193,0.18688662216070032,0.04598941521064119,0.16527225584003957,0.0,0.04489163836205536,1.000000000000064,0.8660044345787884,0.021785648283476622,0.18475732046652338
wstate_8_Mutant_Remove_x_P7_Q7.qasm,PureState_73,0.01798840048639682,0.31415050520472465,0.017972743391804987,0.26456461394382463,0.0,0.07997717252445251,1.000000000000056,0.8811775623325848,4.440892098500626e-16,0.29980468750000044
wstate_8_Mutant_Remove_x_P7_Q7.qasm,Quratest_73,0.04784071859212235,0.18578052717325091,0.044685338521054704,0.1739476774713041,0.0,0.06258666543306862,1.000000000000075,0.8628146267986359,0.0002967809652926201,0.08183974971529262
wstate_8_Mutant_Remove_x_P7_Q7.qasm,PureState_74,0.012776708530186231,0.32198159002334165,0.012767525872547992,0.2713665964045772,0.0,0.08213511375173915,1.000000000000055,0.8798861838705206,0.0,0.3076171875
wstate_8_Mutant_Remove_x_P7_Q7.qasm,Quratest_74,0.04704694476034924,0.18404484103258634,0.04356181843112897,0.16171363222183935,0.0,0.0447175763772083,1.000000000000059,0.8395551298503382,0.01772475624446118,0.06430649375553882
wstate_8_Mutant_Remove_x_P7_Q7.qasm,PureState_75,0.015270248971356941,0.31300321015378585,0.015233804520312635,0.26398045482260507,0.0,0.0799144220705388,1.0000000000000528,0.883760712353489,4.440892098500626e-16,0.31201171875000044
wstate_8_Mutant_Remove_x_P7_Q7.qasm,Quratest_75,0.0557354337758585,0.1640423493536061,0.05156954888628073,0.15216262122112495,0.0,0.04535877457469343,1.0000000000000666,0.8650604460295073,0.009362973405775632,0.20157452659422437
wstate_8_Mutant_Remove_x_P7_Q7.qasm,PureState_76,0.02188236306189814,0.3077650809643989,0.021152829334956536,0.2592670616575699,0.0,0.07027145840438595,1.0000000000000537,0.8810276517296421,4.440892098500626e-16,0.32714843750000044
wstate_8_Mutant_Remove_x_P7_Q7.qasm,Quratest_76,0.061481870178745845,0.22792891207137225,0.05543141078622321,0.20941531052065981,0.0,0.060167452602259155,1.0000000000000702,0.8689877903913517,0.0028160424198927503,0.27576526116989275
wstate_8_Mutant_Remove_x_P7_Q7.qasm,PureState_77,0.01899223024718772,0.30211875398978605,0.018984176683370938,0.25444357162797543,0.0,0.06778724105844812,1.0000000000000568,0.8785390839181919,4.440892098500626e-16,0.31347656250000044
wstate_8_Mutant_Remove_x_P7_Q7.qasm,Quratest_77,0.05722480041323206,0.17402466120339283,0.053185991972543006,0.16333404271219812,0.0,0.06259668363632369,1.0000000000000724,0.8621593474919763,0.009253454061315503,0.2256098271886845
wstate_8_Mutant_Remove_x_P7_Q7.qasm,PureState_78,0.013892243196371053,0.31127632356570833,0.013891564800661364,0.2621121130992891,0.0,0.06475007401212537,1.000000000000051,0.8843056596581725,0.0,0.32666015625
wstate_8_Mutant_Remove_x_P7_Q7.qasm,Quratest_78,0.056934860075068046,0.14422524661344957,0.05404930880922984,0.1353360959576433,0.0,0.041284528980487845,1.000000000000071,0.8580063469298426,0.01318430623955727,0.02392506876044273
wstate_8_Mutant_Remove_x_P7_Q7.qasm,PureState_79,0.014719089848486801,0.3025370698911,0.014712271429917913,0.25491017594222287,0.0,0.0689417293477022,1.0000000000000524,0.886210064319663,4.440892098500626e-16,0.30859375000000044
wstate_8_Mutant_Remove_x_P7_Q7.qasm,Quratest_79,0.06253228087399301,0.239714072878838,0.057280579871987265,0.21649014749636494,0.0,0.05578155283635022,1.0000000000000688,0.8719540367159794,0.006446092192611719,0.2894523453073883
wstate_8_Mutant_Remove_x_P7_Q7.qasm,PureState_80,0.023259227867985476,0.3056563525708487,0.02323394850650774,0.2575348662549091,0.0,0.06953763164312333,1.000000000000055,0.8828364281093566,2.220446049250313e-16,0.3007812500000002
wstate_8_Mutant_Remove_x_P7_Q7.qasm,Quratest_80,0.04467377563999142,0.29112516996068466,0.04065528936627572,0.2549379713668739,0.0,0.06978425677969409,1.0000000000000613,0.8620859842613688,0.0013266525966864062,0.3240805588466864
wstate_8_Mutant_Remove_x_P7_Q7.qasm,PureState_81,0.01936655291603646,0.3233635999774943,0.019270524535421805,0.2725527152391677,0.0,0.08913506158125309,1.0000000000000497,0.8805734199355608,2.220446049250313e-16,0.3281250000000002
wstate_8_Mutant_Remove_x_P7_Q7.qasm,Quratest_81,0.054263262564634526,0.16584490633425397,0.05001922281237434,0.15319937974664516,0.0,0.042834695020496805,1.000000000000075,0.8354799599011179,0.03433247840906417,0.16586283409093583
wstate_8_Mutant_Remove_x_P7_Q7.qasm,PureState_82,0.01577675142237341,0.31127380937645827,0.015254747660446565,0.2625119458752074,0.0,0.07887741060515262,1.000000000000051,0.8817439951599539,2.220446049250313e-16,0.3071289062500002
wstate_8_Mutant_Remove_x_P7_Q7.qasm,Quratest_82,0.04325069400227294,0.17073554078299663,0.0404433484656054,0.15234212989070267,0.0,0.04014808628507637,1.0000000000000648,0.8666643097343362,0.005533666429990258,0.13020852107000974
wstate_8_Mutant_Remove_x_P7_Q7.qasm,PureState_83,0.013608454084182035,0.3284528892458165,0.012428111057014583,0.27674990747722994,0.0,0.09323151242758168,1.000000000000056,0.8860627058390554,2.220446049250313e-16,0.2988281250000002
wstate_8_Mutant_Remove_x_P7_Q7.qasm,Quratest_83,0.0595096746642849,0.1483983050424518,0.053694338855580254,0.14067105848026035,0.0,0.06157347279994077,1.0000000000000622,0.8495370314440345,0.0028374960325344423,0.05361874603253444
wstate_8_Mutant_Remove_x_P7_Q7.qasm,PureState_84,0.020658489382810136,0.3137372335731953,0.019865502250597442,0.2645555854349335,0.0,0.07900731985034935,1.0000000000000493,0.8814613992589098,2.220446049250313e-16,0.3061523437500002
wstate_8_Mutant_Remove_x_P7_Q7.qasm,Quratest_84,0.049614582873475074,0.26368343449203385,0.044956670982704436,0.23193129212919167,0.0,0.058990913694072056,1.0000000000000648,0.8678342428687674,0.0032570115503660624,0.31607892594963394
wstate_8_Mutant_Remove_x_P7_Q7.qasm,PureState_85,0.014816628793248604,0.3252487058104978,0.014813291262477187,0.2740058867207187,0.0,0.07871266404350093,1.0000000000000577,0.8842478369392429,4.440892098500626e-16,0.31982421875000044
wstate_8_Mutant_Remove_x_P7_Q7.qasm,Quratest_85,0.05443705891704654,0.21063234975669468,0.04986719445865766,0.1983694988065905,0.0,0.07009115673991542,1.000000000000068,0.8758483062927007,0.00553910416090897,0.30207808333909103
wstate_8_Mutant_Remove_x_P7_Q7.qasm,PureState_86,0.007326344220722022,0.34178761243097855,0.007326144434384065,0.2882207730467195,0.0,0.10490906103227277,1.0000000000000502,0.8838531566110566,4.440892098500626e-16,0.31689453125000044
wstate_8_Mutant_Remove_x_P7_Q7.qasm,Quratest_86,0.05725189835100974,0.16893456669595716,0.05238067209425884,0.15031324752371364,0.0,0.06085470042317327,1.0000000000000724,0.8742830580157808,0.0034640557762932733,0.13774139952629327
wstate_8_Mutant_Remove_x_P7_Q7.qasm,PureState_87,0.015254830257519834,0.32135076896749565,0.01524987805276945,0.2708715579150788,0.0,0.0833877931192948,1.0000000000000626,0.8854171642053292,0.0,0.30712890625
wstate_8_Mutant_Remove_x_P7_Q7.qasm,Quratest_87,0.03555316460993635,0.2946274361262252,0.033264498578363305,0.25209834829409516,0.0,0.06491664013308682,1.0000000000000604,0.8547591826184614,0.0024801623393806427,0.33003936891061936
wstate_8_Mutant_Remove_x_P7_Q7.qasm,PureState_88,0.018350414765785396,0.3060418509501541,0.018330380968894146,0.2577858365945009,0.0,0.06753221992665166,1.0000000000000564,0.8812395507586444,4.440892098500626e-16,0.30664062500000044
wstate_8_Mutant_Remove_x_P7_Q7.qasm,Quratest_88,0.05543074881088245,0.16541707348862972,0.052146906670854344,0.1480749027943266,0.0,0.03641844453241378,1.000000000000063,0.8630291870805873,0.008716361221217835,0.010814888778782165
wstate_8_Mutant_Remove_x_P7_Q7.qasm,PureState_89,0.004976724421285145,0.3411524308152727,0.004976687146809115,0.2876546571758074,0.0,0.1041264595904704,1.0000000000000493,0.883119248083492,4.440892098500626e-16,0.31494140625000044
wstate_8_Mutant_Remove_x_P7_Q7.qasm,Quratest_89,0.04900746541436072,0.1335512217449005,0.04620876713658885,0.12226871035314331,0.0,0.03855066826001048,1.00000000000006,0.8652311389569503,0.013271736129475686,0.044033454879475686
wstate_8_Mutant_Remove_x_P7_Q7.qasm,PureState_90,0.014463937066842618,0.31176872526120664,0.014457765646480193,0.2629262925497362,0.0,0.07714044243481735,1.0000000000000542,0.8855725820879209,4.440892098500626e-16,0.32373046875000044
wstate_8_Mutant_Remove_x_P7_Q7.qasm,Quratest_90,0.05340312989767422,0.1886296733442184,0.04980923475500954,0.1718244303592277,0.0,0.04734940477652489,1.000000000000071,0.8692991624785492,0.0036500543900749305,0.22291244560992507
wstate_8_Mutant_Remove_x_P7_Q7.qasm,PureState_91,0.01119044950711576,0.32209526134341765,0.009723127987216314,0.2716377354110945,0.0,0.09137468347797904,1.000000000000052,0.8891706697418466,4.440892098500626e-16,0.30908203125000044
wstate_8_Mutant_Remove_x_P7_Q7.qasm,Quratest_91,0.04698660143743632,0.2107315744120049,0.04522881532649591,0.18109177976333685,0.0,0.05705325648141947,1.0000000000000693,0.8354371069731008,0.025576342265338226,0.13653303273466177
wstate_8_Mutant_Remove_x_P7_Q7.qasm,PureState_92,0.007281136503600847,0.32361841726781676,0.007281016987804075,0.27260471194430136,0.0,0.09440960545692068,1.0000000000000555,0.8879970206447432,4.440892098500626e-16,0.31982421875000044
wstate_8_Mutant_Remove_x_P7_Q7.qasm,Quratest_92,0.04911258102301218,0.20359503383945524,0.0448287367249902,0.18679301501145695,0.0,0.05773997290640637,1.0000000000000648,0.8743036729819214,0.001523368221360677,0.2676366494713607
wstate_8_Mutant_Remove_x_P7_Q7.qasm,PureState_93,0.011758714628642388,0.33133826891183926,0.011757614820861432,0.2792885697686197,0.0,0.08392989043420174,1.0000000000000564,0.8856024651124523,4.440892098500626e-16,0.32617187500000044
wstate_8_Mutant_Remove_x_P7_Q7.qasm,Quratest_93,0.04588975622937696,0.20944137630419332,0.041825260135028186,0.18687124248653086,0.0,0.05564029173224502,1.0000000000000715,0.8642928609751238,0.0030278679763426908,0.1546869757736573
wstate_8_Mutant_Remove_x_P7_Q7.qasm,PureState_94,0.01943565114010177,0.30508865334415103,0.01935441864820197,0.25726719706419476,0.0,0.07505517498365882,1.0000000000000515,0.8768361982597109,2.220446049250313e-16,0.3188476562500002
wstate_8_Mutant_Remove_x_P7_Q7.qasm,Quratest_94,0.04410020041970982,0.19296065926313297,0.041171576710343695,0.1705884441021354,0.0,0.06295248999468228,1.00000000000008,0.8654849921549603,0.0035229476577822716,0.17909423984221773
wstate_8_Mutant_Remove_x_P7_Q7.qasm,PureState_95,0.004071516367152212,0.3479790939841336,0.004071494976409848,0.29355531633671,0.0,0.10429900107131658,1.0000000000000493,0.8828425884204814,4.440892098500626e-16,0.28466796875000044
wstate_8_Mutant_Remove_x_P7_Q7.qasm,Quratest_95,0.06303754555433193,0.10146879593857155,0.05972802281733194,0.09859853857684672,0.0,0.027514169037288178,1.0000000000000613,0.8642210217465914,0.009817215072041752,0.0004366911779582483
wstate_8_Mutant_Remove_x_P7_Q7.qasm,PureState_96,0.009312886148917714,0.32906698686602753,0.009311941832770697,0.2773671373777795,0.0,0.08834644552136033,1.0000000000000524,0.8817850375747375,6.661338147750939e-16,0.29833984375000067
wstate_8_Mutant_Remove_x_P7_Q7.qasm,Quratest_96,0.0492369383272128,0.2631426011796706,0.04455832177877237,0.23308643913986596,0.0,0.06325538497065619,1.0000000000000666,0.8725775731530433,0.0013038865503671726,0.3111961134496328
wstate_8_Mutant_Remove_x_P7_Q7.qasm,PureState_97,0.018240525483981394,0.30503609606710846,0.018237898274016943,0.25683046570635387,0.0,0.06466243900043785,1.00000000000006,0.8817007371510512,4.440892098500626e-16,0.33935546875000044
wstate_8_Mutant_Remove_x_P7_Q7.qasm,Quratest_97,0.06451808457108629,0.16494436928689837,0.05903600499376991,0.15420815698067264,0.0,0.049389118005826876,1.000000000000067,0.868138570185707,0.0012129754001921622,0.14966593084980784
wstate_8_Mutant_Remove_x_P7_Q7.qasm,PureState_98,0.011440618013966392,0.32789670427642664,0.011439702981786384,0.2762570020676948,0.0,0.0958376042149979,1.0000000000000524,0.8930097916869457,4.440892098500626e-16,0.31591796875000044
wstate_8_Mutant_Remove_x_P7_Q7.qasm,Quratest_98,0.06223391884916423,0.15577801047318834,0.05746339242846855,0.14657885794498363,0.0,0.04856193618346726,1.0000000000000657,0.8763881955673946,0.013696705907850437,0.09811970034214956
wstate_8_Mutant_Remove_x_P7_Q7.qasm,PureState_99,0.014811937776642272,0.30874649192330683,0.014804898795798094,0.26019521943728224,0.0,0.08472574190893477,1.0000000000000497,0.879402600887981,4.440892098500626e-16,0.30371093750000044
wstate_8_Mutant_Remove_x_P7_Q7.qasm,Quratest_99,0.04151011346203518,0.21409157075797822,0.03857839231432546,0.18831273614829244,0.0,0.06349608272979518,1.0000000000000657,0.8423382331276756,0.011257563779910829,0.23288306122008917
wstate_8_Mutant_Remove_x_P7_Q7.qasm,PureState_100,0.016331736777693454,0.30999810302066005,0.016328770700509906,0.2610627036019298,0.0,0.07782410060766065,1.0000000000000555,0.8824742513097498,0.0,0.33447265625
wstate_8_Mutant_Remove_x_P7_Q7.qasm,Quratest_100,0.03865088924948968,0.22236656797895255,0.036122345009845125,0.19920089519307108,0.0,0.07943673431907836,1.0000000000000733,0.8693191123674575,0.0009669373924842128,0.2675877501075158
wstate_8_Mutant_Remove_x_P7_Q7.qasm,PureState_101,0.017142063303941333,0.3150112297791236,0.017114665621918608,0.26543957684041797,0.0,0.08891082082972349,1.0000000000000506,0.877689597220403,4.440892098500626e-16,0.31689453125000044
wstate_8_Mutant_Remove_x_P7_Q7.qasm,Quratest_101,0.037445447816775265,0.23603500232944397,0.035282119876708117,0.20867054369206853,0.0,0.05530117684082771,1.0000000000000648,0.871368393941924,0.0032300068714027352,0.30194577437859726
wstate_8_Mutant_Remove_x_P7_Q7.qasm,PureState_102,0.013745271935310605,0.3161599449068283,0.013743095610988364,0.26662715926367725,0.0,0.07917808305637572,1.0000000000000546,0.8845934634621152,6.661338147750939e-16,0.32080078125000067
wstate_8_Mutant_Remove_x_P7_Q7.qasm,Quratest_102,0.05307548890389094,0.18967586322711824,0.04784164567480718,0.17290756403910718,0.0,0.0621001889053789,1.00000000000006,0.8383991104631863,0.0011972638614107245,0.17551367011141072
wstate_8_Mutant_Remove_x_P7_Q7.qasm,PureState_103,0.013997829202385736,0.32421454013546647,0.013994849416054724,0.27322679275318856,0.0,0.08073792302930516,1.0000000000000582,0.8828517272991032,4.440892098500626e-16,0.29687500000000044
wstate_8_Mutant_Remove_x_P7_Q7.qasm,Quratest_103,0.032353743296506615,0.22174246504544046,0.030825309884377525,0.20091878453422926,0.0,0.07918291565373504,1.0000000000000604,0.8603246220242126,0.017597487740680373,0.24900407475931963
wstate_8_Mutant_Remove_x_P7_Q7.qasm,PureState_104,0.008758679269738967,0.3286023339134989,0.008758580319436677,0.27684495446071505,0.0,0.09139234023499561,1.000000000000059,0.8882837539636806,4.440892098500626e-16,0.31933593750000044
wstate_8_Mutant_Remove_x_P7_Q7.qasm,Quratest_104,0.03890754165328509,0.30381494869185427,0.036181190878310315,0.2566153278800369,0.0,0.07813835154974359,1.000000000000059,0.8375042490281778,0.0,0.36572265625
wstate_8_Mutant_Remove_x_P7_Q7.qasm,PureState_105,0.013359300100493857,0.3286675491596061,0.013357978690336376,0.2770584549520443,0.0,0.08342015631945435,1.0000000000000582,0.8851131588054088,0.0,0.31884765625
wstate_8_Mutant_Remove_x_P7_Q7.qasm,Quratest_105,0.054282135647817864,0.19731953215275752,0.05028611313075028,0.1790048505312529,0.0,0.060121646315367816,1.000000000000075,0.8671740773848293,0.020231639679861413,0.2209152334298614
wstate_8_Mutant_Remove_x_P7_Q7.qasm,PureState_106,0.011411726403036438,0.3328216367100189,0.010717716728593051,0.28052884795263877,0.0,0.09597594471268893,1.0000000000000546,0.8898738332835953,2.220446049250313e-16,0.3203125000000002
wstate_8_Mutant_Remove_x_P7_Q7.qasm,Quratest_106,0.052426780120646894,0.17678541878763654,0.04797188105656056,0.1564370972857831,0.0,0.04954769098604303,1.0000000000000755,0.8639355507874099,0.005360247646404248,0.06446397110359575
wstate_8_Mutant_Remove_x_P7_Q7.qasm,PureState_107,0.014761296012775309,0.3296869932174282,0.014740181541867665,0.27799085556293757,0.0,0.08980059642928392,1.0000000000000528,0.8805605848578818,2.220446049250313e-16,0.3017578125000002
wstate_8_Mutant_Remove_x_P7_Q7.qasm,Quratest_107,0.05914152163534068,0.23361967918130358,0.05398321412429672,0.21193495571137821,0.0,0.054331779892711006,1.0000000000000653,0.8614452991450884,0.0037809387281103612,0.29260578002188964
wstate_8_Mutant_Remove_x_P7_Q7.qasm,PureState_108,0.008928292504061925,0.328692022253293,0.008928106166307355,0.276923682698908,0.0,0.09203624246041506,1.0000000000000582,0.8862059079479742,4.440892098500626e-16,0.31591796875000044
wstate_8_Mutant_Remove_x_P7_Q7.qasm,Quratest_108,0.056461164864491195,0.10247212750999597,0.05355549018826152,0.09698449887651943,0.0,0.03110790731810442,1.000000000000056,0.8595363770828489,0.013486802148321902,0.012880385351678098
wstate_8_Mutant_Remove_x_P7_Q7.qasm,PureState_109,0.02543776120572146,0.30322379748193146,0.024196939848169143,0.25554601638783925,0.0,0.07265620970640593,1.0000000000000533,0.8777086432329134,2.220446049250313e-16,0.3276367187500002
wstate_8_Mutant_Remove_x_P7_Q7.qasm,Quratest_109,0.03103260398773709,0.30022727973612406,0.030189151304888938,0.25342241228665696,0.0,0.07629119288479172,1.0000000000000706,0.8522740661978511,4.440892098500626e-16,0.30078124999999956
wstate_8_Mutant_Remove_x_P7_Q7.qasm,PureState_110,0.009003585728283883,0.3222666893152779,0.00900338349375756,0.2713681771331448,0.0,0.08211221027890267,1.0000000000000537,0.889495579991976,4.440892098500626e-16,0.30859375000000044
wstate_8_Mutant_Remove_x_P7_Q7.qasm,Quratest_110,0.052191926111062915,0.23647700206671565,0.046994672526288236,0.21595980313319915,0.0,0.07424892486373585,1.0000000000000693,0.8686153781580992,0.000647941132897234,0.29085596511710277
wstate_8_Mutant_Remove_x_P7_Q7.qasm,PureState_111,0.016106059419081255,0.3009047134604549,0.016102915677684,0.2534279381696035,0.0,0.06597229600447509,1.0000000000000586,0.8798888773052274,4.440892098500626e-16,0.32324218750000044
wstate_8_Mutant_Remove_x_P7_Q7.qasm,Quratest_111,0.050374904881909884,0.17974406854910893,0.04628744220275359,0.1638422670570107,0.0,0.0525570895820424,1.0000000000000746,0.8610259000576919,0.015415058254815706,0.1696435354951843
wstate_8_Mutant_Remove_x_P7_Q7.qasm,PureState_112,0.013456836995900074,0.3025130043225027,0.013426180234287793,0.2548208951345151,0.0,0.07089545599113178,1.000000000000055,0.8873146512570105,2.220446049250313e-16,0.3232421875000002
wstate_8_Mutant_Remove_x_P7_Q7.qasm,Quratest_112,0.0491764450503692,0.2244252260208985,0.04477355163945345,0.2065136075889091,0.0,0.08307536738253604,1.0000000000000622,0.8398719645727062,0.009075368779058235,0.27217463122094177
wstate_8_Mutant_Remove_x_P7_Q7.qasm,PureState_113,0.014715209636294704,0.3036997198394075,0.014713503360625775,0.255722706515967,0.0,0.06549454636457529,1.0000000000000542,0.8821660929554669,2.220446049250313e-16,0.3178710937500002
wstate_8_Mutant_Remove_x_P7_Q7.qasm,Quratest_113,0.050409440156847625,0.17062886848621972,0.04681322613886329,0.1553320062422462,0.0,0.07557781721888382,1.0000000000000635,0.8699671971359128,0.0037560761447757995,0.2022986113552242
wstate_8_Mutant_Remove_x_P7_Q7.qasm,PureState_114,0.01833168166097234,0.3054373076323329,0.01781796445783954,0.2575129277681051,0.0,0.07209384000730898,1.0000000000000528,0.8794877918655176,2.220446049250313e-16,0.2954101562500002
wstate_8_Mutant_Remove_x_P7_Q7.qasm,Quratest_114,0.05546491122072415,0.20927204447607783,0.05261017961414978,0.1902768351004256,0.0,0.05421652153558228,1.000000000000063,0.8491505987621571,0.00989490258384107,0.31409412133384107
wstate_8_Mutant_Remove_x_P7_Q7.qasm,PureState_115,0.015940012541249125,0.32525677959013766,0.015934947147334753,0.2742654453974982,0.0,0.08859713376302866,1.0000000000000524,0.8794746357647999,2.220446049250313e-16,0.3212890625000002
wstate_8_Mutant_Remove_x_P7_Q7.qasm,Quratest_115,0.052813305987082504,0.2237102182331537,0.04977809221935543,0.20433027080927077,0.0,0.058556119289699005,1.0000000000000702,0.8662885276337275,0.008187136169892972,0.289925417419893
wstate_8_Mutant_Remove_x_P7_Q7.qasm,PureState_116,0.01285230018357992,0.31705319968153073,0.012852017659197083,0.26694365296627476,0.0,0.0781931272420851,1.0000000000000528,0.8894392695220182,2.220446049250313e-16,0.3178710937500002
wstate_8_Mutant_Remove_x_P7_Q7.qasm,Quratest_116,0.05564229925973709,0.20134808338688168,0.051233688047759414,0.1867418159664106,0.0,0.05664348826063154,1.0000000000000684,0.8707528688442319,0.0054959193988881605,0.29333220560111184
wstate_8_Mutant_Remove_x_P7_Q7.qasm,PureState_117,0.00906898201764986,0.3305763103071034,0.009068707007352525,0.2785787659005357,0.0,0.09421370361943646,1.000000000000055,0.888272300587209,4.440892098500626e-16,0.32714843750000044
wstate_8_Mutant_Remove_x_P7_Q7.qasm,Quratest_117,0.05258994186339024,0.20978455059785467,0.049063562918273115,0.18926095021789963,0.0,0.0433020821318008,1.0000000000000688,0.8697285677318429,0.006826312392484768,0.24952134385751523
wstate_8_Mutant_Remove_x_P7_Q7.qasm,PureState_118,0.020080995021685685,0.3074591126798985,0.020057683855368012,0.25931209088552015,0.0,0.07520565480443427,1.0000000000000537,0.8791659893520375,2.220446049250313e-16,0.3056640625000002
wstate_8_Mutant_Remove_x_P7_Q7.qasm,Quratest_118,0.04642068594366936,0.2541092207771123,0.042043936932068184,0.23027287592288262,0.0,0.07531883418213915,1.0000000000000666,0.87043813993439,0.007542884621185908,0.2805430528788141
wstate_8_Mutant_Remove_x_P7_Q7.qasm,PureState_119,0.015181423448456752,0.3273377156450168,0.015175807667790319,0.27595264320117807,0.0,0.08551523115996604,1.0000000000000555,0.8859410471184933,2.220446049250313e-16,0.3110351562500002
wstate_8_Mutant_Remove_x_P7_Q7.qasm,Quratest_119,0.05724757489290736,0.14716223935355083,0.052672350467959754,0.1351798512438082,0.0,0.03719571969753645,1.0000000000000657,0.8355959988480932,0.01396671556831644,0.07099422193168356
wstate_8_Mutant_Remove_x_P7_Q7.qasm,PureState_120,0.015972252023233244,0.3059818595451535,0.01596705095188396,0.2578312111117885,0.0,0.06889223170775699,1.0000000000000582,0.8834633218068776,4.440892098500626e-16,0.29785156250000044
wstate_8_Mutant_Remove_x_P7_Q7.qasm,Quratest_120,0.04276168080405161,0.21794526513428802,0.03952138667189108,0.19086483627548945,0.0,0.048773337435371655,1.0000000000000595,0.8672672594963033,0.0028719090558720906,0.1996492528058721
wstate_8_Mutant_Remove_x_P7_Q7.qasm,PureState_121,0.00817200101786893,0.3228823479652686,0.008171649715813606,0.2719568647924547,0.0,0.08436138593394867,1.000000000000055,0.8918638118564651,6.661338147750939e-16,0.31250000000000067
wstate_8_Mutant_Remove_x_P7_Q7.qasm,Quratest_121,0.05708442621587023,0.17732255108939216,0.05330538166994076,0.16685692313889816,0.0,0.059352360015560074,1.0000000000000684,0.8627723972388214,0.012216656357515676,0.2544041563575157
wstate_8_Mutant_Remove_x_P7_Q7.qasm,PureState_122,0.0169588235222063,0.3085393384082767,0.016943783002490564,0.2600640872866163,0.0,0.07042777300182965,1.0000000000000546,0.8837679415659166,0.0,0.3212890625
wstate_8_Mutant_Remove_x_P7_Q7.qasm,Quratest_122,0.06499350589620832,0.12359818685485804,0.058892278160923885,0.11753112630514215,0.0,0.0353394657391943,1.0000000000000604,0.8595280587259297,0.017302849600358272,0.08175597460035827
wstate_8_Mutant_Remove_x_P7_Q7.qasm,PureState_123,0.015173304671694955,0.3228350636305791,0.015164180665802007,0.2720953342127487,0.0,0.08991530850962295,1.0000000000000528,0.8802747633365404,2.220446049250313e-16,0.3120117187500002
wstate_8_Mutant_Remove_x_P7_Q7.qasm,Quratest_123,0.05130033245137629,0.1658666438418264,0.04931720409696222,0.14663468541023686,0.0,0.04354827144530206,1.0000000000000626,0.8657817082140233,0.018945994533861366,0.16054755703386137
wstate_8_Mutant_Remove_x_P7_Q7.qasm,PureState_124,0.012181524613319302,0.32574446407766905,0.012171649887808524,0.274592722567824,0.0,0.08375770568945484,1.0000000000000524,0.8851645187788617,0.0,0.31298828125
wstate_8_Mutant_Remove_x_P7_Q7.qasm,Quratest_124,0.04913042936638565,0.1838704935946282,0.045053643769573735,0.1721802405324778,0.0,0.0725870185287987,1.0000000000000662,0.8594930322733114,0.013515702422982293,0.04085945242298229
wstate_8_Mutant_Remove_x_P7_Q7.qasm,PureState_125,0.012028325745273892,0.31995424012716545,0.012026069447908681,0.2695561173294599,0.0,0.08202858050564249,1.0000000000000555,0.8824684839532989,0.0,0.32177734375
wstate_8_Mutant_Remove_x_P7_Q7.qasm,Quratest_125,0.05828620593499885,0.14135225060831375,0.05483098265694689,0.12957954980764239,0.0,0.04749993208440975,1.0000000000000657,0.859463531557791,0.02051858529638048,0.0044053040463804816
wstate_8_Mutant_Remove_x_P7_Q7.qasm,PureState_126,0.019132283136362876,0.30513509830671603,0.01830406330108451,0.2571262757396674,0.0,0.07353205259911269,1.000000000000051,0.8795285883491651,2.220446049250313e-16,0.3110351562500002
wstate_8_Mutant_Remove_x_P7_Q7.qasm,Quratest_126,0.04088144435710245,0.1993374853357375,0.03872595686110808,0.17870437359860067,0.0,0.06159838656900875,1.0000000000000675,0.8336252876204442,0.010422785252898192,0.2605733084971018
wstate_8_Mutant_Remove_x_P7_Q7.qasm,PureState_127,0.016204754107760046,0.3121145878321476,0.016180856992466762,0.26304692039524546,0.0,0.07027041021526649,1.0000000000000537,0.8840465377245132,0.0,0.296875
wstate_8_Mutant_Remove_x_P7_Q7.qasm,Quratest_127,0.05340205844677531,0.18399543990526263,0.04844664115243689,0.17009686513506272,0.0,0.049757093412926515,1.000000000000071,0.8664643044036379,0.0050166428368134675,0.24329789283681347
