Name,Input,Ideal_hellinger,Noisy_hellinger,Ideal_jensenshannon,Noisy_jensenshannon,Ideal_trace,Noisy_trace,Ideal_fidelity,Noisy_fidelity,Ideal_expectation,Noisy_expectation
ae_8_Mutant_Add_ch_P40_Q1_[].qasm,PureState_0,0.06708763916503922,0.15377123182214633,0.061309248494576564,0.1485820448584611,0.0,0.06524763708593227,1.000000000000068,0.8396511836008579,0.007552806046473751,0.03834563145352625
ae_8_Mutant_Add_ch_P40_Q1_[].qasm,Quratest_0,0.06778564564373654,0.1260600132730707,0.06201917630637626,0.11976298249336804,0.0,0.054908164762779335,1.0000000000000693,0.8444648530256613,0.01567315066778921,0.02680731808221079
ae_8_Mutant_Add_ch_P40_Q1_[].qasm,PureState_1,0.05736713236055792,0.16338011273451714,0.053108479721849206,0.14888019103196654,0.0,0.06508944324949875,1.0000000000000622,0.840479989838812,0.013834665236046085,0.024576852736046085
ae_8_Mutant_Add_ch_P40_Q1_[].qasm,Quratest_1,0.06382634820734659,0.1741825319884989,0.059927103328942445,0.168281575894914,0.0,0.07136474291596495,1.0000000000000568,0.8443876873625509,0.028543052484131026,0.004171791265868974
ae_8_Mutant_Add_ch_P40_Q1_[].qasm,PureState_2,0.06837096060522527,0.23132546506856771,0.061345180799193544,0.21032808296535355,0.0,0.0896616819972764,1.0000000000000626,0.8378629557349222,0.0018762759989351223,0.015213567751064878
ae_8_Mutant_Add_ch_P40_Q1_[].qasm,Quratest_2,0.06546164959551685,0.10475118849998345,0.0627635045403152,0.10167146685719039,0.0,0.04226152112064299,1.0000000000000582,0.8493892339004324,0.009709812981492552,0.006891749518507448
ae_8_Mutant_Add_ch_P40_Q1_[].qasm,PureState_3,0.05100525544776394,0.16385702182120343,0.04846528388482077,0.15422749569730362,0.0,0.06084578064698753,1.0000000000000644,0.8368210753971945,0.017889233587416967,0.0022642335874169684
ae_8_Mutant_Add_ch_P40_Q1_[].qasm,Quratest_3,0.06530582667946397,0.1516260535272195,0.06036192817136734,0.1454425261752095,0.0,0.06462643269964356,1.0000000000000675,0.8353790861825249,0.000775722215086351,0.02079525346508635
ae_8_Mutant_Add_ch_P40_Q1_[].qasm,PureState_4,0.0613204504889934,0.2998879570170156,0.05292431751566817,0.2676993355869249,0.0,0.10759302600666555,1.0000000000000702,0.8377073260882328,0.008920845867551753,0.007192435382448246
ae_8_Mutant_Add_ch_P40_Q1_[].qasm,Quratest_4,0.05915938727142051,0.15009265457563928,0.0569024120512644,0.1447786260779886,0.0,0.059129481900370214,1.0000000000000653,0.839146099102128,9.157592031010242e-05,0.011627174079689898
ae_8_Mutant_Add_ch_P40_Q1_[].qasm,PureState_5,0.059648698001888704,0.15484436919633382,0.054606032701786,0.14797563992794022,0.0,0.06584851726444807,1.0000000000000693,0.8389046285463079,0.0054078206338841195,0.10201405436611588
ae_8_Mutant_Add_ch_P40_Q1_[].qasm,Quratest_5,0.05878597608643671,0.16344834364757163,0.05673148473913925,0.15438833789810488,0.0,0.05396744301759897,1.0000000000000662,0.832474865287602,0.007856218942728317,0.003461687692728317
ae_8_Mutant_Add_ch_P40_Q1_[].qasm,PureState_6,0.05893056108205588,0.22858420460112125,0.054250373370434646,0.21576425923164277,0.0,0.08902678285299984,1.0000000000000617,0.8393661145218004,0.0013812311997941848,0.006264043699794185
ae_8_Mutant_Add_ch_P40_Q1_[].qasm,Quratest_6,0.059665620744717186,0.12967319558099963,0.057879494828820086,0.1259511239344062,0.0,0.05378390388536748,1.0000000000000546,0.8311242395014631,0.021553198252185882,0.017997582997814118
ae_8_Mutant_Add_ch_P40_Q1_[].qasm,PureState_7,0.06016026489813193,0.17880693345978244,0.05593137089939671,0.16924190139672818,0.0,0.06564156259672442,1.0000000000000817,0.839667308116492,0.00366661642814943,0.01245567892814943
ae_8_Mutant_Add_ch_P40_Q1_[].qasm,Quratest_7,0.06151429205869846,0.11983243720357284,0.05944941965124733,0.116925574279907,0.0,0.0480419525679664,1.0000000000000662,0.8432882412659475,0.020355907040755655,0.016753467959244345
ae_8_Mutant_Add_ch_P40_Q1_[].qasm,PureState_8,0.05913128753661407,0.14985687413471185,0.05417940603054521,0.14399449387271468,0.0,0.06595817098124272,1.000000000000067,0.8375969784973678,0.010290633133884147,0.07418202311611585
ae_8_Mutant_Add_ch_P40_Q1_[].qasm,Quratest_8,0.06283847223727133,0.16225736936190244,0.05873020195621421,0.1578898549411688,0.0,0.06751206695440727,1.0000000000000635,0.8351012727329584,0.01976088693492844,0.03980942556507156
ae_8_Mutant_Add_ch_P40_Q1_[].qasm,PureState_9,0.05042181194523427,0.18970093764958695,0.047828976451681465,0.17759569175848078,0.0,0.06948644224058595,1.0000000000000684,0.8372039249200804,0.003646963899944178,0.025131338899944178
ae_8_Mutant_Add_ch_P40_Q1_[].qasm,Quratest_9,0.061506346844449805,0.1271732104552656,0.05918439436339897,0.12181782797418474,0.0,0.04031646205067131,1.0000000000000644,0.8330944800783042,0.005674184208389013,0.00030309045838901316
ae_8_Mutant_Add_ch_P40_Q1_[].qasm,PureState_10,0.06647802410498958,0.252980769689359,0.05848406423966744,0.23000583996342727,0.0,0.10207010701767513,1.0000000000000684,0.8391711826595792,0.01279564550946061,0.00840111425946061
ae_8_Mutant_Add_ch_P40_Q1_[].qasm,Quratest_10,0.05698637233136365,0.1321465293868853,0.054660751718880345,0.1262900504388099,0.0,0.050475878006666246,1.0000000000000577,0.8374998125550459,0.01192870277222595,0.006137703477774051
ae_8_Mutant_Add_ch_P40_Q1_[].qasm,PureState_11,0.06444680214023474,0.15460760829603282,0.05855053451217503,0.14431845882840905,0.0,0.06330428977977953,1.0000000000000648,0.8389381054579117,0.01640350574596762,0.01435821300403238
ae_8_Mutant_Add_ch_P40_Q1_[].qasm,Quratest_11,0.058135845147708975,0.15003463529431885,0.057211181582044884,0.1453231544782668,0.0,0.05455138403075031,1.0000000000000657,0.8380854955124771,0.029874575326864036,0.0005777003268640363
ae_8_Mutant_Add_ch_P40_Q1_[].qasm,PureState_12,0.055173792450886404,0.22998529553158534,0.05219552178232338,0.2174097661622299,0.0,0.08868238700277792,1.0000000000000626,0.8382422495604763,0.014133167361876892,0.011691761111876892
ae_8_Mutant_Add_ch_P40_Q1_[].qasm,Quratest_12,0.06273451761800601,0.13294857815696567,0.05803969481080452,0.12359161243747899,0.0,0.05498363608814587,1.0000000000000746,0.8440135815680226,0.010515919572342531,0.0007145491776574687
ae_8_Mutant_Add_ch_P40_Q1_[].qasm,PureState_13,0.06525797855434869,0.17154298401233076,0.05939717073585938,0.1613362420176597,0.0,0.06711214235314551,1.0000000000000617,0.8385628787849723,0.001344339880898368,0.008180277380898368
ae_8_Mutant_Add_ch_P40_Q1_[].qasm,Quratest_13,0.06333817017789256,0.1468957508501745,0.06014532933249814,0.14040393997986447,0.0,0.05258532039184979,1.0000000000000622,0.846369519144214,0.0232169038923769,0.004615127357623101
ae_8_Mutant_Add_ch_P40_Q1_[].qasm,PureState_14,0.045397455613656476,0.15856279321152675,0.04453438034454987,0.14880711066455413,0.0,0.06557541190927599,1.000000000000064,0.8387580905964263,0.007527412693429908,0.05000788144342991
ae_8_Mutant_Add_ch_P40_Q1_[].qasm,Quratest_14,0.06100624700834884,0.1321321902472203,0.05814729001324142,0.12784374297690232,0.0,0.052177410139793254,1.000000000000072,0.8380180377276382,0.009779414329557382,0.04930261692044262
ae_8_Mutant_Add_ch_P40_Q1_[].qasm,PureState_15,0.053908491556691966,0.1520545822290976,0.05008522109939465,0.14363078064850676,0.0,0.06750031269223966,1.000000000000064,0.8366714143017671,0.015970802026531852,0.07631435422346815
ae_8_Mutant_Add_ch_P40_Q1_[].qasm,Quratest_15,0.06038940775686641,0.13811024212189185,0.058492058681292064,0.13377569219371843,0.0,0.04832751315000094,1.0000000000000653,0.8368290657139966,0.021526435848882614,0.0034600295988826135
ae_8_Mutant_Add_ch_P40_Q1_[].qasm,PureState_16,0.060808127876706954,0.16752879946000143,0.055822423717174094,0.15668061889439688,0.0,0.06816259287441562,1.00000000000006,0.8387404117567933,0.009050625110443845,0.013445156360443845
ae_8_Mutant_Add_ch_P40_Q1_[].qasm,Quratest_16,0.061003020088525144,0.15535453642108157,0.05837465305754414,0.14865384533815315,0.0,0.051880278698289886,1.0000000000000662,0.8192778758765404,0.006472842549165823,0.0023162199508341766
ae_8_Mutant_Add_ch_P40_Q1_[].qasm,PureState_17,0.06269177771874516,0.22882929620014442,0.056510503895960636,0.21083051508593365,0.0,0.09016961757692746,1.000000000000068,0.8386711755078224,0.02648291264518357,0.004767087354816429
ae_8_Mutant_Add_ch_P40_Q1_[].qasm,Quratest_17,0.06637974511239986,0.13263623164067675,0.062216816812736116,0.12677151557752078,0.0,0.06107816257566305,1.00000000000006,0.8331398277212592,0.012259668346999392,0.00043564415300060676
ae_8_Mutant_Add_ch_P40_Q1_[].qasm,PureState_18,0.05348532205013576,0.19032855346081143,0.05049142898589005,0.17951295787830668,0.0,0.06706572178775316,1.0000000000000706,0.8382305050006891,0.0006802419610836483,0.014944758038916352
ae_8_Mutant_Add_ch_P40_Q1_[].qasm,Quratest_18,0.06288242967474775,0.1866397562420989,0.059390954038482324,0.17625858825832727,0.0,0.05915314920780292,1.0000000000000644,0.8312064401071485,0.010762161448523683,0.019022994801476317
ae_8_Mutant_Add_ch_P40_Q1_[].qasm,PureState_19,0.06202442052166025,0.21082559303156273,0.056935105249851826,0.19726198329165254,0.0,0.0675961991803268,1.0000000000000706,0.8371438969291857,0.0004054655843566263,0.022543753165643374
ae_8_Mutant_Add_ch_P40_Q1_[].qasm,Quratest_19,0.06514274143964523,0.1987006302276798,0.058691433759562844,0.18276915812828,0.0,0.08125016850173342,1.0000000000000604,0.8347515399298217,0.009977177175340628,0.021272822824659372
ae_8_Mutant_Add_ch_P40_Q1_[].qasm,PureState_20,0.06123282126539236,0.18609056566286222,0.05582411298759057,0.17526315879263893,0.0,0.07115239689671951,1.0000000000000595,0.839002884057943,0.01960074254359913,0.014717930043599128
ae_8_Mutant_Add_ch_P40_Q1_[].qasm,Quratest_20,0.06394036706820859,0.13903197076572366,0.059324099407605316,0.13238753013276658,0.0,0.062066711202402376,1.0000000000000724,0.8395395979850699,0.034889287973360286,0.033470087026639714
ae_8_Mutant_Add_ch_P40_Q1_[].qasm,PureState_21,0.059795915986902363,0.1728385386045396,0.054627865519501384,0.16375769026497297,0.0,0.06831263288846859,1.0000000000000662,0.8386354340394916,0.007088335356673803,0.0315023978566738
ae_8_Mutant_Add_ch_P40_Q1_[].qasm,Quratest_21,0.05970512959525688,0.1218772926123721,0.05799664152580736,0.11815292782570126,0.0,0.03710546554234229,1.0000000000000608,0.8373315603018782,0.0045289692034521135,0.009900062953452114
ae_8_Mutant_Add_ch_P40_Q1_[].qasm,PureState_22,0.06953274178479256,0.25718796344677053,0.06105691007992613,0.233000306150776,0.0,0.09597278516417496,1.0000000000000648,0.8390554189783821,0.016991226897344308,0.007422835602655692
ae_8_Mutant_Add_ch_P40_Q1_[].qasm,Quratest_22,0.057137159002450165,0.13962977837836743,0.055605192727086215,0.13348224783569596,0.0,0.05493987950007888,1.0000000000000604,0.8311039778914795,0.026984041713602337,0.017706697963602337
ae_8_Mutant_Add_ch_P40_Q1_[].qasm,PureState_23,0.06530835944315595,0.15259485719793503,0.0605299095372055,0.1435195515664361,0.0,0.06328257902693765,1.000000000000059,0.8376306366115599,0.018752744254032387,0.023635556754032387
ae_8_Mutant_Add_ch_P40_Q1_[].qasm,Quratest_23,0.06552183740099629,0.1158267047632701,0.061290212522667926,0.1092081339008905,0.0,0.055440000557134446,1.0000000000000622,0.8442188402027108,0.01481586031194371,0.00993304781194371
ae_8_Mutant_Add_ch_P40_Q1_[].qasm,PureState_24,0.0583753495852,0.21532708679715548,0.05300695535261917,0.19869413593022506,0.0,0.08258574281163023,1.0000000000000613,0.8373942356895617,0.01840396817268647,0.03744693692268647
ae_8_Mutant_Add_ch_P40_Q1_[].qasm,Quratest_24,0.06435106244529902,0.13705475239041073,0.06247099321165471,0.13314920481853873,0.0,0.04918274817596316,1.0000000000000595,0.8305609272599408,0.01552519496457172,0.0018533199645717202
ae_8_Mutant_Add_ch_P40_Q1_[].qasm,PureState_25,0.05352044284553936,0.17532531958764355,0.05032547764373671,0.16416411095779032,0.0,0.06914608127022837,1.0000000000000737,0.8385092405142344,0.008041495149944181,0.009994620149944181
ae_8_Mutant_Add_ch_P40_Q1_[].qasm,Quratest_25,0.06393365052699998,0.11333779941925824,0.05984359882094828,0.10816530790477702,0.0,0.04142975106384008,1.0000000000000653,0.853473978911189,0.0010756219151604567,0.007423278165160457
ae_8_Mutant_Add_ch_P40_Q1_[].qasm,PureState_26,0.06447637235817014,0.15855353513284592,0.059253294380537745,0.14980161620532984,0.0,0.061297043353296346,1.0000000000000675,0.8373824301546435,0.0077138910498183305,0.0044931402001816695
ae_8_Mutant_Add_ch_P40_Q1_[].qasm,Quratest_26,0.062286092923094415,0.16462393701814262,0.06013199365245186,0.15766780443005934,0.0,0.0593094628816996,1.0000000000000648,0.8277804305087951,0.0077803618780858605,0.00924520562808586
ae_8_Mutant_Add_ch_P40_Q1_[].qasm,PureState_27,0.06174726009042824,0.17587975926680346,0.05693742506585702,0.16746691754615517,0.0,0.06775934429560643,1.000000000000072,0.8392267910202074,0.009579130954554087,0.019229462795445913
ae_8_Mutant_Add_ch_P40_Q1_[].qasm,Quratest_27,0.06082041953258815,0.15191492697615017,0.05645201516212835,0.14667916235410813,0.0,0.06789121809676793,1.0000000000000702,0.8385490484072973,0.013235686300629379,0.010690094949370621
ae_8_Mutant_Add_ch_P40_Q1_[].qasm,PureState_28,0.06056056826776456,0.1980980443198062,0.05567503391540204,0.18091760736641016,0.0,0.07773760340401603,1.0000000000000662,0.8392693403972782,0.008850142357396985,0.0028686076426030147
ae_8_Mutant_Add_ch_P40_Q1_[].qasm,Quratest_28,0.05571518008310115,0.1254269463006401,0.05392680299494144,0.12097596696053395,0.0,0.0606961879836035,1.0000000000000582,0.8270522100031996,0.0073418031005255124,0.05763477185052551
ae_8_Mutant_Add_ch_P40_Q1_[].qasm,PureState_29,0.06124337236663674,0.2177534899669767,0.056084460572250805,0.20106203111565701,0.0,0.08463686641389266,1.0000000000000635,0.8385298857022885,0.020000776009940158,0.017071088509940158
ae_8_Mutant_Add_ch_P40_Q1_[].qasm,Quratest_29,0.06228747435139906,0.1509220684984459,0.060896507349563235,0.14505900265221544,0.0,0.044471553385802956,1.0000000000000657,0.8263057331706126,0.007406349617581243,0.09220302538241876
ae_8_Mutant_Add_ch_P40_Q1_[].qasm,PureState_30,0.05801762222108299,0.25667484230695137,0.05208053099718404,0.23328828333066723,0.0,0.1022595144883223,1.0000000000000653,0.8378669809534323,0.006936270509460546,0.018942635740539455
ae_8_Mutant_Add_ch_P40_Q1_[].qasm,Quratest_30,0.06161417552754738,0.13219901159853165,0.05984984393633749,0.12936474863121702,0.0,0.05630974386409551,1.0000000000000595,0.8205528342456827,0.02957916656539917,0.04276276031539917
ae_8_Mutant_Add_ch_P40_Q1_[].qasm,PureState_31,0.058447267477323234,0.22465318796583225,0.052819472063163266,0.20759044161199425,0.0,0.09005955919578934,1.00000000000006,0.8388685839345422,0.021368649854816346,0.002557131395183654
ae_8_Mutant_Add_ch_P40_Q1_[].qasm,Quratest_31,0.05853457517915425,0.144118413701335,0.0567869197495105,0.14021940174780337,0.0,0.04541156095209799,1.0000000000000666,0.8345656629443291,0.02094999967812894,0.003464062821871061
ae_8_Mutant_Add_ch_P40_Q1_[].qasm,PureState_32,0.06540911110232214,0.17064147603218197,0.06038423049590877,0.15981085426691163,0.0,0.0672070306323129,1.000000000000055,0.8374533441562212,0.00036777738089843054,0.02380527738089843
ae_8_Mutant_Add_ch_P40_Q1_[].qasm,Quratest_32,0.061790181907848886,0.1616661352693465,0.058697460046396345,0.15605502772667526,0.0,0.048574162254668804,1.0000000000000635,0.8388084262200008,0.017943317180938077,0.010865276569061923
ae_8_Mutant_Add_ch_P40_Q1_[].qasm,PureState_33,0.04786868579395057,0.1603106969564654,0.04676978755456245,0.1503507452630515,0.0,0.06548624909791614,1.0000000000000733,0.8376533798836959,0.004597725193429936,0.034871162693429936
ae_8_Mutant_Add_ch_P40_Q1_[].qasm,Quratest_33,0.05853400929740463,0.18250136888116095,0.05601812876202025,0.17161210553510697,0.0,0.0800526835654978,1.0000000000000697,0.844742463834139,0.0016931187854205276,0.025650631214579472
ae_8_Mutant_Add_ch_P40_Q1_[].qasm,PureState_34,0.06801662421598909,0.2546271076428684,0.06057411131021125,0.23107364060352287,0.0,0.09607111231887913,1.000000000000064,0.837554000536001,0.014549820647344142,0.0028310706473441416
ae_8_Mutant_Add_ch_P40_Q1_[].qasm,Quratest_34,0.06697003765659813,0.1648882251685419,0.061178317621724765,0.15908112032883445,0.0,0.07980838158909555,1.000000000000064,0.8345489799517966,0.005626330622782795,0.009022106877217205
ae_8_Mutant_Add_ch_P40_Q1_[].qasm,PureState_35,0.052528080632179654,0.16580152791076594,0.049839462368305984,0.15622199721063662,0.0,0.06086201841448977,1.000000000000068,0.8381265253830973,0.025213452337417046,0.011895922662582954
ae_8_Mutant_Add_ch_P40_Q1_[].qasm,Quratest_35,0.05653947417253416,0.10790083339840541,0.055634524458746705,0.10479246671828446,0.0,0.02954601016037121,1.000000000000063,0.8454529457494093,0.01027616583133698,0.01560274041866302
ae_8_Mutant_Add_ch_P40_Q1_[].qasm,PureState_36,0.06216734725786274,0.16241971481927334,0.056890825886003284,0.14783757276424245,0.0,0.06522919082944417,1.0000000000000684,0.8389720437576644,0.006022165236046071,0.03824872773604607
ae_8_Mutant_Add_ch_P40_Q1_[].qasm,Quratest_36,0.0657728886669449,0.15414170322009535,0.061651610023950774,0.14681659647000164,0.0,0.053249318935999095,1.0000000000000657,0.8393239588103583,0.010086535449640943,0.018722058300359057
ae_8_Mutant_Add_ch_P40_Q1_[].qasm,PureState_37,0.04873001664804113,0.1739878686088191,0.046257574762421365,0.160894687752437,0.0,0.06457152610982989,1.000000000000067,0.837731783340415,0.011467955974222482,0.024651549724222482
ae_8_Mutant_Add_ch_P40_Q1_[].qasm,Quratest_37,0.06068694886295362,0.1335889772465001,0.05716766542138404,0.12995048179056667,0.0,0.064642042640233,1.0000000000000586,0.8362744115233834,0.016040630122529865,0.009838276127470135
ae_8_Mutant_Add_ch_P40_Q1_[].qasm,PureState_38,0.06405404416578937,0.19824668780211735,0.057660742183098544,0.18598262277811758,0.0,0.08171653306904035,1.0000000000000653,0.8380159343837813,0.008288878182119153,0.005847471932119153
ae_8_Mutant_Add_ch_P40_Q1_[].qasm,Quratest_38,0.06965608784891336,0.15797680079436402,0.0638558995446392,0.15049256631356497,0.0,0.0735905587283166,1.0000000000000617,0.835043179521904,0.00037208471317447256,0.025018540286825527
ae_8_Mutant_Add_ch_P40_Q1_[].qasm,PureState_39,0.0622205695253819,0.29964080442983165,0.05369012670461849,0.26829294252381297,0.0,0.10741912908501972,1.0000000000000675,0.8392086548127075,0.02552240836755177,0.0001317833675517719
ae_8_Mutant_Add_ch_P40_Q1_[].qasm,Quratest_39,0.06299030727872296,0.15788569434891964,0.059892721197760256,0.15110258642118468,0.0,0.08265760847590256,1.0000000000000622,0.8250632678009133,0.012052610931999656,0.010099485931999656
ae_8_Mutant_Add_ch_P40_Q1_[].qasm,PureState_40,0.059095331194563436,0.17233128236814857,0.05479158925196537,0.16087643511794278,0.0,0.07550990576725745,1.00000000000006,0.8374042983923309,0.01311407837605881,0.01799689087605881
ae_8_Mutant_Add_ch_P40_Q1_[].qasm,Quratest_40,0.0612606308385715,0.1514775043615978,0.05907756207735267,0.14440099578597718,0.0,0.04452676299008525,1.0000000000000648,0.823436997192719,0.01566241360931602,0.02681805514068398
ae_8_Mutant_Add_ch_P40_Q1_[].qasm,PureState_41,0.06552053156715394,0.18058843029025248,0.05957881935347959,0.16936643342874463,0.0,0.07111361113789892,1.000000000000064,0.8392157556019344,0.0033481350292702845,0.0069057712207297155
ae_8_Mutant_Add_ch_P40_Q1_[].qasm,Quratest_41,0.07237581199256889,0.16435443976683603,0.06622285183420092,0.15770519871194527,0.0,0.07217731564039472,1.0000000000000608,0.8364357628248993,0.027974303781171342,0.015767272531171342
ae_8_Mutant_Add_ch_P40_Q1_[].qasm,PureState_42,0.06561989916687785,0.20762613679628988,0.0601026755735138,0.19360402312200495,0.0,0.06743684019431834,1.0000000000000662,0.8373418060641444,0.01570781566564347,0.007407034415643471
ae_8_Mutant_Add_ch_P40_Q1_[].qasm,Quratest_42,0.06398113684939975,0.13546946107928415,0.060260333025702106,0.13070662497967336,0.0,0.05065124289285137,1.0000000000000666,0.8344681521631386,0.004409410736765814,0.008315660736765814
ae_8_Mutant_Add_ch_P40_Q1_[].qasm,PureState_43,0.06105756647175182,0.16391492286567494,0.05629290879059453,0.15344173352295756,0.0,0.06961867962717168,1.0000000000000617,0.8392214388451293,0.015549768582911225,0.009202112332911225
ae_8_Mutant_Add_ch_P40_Q1_[].qasm,Quratest_43,0.05876567007916717,0.150048644989072,0.05616429542326021,0.13684662196332922,0.0,0.04812076029163765,1.0000000000000657,0.8403383122267426,0.0024664129690696243,0.0010015692190696243
ae_8_Mutant_Add_ch_P40_Q1_[].qasm,PureState_44,0.06059132250016846,0.20515346657105973,0.05529374879275901,0.1924929526232107,0.0,0.06726785827461673,1.0000000000000715,0.8386476876982294,0.0033351530843565708,0.02140155933435657
ae_8_Mutant_Add_ch_P40_Q1_[].qasm,Quratest_44,0.059812612980178155,0.15867339614207146,0.05571054635301716,0.15374418639593995,0.0,0.06019975673907438,1.0000000000000608,0.834260115622076,0.010694543758923064,0.06450076874107694
ae_8_Mutant_Add_ch_P40_Q1_[].qasm,PureState_45,0.06665015879100758,0.16148800414114994,0.0603532064001664,0.1496517852828336,0.0,0.07030472704524789,1.000000000000067,0.8394601708298142,0.010840235597310052,0.0008785144026899477
ae_8_Mutant_Add_ch_P40_Q1_[].qasm,Quratest_45,0.05957523617577143,0.1657714116717216,0.05638420450789706,0.15693173025385798,0.0,0.06521280297159249,1.000000000000059,0.8335268789056338,0.007659498492780248,0.015471998492780248
ae_8_Mutant_Add_ch_P40_Q1_[].qasm,PureState_46,0.058892421877764556,0.1489655766304962,0.05392255599516186,0.14256031961094212,0.0,0.06593867778407012,1.0000000000000666,0.8386831817931027,0.0038695231161160193,0.09615467936611602
ae_8_Mutant_Add_ch_P40_Q1_[].qasm,Quratest_46,0.06680166097159297,0.17221540926459328,0.06317859524406073,0.16234037977071483,0.0,0.06322371315172626,1.0000000000000617,0.8379439711546693,0.015992833143469366,0.012815760606530635
ae_8_Mutant_Add_ch_P40_Q1_[].qasm,PureState_47,0.06058717615817367,0.2100997149765385,0.055307566534672045,0.19614975407039043,0.0,0.06562468405913612,1.000000000000071,0.8378195204926394,0.013192853128272397,0.0004790218717276029
ae_8_Mutant_Add_ch_P40_Q1_[].qasm,Quratest_47,0.061870938385513934,0.12387292119694938,0.06001164187218737,0.12085990984454097,0.0,0.046597272954516024,1.0000000000000613,0.8335013519911133,0.019869211162336656,0.023775461162336656
ae_8_Mutant_Add_ch_P40_Q1_[].qasm,PureState_48,0.05459059997479943,0.16048089867050241,0.05207362747239401,0.1519009990143076,0.0,0.05759814663756112,1.0000000000000697,0.8389556475756925,0.0017748235612980168,0.007145917311298017
ae_8_Mutant_Add_ch_P40_Q1_[].qasm,Quratest_48,0.05660321868518103,0.13105235397450618,0.05538493293562761,0.12843597265647652,0.0,0.041644072269257495,1.0000000000000622,0.8304360575340777,0.001030110933980824,0.001518392183980824
ae_8_Mutant_Add_ch_P40_Q1_[].qasm,PureState_49,0.06407712004405114,0.19674426468426817,0.05696895109184179,0.18450098320215919,0.0,0.08164153323428487,1.0000000000000666,0.8391257998586049,0.006335753182119291,0.0029177844321192914
ae_8_Mutant_Add_ch_P40_Q1_[].qasm,Quratest_49,0.05660329556671532,0.11005795480952023,0.05570215392678884,0.10787768404151321,0.0,0.0476846931428825,1.000000000000067,0.8313029133111501,0.008231850514082486,0.0054400244859175145
ae_8_Mutant_Add_ch_P40_Q1_[].qasm,PureState_50,0.0606305135403382,0.16490684373431216,0.05616626081426277,0.15613326963424856,0.0,0.060045716133407284,1.0000000000000657,0.837790361331176,0.007293248378746828,0.005402064121253172
ae_8_Mutant_Add_ch_P40_Q1_[].qasm,Quratest_50,0.059863568348831046,0.16301006148387512,0.056547164541904636,0.15612205771140333,0.0,0.06626754698881963,1.0000000000000662,0.8104329199116378,0.008656980519792266,0.022593019480207734
ae_8_Mutant_Add_ch_P40_Q1_[].qasm,PureState_51,0.0449521622910734,0.18459473619065178,0.04369584467826501,0.17337713584569395,0.0,0.07051251302205677,1.000000000000071,0.8379313389116829,0.015275614171342662,0.006697042078657338
ae_8_Mutant_Add_ch_P40_Q1_[].qasm,Quratest_51,0.05939942750355747,0.13594861147773937,0.058155287678269274,0.1312486574646434,0.0,0.057205427928130985,1.0000000000000608,0.8342550760508204,0.003656469478947058,0.0002497805210529419
ae_8_Mutant_Add_ch_P40_Q1_[].qasm,PureState_52,0.047267737672743226,0.2521142874827213,0.04358749367714214,0.23011626825126014,0.0,0.08013557966056668,1.0000000000000715,0.8378210078306596,0.01480809602357068,0.00667627897642932
ae_8_Mutant_Add_ch_P40_Q1_[].qasm,Quratest_52,0.059775951077246134,0.13622672395887708,0.05802027946720235,0.12963543314146012,0.0,0.0449551512945862,1.0000000000000684,0.8431068503243488,0.010649556030433237,0.0010691939695667632
ae_8_Mutant_Add_ch_P40_Q1_[].qasm,PureState_53,0.05584941708191577,0.17450871784724806,0.05203479034124431,0.16513215386033206,0.0,0.06550999458239888,1.0000000000000742,0.8398653368573011,0.0026810398218507156,0.0031783351781492844
ae_8_Mutant_Add_ch_P40_Q1_[].qasm,Quratest_53,0.0680118369639416,0.16611164015822943,0.06362550182376885,0.15694707312069828,0.0,0.07138944865828203,1.0000000000000666,0.8401366669998918,0.004407508669300057,0.008776085080699943
ae_8_Mutant_Add_ch_P40_Q1_[].qasm,PureState_54,0.04149460244832491,0.17580266382234738,0.039499108910227974,0.1644458338340983,0.0,0.07039271365967995,1.0000000000000675,0.8390397800029636,0.02818141707865735,0.006208760828657348
ae_8_Mutant_Add_ch_P40_Q1_[].qasm,Quratest_54,0.061365966436579204,0.12373888375965829,0.05878830808641633,0.12041725474336118,0.0,0.04219120086206054,1.000000000000063,0.847947196534083,0.00667480807304724,0.00520996432304724
ae_8_Mutant_Add_ch_P40_Q1_[].qasm,PureState_55,0.05514445764975416,0.16122858612811655,0.05143340973193621,0.15188051436028616,0.0,0.06335868254517935,1.000000000000075,0.8382474507246644,0.005885777622435154,0.015163121372435154
ae_8_Mutant_Add_ch_P40_Q1_[].qasm,Quratest_55,0.0649890873415965,0.12362443038088805,0.062208079795829326,0.12075795840199147,0.0,0.037041597742969654,1.0000000000000693,0.846552855936847,0.020038399988402678,0.0033991000115973216
ae_8_Mutant_Add_ch_P40_Q1_[].qasm,PureState_56,0.05964846132683697,0.23869667603964745,0.05383173883638995,0.21664626074090096,0.0,0.08955414039847373,1.0000000000000626,0.8391684822099231,0.01179559900106492,0.00968877599893508
ae_8_Mutant_Add_ch_P40_Q1_[].qasm,Quratest_56,0.06024980167735802,0.15423004205323962,0.05766160411048656,0.14676743266380987,0.0,0.06507595574388617,1.00000000000006,0.8562699395950288,0.024513676717645438,0.0038066357823545623
ae_8_Mutant_Add_ch_P40_Q1_[].qasm,PureState_57,0.06530806498688224,0.2580517201359149,0.057806195352860634,0.23337294744696413,0.0,0.09626855075178828,1.0000000000000626,0.8372858495620278,0.006195685015258856,0.013335564984741144
ae_8_Mutant_Add_ch_P40_Q1_[].qasm,Quratest_57,0.0620176480634144,0.1516780682597963,0.05984500742934657,0.1451006456130644,0.0,0.043005985896759094,1.0000000000000613,0.8413232128845983,0.00759124288095691,0.01345061788095691
ae_8_Mutant_Add_ch_P40_Q1_[].qasm,PureState_58,0.06742659431105227,0.18395953232577844,0.06167799169048885,0.17236689746445624,0.0,0.0711348587845452,1.0000000000000626,0.8390180822560249,0.0025112399707297927,0.011300302470729794
ae_8_Mutant_Add_ch_P40_Q1_[].qasm,Quratest_58,0.058853660835279445,0.12649937170341186,0.05623362774374267,0.1223876694468914,0.0,0.0543393488034715,1.0000000000000582,0.8303495507127615,0.004216867808503163,0.005548757191496837
ae_8_Mutant_Add_ch_P40_Q1_[].qasm,PureState_59,0.04508169402048617,0.17335375539218292,0.04344808762375272,0.16144393079858807,0.0,0.06459890190360626,1.0000000000000733,0.8375344316921354,0.012932799724222496,0.0036554559742224962
ae_8_Mutant_Add_ch_P40_Q1_[].qasm,Quratest_59,0.054218491843364594,0.16772881405673593,0.0524932343426543,0.15980719914834426,0.0,0.0657654209271681,1.0000000000000644,0.8245438638944663,0.016102491557848285,0.027821241557848285
ae_8_Mutant_Add_ch_P40_Q1_[].qasm,PureState_60,0.05734596129445751,0.17161410155523513,0.05327619926761411,0.1609794973831765,0.0,0.07114235261581982,1.0000000000000595,0.8392005322475982,0.03557503870640094,0.008858555043599059
ae_8_Mutant_Add_ch_P40_Q1_[].qasm,Quratest_60,0.06036880797789876,0.11963624107184634,0.05829091293966284,0.11626394846334973,0.0,0.0485617580628896,1.0000000000000617,0.8137409839602219,0.022420434595982298,0.0034584716540177023
ae_8_Mutant_Add_ch_P40_Q1_[].qasm,PureState_61,0.052968067739439184,0.15507518272989837,0.05054647412292969,0.1463882872964681,0.0,0.06349175049249897,1.0000000000000644,0.8367385901534059,0.01457066917623074,0.00724645042623074
ae_8_Mutant_Add_ch_P40_Q1_[].qasm,Quratest_61,0.0643186579227813,0.18533487698808035,0.059167969525841344,0.1760201320750556,0.0,0.07837835189355455,1.0000000000000653,0.838079890336414,0.0006910856545292443,0.041706710654529244
ae_8_Mutant_Add_ch_P40_Q1_[].qasm,PureState_62,0.052172894431110686,0.24977257011087,0.04777954723421383,0.23021178743914433,0.0,0.10078106139468072,1.0000000000000662,0.8379243357160672,0.020282652312217875,0.0007134414377821252
ae_8_Mutant_Add_ch_P40_Q1_[].qasm,Quratest_62,0.05737962549477951,0.13458731748948716,0.055606897541563303,0.13043811200303607,0.0,0.05071306636640323,1.0000000000000586,0.8271255388390515,0.02162807778401065,0.03237026528401065
ae_8_Mutant_Add_ch_P40_Q1_[].qasm,PureState_63,0.06053167165122694,0.15088961861666636,0.05562342780645233,0.14225175284076558,0.0,0.063212112498082,1.0000000000000586,0.8378290053164282,0.021774599495967592,0.014358213004032408
ae_8_Mutant_Add_ch_P40_Q1_[].qasm,Quratest_63,0.05883152384120664,0.11290112881332326,0.057050873292523216,0.1089570432078783,0.0,0.04379076795765728,1.0000000000000693,0.8310352815605232,0.014940777799834645,0.017382184049834645
ae_8_Mutant_Add_ch_P40_Q1_[].qasm,PureState_64,0.059495501815193245,0.2594224144994547,0.052855934208421156,0.2345700385289633,0.0,0.10222937773497275,1.000000000000068,0.83897386520624,0.02040747949053945,0.02089576074053945
ae_8_Mutant_Add_ch_P40_Q1_[].qasm,Quratest_64,0.05915281629603681,0.11668024063371417,0.05780021933134988,0.11444222592991654,0.0,0.05279184901188855,1.0000000000000675,0.8439862173881996,0.004860150328024872,0.007346880921975128
ae_8_Mutant_Add_ch_P40_Q1_[].qasm,PureState_65,0.04877352542439138,0.1782068102715726,0.04610786518250327,0.16778201392220785,0.0,0.06734308616326039,1.000000000000068,0.8389509962114162,0.03414593399885375,0.0072904652488537565
ae_8_Mutant_Add_ch_P40_Q1_[].qasm,Quratest_65,0.05744367213905271,0.1767775822231937,0.0536775611976056,0.1687707610639491,0.0,0.07807705575061488,1.0000000000000622,0.8279299567414192,0.0052102424796550695,0.00797335127034493
ae_8_Mutant_Add_ch_P40_Q1_[].qasm,PureState_66,0.049968760165644825,0.17144810514579106,0.04723677945750111,0.1580990956252012,0.0,0.06719966720920134,1.0000000000000662,0.8379479475592372,0.0009098158843731143,0.03766440286562689
ae_8_Mutant_Add_ch_P40_Q1_[].qasm,Quratest_66,0.06105701286584828,0.1292889064941402,0.058383134326646005,0.12587249651276394,0.0,0.050090099867156276,1.0000000000000613,0.8414346527424247,0.034132426698724155,0.048780864198724155
ae_8_Mutant_Add_ch_P40_Q1_[].qasm,PureState_67,0.06034762319096656,0.16885652530088152,0.05624860181658231,0.15988344596467283,0.0,0.07457460881376704,1.0000000000000662,0.8402070339001507,0.017142487882204585,0.007271574617795415
ae_8_Mutant_Add_ch_P40_Q1_[].qasm,Quratest_67,0.050896707646490146,0.1330914695473849,0.050209098455075644,0.12822470473565778,0.0,0.037664245837708964,1.0000000000000666,0.840522565050207,0.008659281960539346,0.023567280539460653
ae_8_Mutant_Add_ch_P40_Q1_[].qasm,PureState_68,0.04881130685452428,0.18184535594607093,0.04713735022864387,0.17066559998035982,0.0,0.06900474970403589,1.0000000000000795,0.8387075409714049,0.00904834860005592,0.005142098600055919
ae_8_Mutant_Add_ch_P40_Q1_[].qasm,Quratest_68,0.0617185245611687,0.15110764541854613,0.058931057256529445,0.14438871985650253,0.0,0.05316009736298638,1.000000000000068,0.8340986473720704,0.008244551848685552,0.01665779190131445
ae_8_Mutant_Add_ch_P40_Q1_[].qasm,PureState_69,0.0565083189373025,0.16612041107168604,0.052175982912447676,0.15668176426389177,0.0,0.06670345209847388,1.0000000000000733,0.8397405563285854,0.002669570409952207,0.007096054590047793
ae_8_Mutant_Add_ch_P40_Q1_[].qasm,Quratest_69,0.05938605417003628,0.13266580210141143,0.058397744249219584,0.1278354431798778,0.0,0.04580979423491467,1.0000000000000608,0.8359378141595444,0.009831267707058451,0.008235138542941549
ae_8_Mutant_Add_ch_P40_Q1_[].qasm,PureState_70,0.05370052186569531,0.1689440109783747,0.05007916319843505,0.15724387912460627,0.0,0.06520730697740731,1.0000000000000662,0.8370836877400462,0.008963104155995778,0.04572439584400422
ae_8_Mutant_Add_ch_P40_Q1_[].qasm,Quratest_70,0.06134780154018179,0.15472956999906162,0.05928677632337813,0.14906389192130795,0.0,0.058328252803542785,1.0000000000000604,0.8306136115916024,0.0008595031440094408,0.003046746855990559
ae_8_Mutant_Add_ch_P40_Q1_[].qasm,PureState_71,0.06359813412799836,0.1977676731950103,0.05728898361362292,0.18063346970039562,0.0,0.07759426252985288,1.0000000000000613,0.8405793034996932,0.008239701392603015,0.012268111107396985
ae_8_Mutant_Add_ch_P40_Q1_[].qasm,Quratest_71,0.058855953636378223,0.12831289460577447,0.05619677464012302,0.12348778541671282,0.0,0.047985711463723796,1.0000000000000706,0.8483042221926407,0.014267422516311424,0.0028224212336885757
ae_8_Mutant_Add_ch_P40_Q1_[].qasm,PureState_72,0.06683931695115537,0.26432439922170203,0.05825510588415768,0.23417635982584648,0.0,0.09828945885486515,1.000000000000072,0.8390742658595198,0.005990633094461092,0.003286710655538908
ae_8_Mutant_Add_ch_P40_Q1_[].qasm,Quratest_72,0.0590782811961185,0.16821428893022186,0.05628539668483353,0.15671063066745472,0.0,0.0515650282015955,1.000000000000068,0.8311507752532341,0.015602453381080739,0.02683292213108074
ae_8_Mutant_Add_ch_P40_Q1_[].qasm,PureState_73,0.05575534107747894,0.1621995914212361,0.0522308002069466,0.15310708168679513,0.0,0.06084791450830465,1.0000000000000697,0.8383244592634621,0.026056078912582933,0.031072827337417067
ae_8_Mutant_Add_ch_P40_Q1_[].qasm,Quratest_73,0.057781357580737824,0.1597430267870156,0.05559766667564376,0.15064335890374772,0.0,0.05523108481613593,1.0000000000000648,0.8346957627042918,0.0005300870110749936,0.023479305761074994
ae_8_Mutant_Add_ch_P40_Q1_[].qasm,PureState_74,0.05137771802029003,0.16094641273119484,0.048499781989344216,0.1507515666380428,0.0,0.06683497184545907,1.000000000000063,0.8376956515721187,0.0022054121967848977,0.020255525303215102
ae_8_Mutant_Add_ch_P40_Q1_[].qasm,Quratest_74,0.061102086723304326,0.17510700351572378,0.05753619263789274,0.16712740986911667,0.0,0.04517804219109161,1.00000000000006,0.8234802530718058,0.020176910371704715,0.006678558378295285
ae_8_Mutant_Add_ch_P40_Q1_[].qasm,PureState_75,0.050166604273227874,0.1668192043119702,0.04767289099512627,0.155769154800182,0.0,0.06529597685125525,1.0000000000000608,0.8368772123166791,0.010079864594004312,0.04670095834400431
ae_8_Mutant_Add_ch_P40_Q1_[].qasm,Quratest_75,0.06312268651098307,0.14200502127168402,0.060975752590816744,0.13447284677953675,0.0,0.05073705373087693,1.000000000000068,0.8419182489388175,0.010783853137173616,0.004924478137173616
ae_8_Mutant_Add_ch_P40_Q1_[].qasm,PureState_76,0.06999118292693603,0.1677337105188769,0.0632794828316692,0.15726462684499876,0.0,0.06723859858971373,1.000000000000064,0.8372557312589096,0.010862691369101597,0.012574808630898403
ae_8_Mutant_Add_ch_P40_Q1_[].qasm,Quratest_76,0.0605094438074754,0.1266521314108871,0.058420954096163415,0.12290742188518276,0.0,0.044600427376563834,1.0000000000000626,0.8317132276315766,0.00033078659239402924,0.01058469284239403
ae_8_Mutant_Add_ch_P40_Q1_[].qasm,PureState_77,0.05940363678487594,0.21854673489265683,0.05399165408992335,0.20235192999890286,0.0,0.08470467302481166,1.0000000000000586,0.8372252196815811,0.0014460885099400606,0.0043757760099400606
ae_8_Mutant_Add_ch_P40_Q1_[].qasm,Quratest_77,0.05897787801963385,0.15587524913254805,0.05556670476682796,0.14994054108734065,0.0,0.0685678515447857,1.0000000000000617,0.8392440402900317,0.0034139543657092375,0.011714735615709237
ae_8_Mutant_Add_ch_P40_Q1_[].qasm,PureState_78,0.05494461438447303,0.26381957238192866,0.04801705712871539,0.2337692455310904,0.0,0.09840869523022058,1.000000000000068,0.8377703183110145,0.027700773155538795,0.027700773155538795
ae_8_Mutant_Add_ch_P40_Q1_[].qasm,Quratest_78,0.06132245038184559,0.1151853045497781,0.0576471977529893,0.11123616554399036,0.0,0.04284575433131615,1.0000000000000622,0.8519391392693445,0.001196559578443359,0.03439968457844336
ae_8_Mutant_Add_ch_P40_Q1_[].qasm,PureState_79,0.05580266882740573,0.24329199488251838,0.05079842922494293,0.22403264707474638,0.0,0.07778403769513695,1.0000000000000773,0.8387208130088601,0.017411544223184416,0.013838455776815584
ae_8_Mutant_Add_ch_P40_Q1_[].qasm,Quratest_79,0.06395130992598423,0.12197679934778509,0.060380132892647743,0.11909667632429101,0.0,0.049840948890944634,1.0000000000000693,0.8376626165082214,0.005881735691811753,0.020485451808188247
ae_8_Mutant_Add_ch_P40_Q1_[].qasm,PureState_80,0.06326332870659557,0.19785756106233768,0.058598061975928005,0.18265264865423683,0.0,0.07760279043530208,1.0000000000000617,0.8379505049654775,0.002549423248578108,0.017197860748578108
ae_8_Mutant_Add_ch_P40_Q1_[].qasm,Quratest_80,0.06566851936277147,0.14455511339087948,0.06311679833538102,0.14015390103550115,0.0,0.05248315365624863,1.0000000000000604,0.8501203630011159,0.003843838366312073,0.025453036633687927
ae_8_Mutant_Add_ch_P40_Q1_[].qasm,PureState_81,0.04878780311730766,0.18553313784610015,0.0464420271275984,0.17364966208746277,0.0,0.0693427599940079,1.000000000000068,0.8374019136116213,0.028061026399944154,0.024643057649944154
ae_8_Mutant_Add_ch_P40_Q1_[].qasm,Quratest_81,0.0601245352563844,0.11456886979096247,0.05773370368617367,0.11264376562390144,0.0,0.05299117535948783,1.000000000000059,0.8361846400833962,0.016574395193300707,0.0063748235566992925
ae_8_Mutant_Add_ch_P40_Q1_[].qasm,PureState_82,0.04762484086463225,0.1551756516461382,0.04557360371420368,0.1458129014316051,0.0,0.06699483781158662,1.0000000000000675,0.8365945068704593,0.006583650303215199,0.0466390059467848
ae_8_Mutant_Add_ch_P40_Q1_[].qasm,Quratest_82,0.061956542696183246,0.17119082081281703,0.058991018681284285,0.16440279867084956,0.0,0.0569632443335648,1.0000000000000586,0.8214706902607862,0.004652925963532839,0.05394082403646716
ae_8_Mutant_Add_ch_P40_Q1_[].qasm,PureState_83,0.06465312775944639,0.2178092586592414,0.0587101269709849,0.20142191255024156,0.0,0.0845931639696976,1.000000000000068,0.8387274904258017,0.006817182259940019,0.001446088509940019
ae_8_Mutant_Add_ch_P40_Q1_[].qasm,Quratest_83,0.05886071362952739,0.13065493888646368,0.05539929129375304,0.12564842032372983,0.0,0.07127520504013202,1.0000000000000613,0.8230870896718226,0.002811488061900829,0.001583043188099171
ae_8_Mutant_Add_ch_P40_Q1_[].qasm,PureState_84,0.0523004327181091,0.16386804993499707,0.04951458779580144,0.15412999339977218,0.0,0.06706139490918506,1.0000000000000684,0.8363907564582151,0.006095369053215054,0.021736662196784946
ae_8_Mutant_Add_ch_P40_Q1_[].qasm,Quratest_84,0.06482290422639148,0.12925032422282168,0.06247830164296514,0.12551662019931792,0.0,0.04332340374784565,1.0000000000000648,0.831243497485675,0.010972953160076633,0.025159859339923367
ae_8_Mutant_Add_ch_P40_Q1_[].qasm,PureState_85,0.05171537345005736,0.17621148948935486,0.04976979697057943,0.16356218795543215,0.0,0.06141918909147366,1.0000000000000702,0.8383756924636081,0.002517462575706876,0.002517462575706876
ae_8_Mutant_Add_ch_P40_Q1_[].qasm,Quratest_85,0.06312587693581158,0.14909334834424376,0.061049803560508036,0.14448044210911873,0.0,0.0702696288997253,1.0000000000000568,0.8256315305691464,0.013393961358660722,0.029507242608660722
ae_8_Mutant_Add_ch_P40_Q1_[].qasm,PureState_86,0.06227070579586818,0.2521894106964221,0.05562464227321684,0.22814000867936432,0.0,0.09927395904961264,1.000000000000063,0.8387019244811571,0.00525330992748212,0.03503846617748212
ae_8_Mutant_Add_ch_P40_Q1_[].qasm,Quratest_86,0.06489808464877392,0.14987783570948604,0.0604526290272336,0.14290528272970085,0.0,0.06559015205425534,1.0000000000000657,0.8369864308446712,0.015259987942997526,0.016236550442997526
ae_8_Mutant_Add_ch_P40_Q1_[].qasm,PureState_87,0.06053626374398761,0.16955485409461155,0.05688340942832091,0.15744592419524978,0.0,0.06003237609340185,1.0000000000000706,0.8385520600058173,0.033039081303086804,0.023601543696913196
ae_8_Mutant_Add_ch_P40_Q1_[].qasm,Quratest_87,0.06297248321324819,0.1180065323321916,0.05970365839660707,0.1139784475778993,0.0,0.0493751734086155,1.000000000000063,0.8342972450594716,0.007498785959465147,0.014823004709465147
ae_8_Mutant_Add_ch_P40_Q1_[].qasm,PureState_88,0.06726117155481702,0.22292741606381908,0.061686516124300504,0.2050247662245867,0.0,0.0902968172531379,1.0000000000000657,0.8375635083123278,0.013299318895183654,0.023064943895183654
ae_8_Mutant_Add_ch_P40_Q1_[].qasm,Quratest_88,0.060476715636677156,0.18648656407715397,0.057722707343797926,0.1768572985271064,0.0,0.06985953521275054,1.0000000000000622,0.8240869244362848,0.00027584276778054584,0.011442907232219454
ae_8_Mutant_Add_ch_P40_Q1_[].qasm,PureState_89,0.05575879107135796,0.26477828961217326,0.04880537727422996,0.23352682139895578,0.0,0.09613642156020663,1.0000000000000648,0.8389540917710989,0.0144062412633017,0.0310078037633017
ae_8_Mutant_Add_ch_P40_Q1_[].qasm,Quratest_89,0.05839272193027411,0.14236575310208566,0.05596816908044719,0.13858596740389278,0.0,0.04974369091823781,1.000000000000064,0.8444034335007362,0.027176380134147596,0.023604869865852404
ae_8_Mutant_Add_ch_P40_Q1_[].qasm,PureState_90,0.05826555724520734,0.21522500585826734,0.05366886514975098,0.20082187350084416,0.0,0.06546791094364583,1.000000000000067,0.8380181253957091,9.259378272410967e-06,0.009756365621727589
ae_8_Mutant_Add_ch_P40_Q1_[].qasm,Quratest_90,0.06389051288001878,0.13007937021739524,0.061356755101930976,0.12520707101972842,0.0,0.045813172071672556,1.0000000000000675,0.850317740852033,0.003845759644764364,0.023009709105235636
ae_8_Mutant_Add_ch_P40_Q1_[].qasm,PureState_91,0.06423020633731949,0.23128189838573104,0.05878772499310025,0.2179947583364878,0.0,0.08856187880972272,1.0000000000000653,0.8393520171664279,0.00876207361187692,2.6988888123080645e-05
ae_8_Mutant_Add_ch_P40_Q1_[].qasm,Quratest_91,0.06109907269617226,0.12274907472781768,0.06006020525992193,0.11772182118497189,0.0,0.04584447575786856,1.0000000000000653,0.8373670669912323,0.025797891389310476,0.013264608610689526
ae_8_Mutant_Add_ch_P40_Q1_[].qasm,PureState_92,0.0584591044190467,0.22054640459207336,0.053328521708117874,0.20572096038806867,0.0,0.08689577749497138,1.0000000000000648,0.8388345541722149,0.00636900187041653,0.02052915812041653
ae_8_Mutant_Add_ch_P40_Q1_[].qasm,Quratest_92,0.06064793315899721,0.14047169086100653,0.058092109002749366,0.13577284101177653,0.0,0.04949542556343917,1.000000000000064,0.8300628255720993,0.017835358143769513,0.009534576893769513
ae_8_Mutant_Add_ch_P40_Q1_[].qasm,PureState_93,0.062467994123640874,0.16258464899284145,0.0577215871254311,0.14770004124686667,0.0,0.06514515311820021,1.0000000000000595,0.8402815453296417,0.010579397263953877,0.013834665236046123
ae_8_Mutant_Add_ch_P40_Q1_[].qasm,Quratest_93,0.062281206588680395,0.1427524559927781,0.060451383803694844,0.13827292154781032,0.0,0.05148463731471745,1.0000000000000653,0.8504681025880769,0.026089742698126774,0.002718851051873226
ae_8_Mutant_Add_ch_P40_Q1_[].qasm,PureState_94,0.059488410603586526,0.15742742944599877,0.05560673650834981,0.14962252886693575,0.0,0.06554097624016365,1.000000000000068,0.83722932563381,0.013320725760921352,0.025527757010921352
ae_8_Mutant_Add_ch_P40_Q1_[].qasm,Quratest_94,0.06495783144352418,0.1383930953769508,0.06143460980104093,0.13229831409859963,0.0,0.0705012906034064,1.0000000000000613,0.8245034929600683,0.00028179962467025964,0.01680804412532974
ae_8_Mutant_Add_ch_P40_Q1_[].qasm,PureState_95,0.05959376416471713,0.27049041634618787,0.05192485131774929,0.2388186222304728,0.0,0.09613642156020666,1.0000000000000657,0.8387566717001892,0.0017109287633015058,0.012941397513301506
ae_8_Mutant_Add_ch_P40_Q1_[].qasm,Quratest_95,0.06072307994547037,0.12767151500579332,0.05851586049225322,0.12379910208503711,0.0,0.05520262223889612,1.0000000000000697,0.8351408888705399,0.011846192354540295,0.030889161104540295
ae_8_Mutant_Add_ch_P40_Q1_[].qasm,PureState_96,0.06119826602539253,0.15286186891316128,0.05612423975726664,0.143296622845257,0.0,0.06323049596587907,1.000000000000063,0.8391367794996265,0.008010556754032415,0.043655088004032415
ae_8_Mutant_Add_ch_P40_Q1_[].qasm,Quratest_96,0.056001446712780394,0.11718257290649622,0.05365688111134063,0.11155608766270636,0.0,0.04243160613654452,1.000000000000071,0.8372371696039251,0.008739060660868325,0.030223435660868325
ae_8_Mutant_Add_ch_P40_Q1_[].qasm,PureState_97,0.06005000599548136,0.2573102634261449,0.053583340310660824,0.23280301664696987,0.0,0.09629535793073746,1.0000000000000644,0.837088716143718,0.0016168149847411994,0.0152886899847412
ae_8_Mutant_Add_ch_P40_Q1_[].qasm,Quratest_97,0.062340396311941396,0.13449390089439864,0.06016019964342127,0.13098817318639158,0.0,0.05131489754447359,1.0000000000000688,0.8357863342421313,0.015786316906171563,0.006508973156171563
ae_8_Mutant_Add_ch_P40_Q1_[].qasm,PureState_98,0.06406170938001596,0.24778625824990083,0.05766251023622491,0.2289597904714411,0.0,0.09995798352023515,1.0000000000000684,0.839068634059936,0.008158910898394989,0.0020949953516050113
ae_8_Mutant_Add_ch_P40_Q1_[].qasm,Quratest_98,0.058714507261348615,0.13777984306532054,0.0556556469457121,0.13271102937250154,0.0,0.06526223014928972,1.0000000000000626,0.8215797341042418,0.016747282901675858,0.026709748348324142
ae_8_Mutant_Add_ch_P40_Q1_[].qasm,PureState_99,0.056517638593413695,0.17932605319000788,0.05283487548486484,0.17045425025813635,0.0,0.06757862955036822,1.0000000000000706,0.8376450691554402,0.025912659751146285,0.00045452774885371486
ae_8_Mutant_Add_ch_P40_Q1_[].qasm,Quratest_99,0.06943774247522502,0.1782120812750678,0.06613930850680202,0.17080513714584394,0.0,0.052135240841004765,1.0000000000000608,0.831044681716427,0.006450151770963579,0.005961870520963579
ae_8_Mutant_Add_ch_P40_Q1_[].qasm,PureState_100,0.059674563802162406,0.15605835268299986,0.054864346684407234,0.14607319751705916,0.0,0.06003167723320184,1.0000000000000675,0.8370475036757875,0.019207012446913217,0.03824998119691322
ae_8_Mutant_Add_ch_P40_Q1_[].qasm,Quratest_100,0.059369360186554226,0.16708162958367304,0.05487985266877212,0.15649192325016426,0.0,0.06882481376017632,1.0000000000000662,0.8278773957014084,0.004936487438519273,0.03716304993851927
ae_8_Mutant_Add_ch_P40_Q1_[].qasm,PureState_101,0.047554066404604536,0.17641420698997298,0.04603680398289704,0.1631384077967709,0.0,0.061331931212573285,1.0000000000000755,0.8372690042588917,0.01179480632570687,0.007248162424293131
ae_8_Mutant_Add_ch_P40_Q1_[].qasm,Quratest_101,0.06301788102703519,0.18854526967867266,0.05828072351396683,0.17623251219174865,0.0,0.08412416003998742,1.0000000000000617,0.8265801220202452,0.008512554693640012,0.021760882806359988
ae_8_Mutant_Add_ch_P40_Q1_[].qasm,PureState_102,0.05697261488358411,0.19210802615216258,0.05194330615897846,0.17566152841826974,0.0,0.07773365259535947,1.0000000000000626,0.8394670175580233,0.023376420142603167,0.028869673607396833
ae_8_Mutant_Add_ch_P40_Q1_[].qasm,Quratest_102,0.06145180432707707,0.17471023315400136,0.05868635819280838,0.1649489907640062,0.0,0.049479997243430156,1.0000000000000653,0.835320755603485,0.00538559476651241,0.0004737802334875904
ae_8_Mutant_Add_ch_P40_Q1_[].qasm,PureState_103,0.05224512751473153,0.1666961696195186,0.04919080497417212,0.15575347681201954,0.0,0.06526984760603569,1.000000000000063,0.8381826917917332,0.013497833344004277,0.03351736459400428
ae_8_Mutant_Add_ch_P40_Q1_[].qasm,Quratest_103,0.06345916950446573,0.2340134718269781,0.057264922943831134,0.21317940939742752,0.0,0.0894482131632948,1.0000000000000617,0.8370152561351368,0.009711871010250256,0.035698285239749744
ae_8_Mutant_Add_ch_P40_Q1_[].qasm,PureState_104,0.05496117074476031,0.24954937398422838,0.05051216774078973,0.23036487399709854,0.0,0.10052605083768287,1.0000000000000675,0.8392296789348779,0.005634214812217986,0.007549378937782014
ae_8_Mutant_Add_ch_P40_Q1_[].qasm,Quratest_104,0.06276957410419755,0.10476892963653704,0.061379865833371246,0.1032933650136114,0.0,0.037219570630221105,1.0000000000000644,0.8509007651671928,0.012533276891036844,0.006509691858963156
ae_8_Mutant_Add_ch_P40_Q1_[].qasm,PureState_105,0.05334229794623113,0.16923061923939375,0.050735816597133596,0.15840537206839667,0.0,0.06006083626714446,1.0000000000000657,0.8383532348353525,0.02034376880308679,0.01237107494691321
ae_8_Mutant_Add_ch_P40_Q1_[].qasm,Quratest_105,0.05864740859206996,0.14349058892274966,0.05669784210746672,0.13689206911076457,0.0,0.06697878611496375,1.0000000000000697,0.8462642125861525,0.021048801937899403,0.004447239437899402
ae_8_Mutant_Add_ch_P40_Q1_[].qasm,PureState_106,0.06319229191948786,0.2449755590272711,0.05628678417747902,0.22487998395365077,0.0,0.07777872968290181,1.0000000000000777,0.8398306334844868,0.02848689327681539,0.04411189327681539
ae_8_Mutant_Add_ch_P40_Q1_[].qasm,Quratest_106,0.05875363625699677,0.1299394745451853,0.05721679430074549,0.1264227442014616,0.0,0.047223739500409395,1.0000000000000653,0.8270002404268345,0.008009409018037546,0.019728159018037546
ae_8_Mutant_Add_ch_P40_Q1_[].qasm,PureState_107,0.05832572964520067,0.16150222164494352,0.055501714252148546,0.1522293006640719,0.0,0.06332875619433881,1.0000000000000737,0.8397533195783691,0.03567093387243511,0.006862340122435112
ae_8_Mutant_Add_ch_P40_Q1_[].qasm,Quratest_107,0.06136600283890443,0.11828368455293609,0.059509423162309935,0.11587247806400194,0.0,0.044203402358894646,1.0000000000000613,0.8290731223362561,0.009246187398641605,0.005339937398641605
ae_8_Mutant_Add_ch_P40_Q1_[].qasm,PureState_108,0.060435189421664134,0.23170735364960657,0.05481017937259869,0.2117663546598145,0.0,0.0902177512879611,1.0000000000000586,0.8391305330169985,0.0038838404711625096,0.00881147202883749
ae_8_Mutant_Add_ch_P40_Q1_[].qasm,Quratest_108,0.06107779668343207,0.14765580564317682,0.05868937029742039,0.14198538015764683,0.0,0.05348079107391537,1.0000000000000688,0.8254041581903226,0.006033025249033628,0.005544743999033628
ae_8_Mutant_Add_ch_P40_Q1_[].qasm,PureState_109,0.056136962343996684,0.1527791471416592,0.05277562973711128,0.14532020535667675,0.0,0.05779322964317171,1.0000000000000577,0.8376480882081682,0.022282636061298006,0.00030997981129800636
ae_8_Mutant_Add_ch_P40_Q1_[].qasm,Quratest_109,0.05823053635957695,0.15435082669679207,0.056523383104183436,0.146925128906651,0.0,0.06239278815483844,1.00000000000006,0.8277887863861134,0.011101994766789434,0.0037777760167894345
ae_8_Mutant_Add_ch_P40_Q1_[].qasm,PureState_110,0.058746335481581306,0.2299157308817359,0.054475426721232165,0.21737995872796287,0.0,0.08872196393760871,1.0000000000000662,0.840675894482308,0.0038226374497943236,0.019935918699794324
ae_8_Mutant_Add_ch_P40_Q1_[].qasm,Quratest_110,0.06832676185376373,0.16048784695014195,0.06321700838842265,0.1531053616392098,0.0,0.06908048838857825,1.000000000000064,0.8303205600998649,0.00444247399365999,0.09760830725634001
ae_8_Mutant_Add_ch_P40_Q1_[].qasm,PureState_111,0.0668831254956384,0.24119651265747644,0.05998391354314291,0.2201881357016704,0.0,0.08967120284575339,1.000000000000063,0.8376657118405414,0.011307317751064916,0.006270807248935084
ae_8_Mutant_Add_ch_P40_Q1_[].qasm,Quratest_111,0.0646778926741911,0.1376264766373436,0.06087144700768732,0.13277501588324453,0.0,0.05904973495139183,1.0000000000000586,0.8349373922135036,0.01953167437721816,0.014648013122781842
ae_8_Mutant_Add_ch_P40_Q1_[].qasm,PureState_112,0.061197121880577784,0.1746410368269972,0.05662081989174486,0.16522180583958718,0.0,0.06569271691873688,1.0000000000000795,0.8385571085979299,0.0022017726781493052,0.0012161960718506948
ae_8_Mutant_Add_ch_P40_Q1_[].qasm,Quratest_112,0.05953428742937578,0.2085468311784798,0.05633819664323913,0.19456881682204513,0.0,0.06270623471288243,1.000000000000071,0.8330711650281077,0.012749707418759242,0.03021904258124076
ae_8_Mutant_Add_ch_P40_Q1_[].qasm,PureState_113,0.05574297438227515,0.24870620886364564,0.050405225887553744,0.23020321889203493,0.0,0.1002234072654491,1.0000000000000635,0.8377635395747233,0.015766870351604956,0.038432348398395044
ae_8_Mutant_Add_ch_P40_Q1_[].qasm,Quratest_113,0.06716977765867906,0.17681655273440716,0.06044402074689453,0.1683189856891925,0.0,0.0814027325124748,1.0000000000000662,0.8321460097255917,0.0035633069813052615,0.02085075551869474
ae_8_Mutant_Add_ch_P40_Q1_[].qasm,PureState_114,0.05673882673898453,0.18210356869611552,0.053214919862900126,0.17315630792182707,0.0,0.06454163625903593,1.0000000000000728,0.8375538885574565,0.002794228009727562,0.005723915509727562
ae_8_Mutant_Add_ch_P40_Q1_[].qasm,Quratest_114,0.06257571833300962,0.13005383057171122,0.0610469585084039,0.12611763534713608,0.0,0.04911972328155981,1.000000000000064,0.8292042145847811,0.019820650328349048,0.002242525328349048
ae_8_Mutant_Add_ch_P40_Q1_[].qasm,PureState_115,0.04314473902727783,0.15347635409830312,0.041715363795577325,0.14513117168030049,0.0,0.06556752497528022,1.0000000000000786,0.8374525244740858,0.012898506443429894,0.029988350193429894
ae_8_Mutant_Add_ch_P40_Q1_[].qasm,Quratest_115,0.06112641433342235,0.16831509307143183,0.05977910550360089,0.16215152250962678,0.0,0.07176042663630673,1.0000000000000653,0.8280349846930888,0.004034584153767406,0.0008482283462325942
ae_8_Mutant_Add_ch_P40_Q1_[].qasm,PureState_116,0.05113368260656121,0.24812221742169802,0.047365821936450433,0.22619441893231648,0.0,0.07970784604000362,1.0000000000000786,0.8393245955544248,0.0040659085235706105,0.0001596585235706105
ae_8_Mutant_Add_ch_P40_Q1_[].qasm,Quratest_116,0.06060414294192612,0.13786468693435835,0.059330413653168754,0.13209832618123513,0.0,0.04040388608363275,1.0000000000000662,0.8433973834974721,0.003176507913630562,0.004153070413630562
ae_8_Mutant_Add_ch_P40_Q1_[].qasm,PureState_117,0.05673306619666196,0.21752847990304833,0.05091849136862347,0.20334350537840332,0.0,0.08678518463471052,1.0000000000000586,0.8390321736282879,0.0009552168795834981,0.0342010331204165
ae_8_Mutant_Add_ch_P40_Q1_[].qasm,Quratest_117,0.05700218319643017,0.12212770463060604,0.05541537395441744,0.11796071512227095,0.0,0.04692562222471374,1.0000000000000586,0.8316714315751143,0.017013096027700826,0.019607997722299174
ae_8_Mutant_Add_ch_P40_Q1_[].qasm,PureState_118,0.05915090812043703,0.15975722998306147,0.055417845427128035,0.15214365481838568,0.0,0.061379376313581466,1.0000000000000657,0.8371797396455157,0.0044931402001816036,0.020409203549818396
ae_8_Mutant_Add_ch_P40_Q1_[].qasm,Quratest_118,0.06442961283018363,0.1364613203147845,0.06006918294634436,0.12988277378903282,0.0,0.059814123314548204,1.0000000000000706,0.8422180414787265,0.0018214081579739916,0.01988781440797399
ae_8_Mutant_Add_ch_P40_Q1_[].qasm,PureState_119,0.0547681090957916,0.16431832924897055,0.05120757913581065,0.15424055739027362,0.0,0.06184481404489611,1.0000000000000604,0.838888468095941,0.006646924274397087,0.029485888225602913
ae_8_Mutant_Add_ch_P40_Q1_[].qasm,Quratest_119,0.05960369159880037,0.13091599891767233,0.05803090275806578,0.12769943386399624,0.0,0.056790489889075035,1.000000000000059,0.83149558053771,0.007190217381057726,0.022326936131057726
ae_8_Mutant_Add_ch_P40_Q1_[].qasm,PureState_120,0.05852850762184693,0.23796672013658615,0.05352876492885971,0.2169900856311104,0.0,0.09032651245644091,1.0000000000000653,0.8380223603889617,0.008278371721162565,0.019997121721162567
ae_8_Mutant_Add_ch_P40_Q1_[].qasm,Quratest_120,0.059849810359529756,0.16404077096039518,0.05607944435888928,0.15629320117298648,0.0,0.051628979660078705,1.000000000000059,0.8210330266509459,0.011953866047269467,0.03246167854726947
ae_8_Mutant_Add_ch_P40_Q1_[].qasm,PureState_121,0.06290821264540572,0.1995994744102662,0.056815866734860096,0.1875558836299136,0.0,0.08149897985772668,1.0000000000000688,0.8404196516117654,0.003222095179119866,0.008104907679119866
ae_8_Mutant_Add_ch_P40_Q1_[].qasm,Quratest_121,0.0590728447004373,0.12756763669441884,0.05659474419976084,0.12389559652866464,0.0,0.0458467679718833,1.0000000000000617,0.8310287424174458,0.0032255546749595104,0.04863571092495951
ae_8_Mutant_Add_ch_P40_Q1_[].qasm,PureState_122,0.05044710572924892,0.16455706327708952,0.04670843082700459,0.15578574314391327,0.0,0.06673723699929732,1.0000000000000737,0.8384325080177244,0.01292347665995211,0.04762339834004789
ae_8_Mutant_Add_ch_P40_Q1_[].qasm,Quratest_122,0.0609494015102191,0.11340434564179805,0.06015898078636006,0.1093825097109568,0.0,0.04748893127350212,1.000000000000064,0.8381433919488924,0.01936137337128438,0.02946675162871562
ae_8_Mutant_Add_ch_P40_Q1_[].qasm,PureState_123,0.05878812043256611,0.1685942373235032,0.055047269402914246,0.15864260910265549,0.0,0.06335243968145601,1.0000000000000697,0.839555415467093,0.017551722377564867,0.030788121372435133
ae_8_Mutant_Add_ch_P40_Q1_[].qasm,Quratest_123,0.06995497637553426,0.1319466879385551,0.06539015718662886,0.12570872457037102,0.0,0.056582314921292745,1.000000000000056,0.8415145979230917,0.009518562405486056,0.013918937594513944
ae_8_Mutant_Add_ch_P40_Q1_[].qasm,PureState_124,0.05980724308181096,0.16047556185867545,0.055483279864512326,0.1523243643626591,0.0,0.06128749262648454,1.000000000000064,0.8384865155557971,0.0028310785498184,0.0213857660498184
ae_8_Mutant_Add_ch_P40_Q1_[].qasm,Quratest_124,0.057870861803901434,0.14733926440059275,0.055085511889334575,0.1421151763808601,0.0,0.06906759518237733,1.000000000000059,0.8355199064279982,0.009476778557140807,0.012007596442859193
ae_8_Mutant_Add_ch_P40_Q1_[].qasm,PureState_125,0.0585724052760178,0.159156184883587,0.055858117884305676,0.14978751424032619,0.0,0.06341181473678574,1.0000000000000702,0.8378427608937554,0.009355112073769229,0.005293325426230771
ae_8_Mutant_Add_ch_P40_Q1_[].qasm,Quratest_125,0.05405646182145596,0.16869438634517997,0.05234198420675523,0.15862706944202284,0.0,0.0572746916156643,1.00000000000006,0.8263479306346668,0.011762714608044206,0.050249004141955794
ae_8_Mutant_Add_ch_P40_Q1_[].qasm,PureState_126,0.060052302913408795,0.16728952359431792,0.05570383714205483,0.1560146086728687,0.0,0.062270425471563334,1.0000000000000666,0.8375810118181495,0.008489794475602969,0.05341166947560297
ae_8_Mutant_Add_ch_P40_Q1_[].qasm,Quratest_126,0.05593481260260719,0.14313185902612816,0.054803269594593085,0.13505981225357752,0.0,0.05145581706736187,1.0000000000000622,0.8345110936831656,0.015676842214707488,0.006887779714707488
ae_8_Mutant_Add_ch_P40_Q1_[].qasm,PureState_127,0.059669489903060834,0.16506862044117354,0.05541346725657588,0.15449438320125639,0.0,0.06666683264305948,1.0000000000000675,0.8386330153232239,0.015364882909952117,0.008560898340047883
ae_8_Mutant_Add_ch_P40_Q1_[].qasm,Quratest_127,0.0622436387134003,0.12233608761622478,0.05997624081582758,0.11840209122919128,0.0,0.048138485329548175,1.0000000000000648,0.8394657102139601,0.0030471039948603527,0.012324447744860353
