Name,Input,Ideal_output_distribution,Ideal_density_matrix,Noisy_output_distribution,Noisy_density_matrix
data/selected_mutant_qc/mutants_qpeexact_8/qpeexact_8_Mutant_Replace_cx_P41_Q6_[].qasm,PureState_0,"{'01011101': 136, '01111101': 114, '00011001': 121, '00111101': 132, '01011001': 131, '00111001': 137, '00011101': 120, '01111001': 133}","DensityMatrix([[ 0.00000000e+00+0.00000000e+00j,
                 0.00000000e+00+0.00000000e+00j,
                 0.00000000e+00+0.00000000e+00j, ...,
                 0.00000000e+00-0.00000000e+00j,
                 0.00000000e+00-0.00000000e+00j,
                -0.00000000e+00+0.00000000e+00j],
               [ 0.00000000e+00+0.00000000e+00j,
                 0.00000000e+00+0.00000000e+00j,
                 0.00000000e+00+0.00000000e+00j, ...,
                 0.00000000e+00-0.00000000e+00j,
                 0.00000000e+00-0.00000000e+00j,
                -0.00000000e+00+0.00000000e+00j],
               [ 0.00000000e+00+0.00000000e+00j,
                 0.00000000e+00+0.00000000e+00j,
                 0.00000000e+00+0.00000000e+00j, ...,
                 0.00000000e+00-0.00000000e+00j,
                 0.00000000e+00-0.00000000e+00j,
                -0.00000000e+00+0.00000000e+00j],
               ...,
               [ 0.00000000e+00+0.00000000e+00j,
                 0.00000000e+00+0.00000000e+00j,
                 0.00000000e+00+0.00000000e+00j, ...,
                 1.25000000e-01+0.00000000e+00j,
                 1.07675137e-17+1.13164478e-17j,
                 8.06226902e-18-8.20278347e-19j],
               [ 0.00000000e+00+0.00000000e+00j,
                 0.00000000e+00+0.00000000e+00j,
                 0.00000000e+00+0.00000000e+00j, ...,
                 1.07675137e-17-1.13164478e-17j,
                 1.95201074e-33+0.00000000e+00j,
                 6.20223643e-34-8.00548837e-34j],
               [-0.00000000e+00+0.00000000e+00j,
                -0.00000000e+00+0.00000000e+00j,
                -0.00000000e+00+0.00000000e+00j, ...,
                 8.06226902e-18+8.20278347e-19j,
                 6.20223643e-34+8.00548837e-34j,
                 5.25384306e-34+0.00000000e+00j]],
              dims=(2, 2, 2, 2, 2, 2, 2, 2))","{'00010100': 1, '01110001': 2, '01000001': 1, '00010010': 1, '00111000': 2, '00101000': 1, '00011010': 3, '01110000': 2, '00011110': 2, '01111100': 3, '00001101': 6, '00110100': 7, '00111010': 2, '00111100': 3, '01010000': 2, '01111110': 3, '00110000': 3, '01101001': 5, '01111011': 3, '00100001': 3, '00111001': 98, '01010001': 3, '00101111': 1, '00011100': 3, '01011000': 2, '01110100': 2, '01100001': 3, '00011101': 111, '00110001': 5, '01011011': 3, '00000101': 1, '00010101': 3, '01001001': 2, '00100100': 1, '00110011': 3, '01011100': 6, '00101101': 6, '01001101': 1, '01010101': 2, '00011011': 1, '01010011': 3, '00001001': 3, '00011000': 4, '01010010': 1, '00100000': 2, '00111110': 3, '00101010': 1, '01111000': 3, '01111010': 4, '00010111': 1, '01111001': 96, '01010100': 6, '01011101': 118, '01101101': 6, '00010000': 1, '01111101': 111, '00011001': 114, '00100101': 2, '01101000': 1, '01011110': 1, '00011111': 4, '01010110': 1, '00111011': 3, '01011001': 99, '00110110': 1, '01011111': 3, '00110101': 3, '01110101': 4, '00111101': 108, '01100101': 1, '00101001': 2, '00111111': 2}","DensityMatrix([[ 1.76981832e-04+5.80292393e-20j,
                -1.66801437e-08+1.99135566e-07j,
                 2.73261498e-07-2.26420152e-07j, ...,
                 0.00000000e+00+0.00000000e+00j,
                 0.00000000e+00+0.00000000e+00j,
                 0.00000000e+00+0.00000000e+00j],
               [-1.66801437e-08-1.99135566e-07j,
                 4.33534680e-06+1.97701083e-20j,
                 1.20876089e-09-4.95990994e-10j, ...,
                 0.00000000e+00+0.00000000e+00j,
                 0.00000000e+00+0.00000000e+00j,
                 0.00000000e+00+0.00000000e+00j],
               [ 2.73261498e-07+2.26420152e-07j,
                 1.20876089e-09+4.95990994e-10j,
                 3.43244285e-06+3.38351468e-20j, ...,
                 0.00000000e+00+0.00000000e+00j,
                 0.00000000e+00+0.00000000e+00j,
                 0.00000000e+00+0.00000000e+00j],
               ...,
               [ 0.00000000e+00+0.00000000e+00j,
                 0.00000000e+00+0.00000000e+00j,
                 0.00000000e+00+0.00000000e+00j, ...,
                 1.08951100e-01-6.60293067e-18j,
                 8.26669532e-06-6.27565697e-07j,
                -2.16169050e-05-5.27557076e-05j],
               [ 0.00000000e+00+0.00000000e+00j,
                 0.00000000e+00+0.00000000e+00j,
                 0.00000000e+00+0.00000000e+00j, ...,
                 8.26669532e-06+6.27565697e-07j,
                 6.46627578e-04-1.61500382e-18j,
                -1.82883461e-07+3.16521882e-07j],
               [ 0.00000000e+00+0.00000000e+00j,
                 0.00000000e+00+0.00000000e+00j,
                 0.00000000e+00+0.00000000e+00j, ...,
                -2.16169050e-05+5.27557076e-05j,
                -1.82883461e-07-3.16521882e-07j,
                 4.31003223e-04+3.34437655e-18j]],
              dims=(2, 2, 2, 2, 2, 2, 2, 2))"
data/selected_mutant_qc/mutants_qpeexact_8/qpeexact_8_Mutant_Replace_cx_P41_Q6_[].qasm,PureState_1,"{'01111100': 9, '00111100': 18, '00001000': 15, '00101000': 106, '01011000': 130, '01001000': 19, '00001100': 18, '01011100': 93, '01001100': 16, '00111000': 23, '00011000': 101, '01101100': 103, '01101000': 108, '01111000': 28, '00011100': 117, '00101100': 120}","DensityMatrix([[ 1.83321675e-34+0.00000000e+00j,
                -1.08739891e-35+1.14622138e-36j,
                 3.16505335e-35+1.17636750e-34j, ...,
                 0.00000000e+00+0.00000000e+00j,
                 0.00000000e+00+0.00000000e+00j,
                 0.00000000e+00+0.00000000e+00j],
               [-1.08739891e-35-1.14622138e-36j,
                 6.52173092e-37+0.00000000e+00j,
                -1.14187152e-36-7.17568863e-36j, ...,
                 0.00000000e+00-0.00000000e+00j,
                 0.00000000e+00-0.00000000e+00j,
                 0.00000000e+00-0.00000000e+00j],
               [ 3.16505335e-35-1.17636750e-34j,
                -1.14187152e-36+7.17568863e-36j,
                 8.09514813e-35+0.00000000e+00j, ...,
                 0.00000000e+00+0.00000000e+00j,
                 0.00000000e+00+0.00000000e+00j,
                 0.00000000e+00+0.00000000e+00j],
               ...,
               [ 0.00000000e+00-0.00000000e+00j,
                 0.00000000e+00+0.00000000e+00j,
                 0.00000000e+00+0.00000000e+00j, ...,
                 0.00000000e+00+0.00000000e+00j,
                 0.00000000e+00+0.00000000e+00j,
                 0.00000000e+00+0.00000000e+00j],
               [ 0.00000000e+00-0.00000000e+00j,
                 0.00000000e+00+0.00000000e+00j,
                 0.00000000e+00+0.00000000e+00j, ...,
                 0.00000000e+00+0.00000000e+00j,
                 0.00000000e+00+0.00000000e+00j,
                 0.00000000e+00+0.00000000e+00j],
               [ 0.00000000e+00-0.00000000e+00j,
                 0.00000000e+00+0.00000000e+00j,
                 0.00000000e+00+0.00000000e+00j, ...,
                 0.00000000e+00+0.00000000e+00j,
                 0.00000000e+00+0.00000000e+00j,
                 0.00000000e+00+0.00000000e+00j]],
              dims=(2, 2, 2, 2, 2, 2, 2, 2))","{'00110101': 1, '01111110': 1, '01000100': 1, '00100011': 2, '01101010': 1, '01110111': 1, '01010101': 2, '01110001': 1, '01101111': 1, '00010000': 1, '00100110': 1, '01000111': 1, '01110101': 2, '01101110': 1, '01011110': 2, '00100010': 1, '01010010': 1, '00100000': 3, '01010111': 1, '01011010': 1, '00010010': 1, '00101001': 2, '00001101': 1, '01100100': 5, '01010100': 3, '01011101': 5, '00010110': 2, '00010111': 3, '00010001': 1, '01001111': 1, '00110100': 3, '01101101': 5, '00101110': 5, '00010011': 4, '01001001': 2, '00001001': 1, '01010011': 1, '00001011': 1, '00011001': 2, '01111101': 1, '00110000': 2, '01101001': 6, '00101101': 2, '01011100': 87, '00110011': 2, '00001000': 23, '01010000': 5, '00111100': 27, '00100101': 2, '00000001': 1, '01101000': 80, '01100111': 2, '01111001': 1, '00100001': 1, '01101100': 91, '00111001': 1, '00011110': 1, '01001100': 23, '01011001': 1, '00100100': 5, '01100000': 1, '01110010': 1, '00101100': 99, '00100111': 2, '00101010': 1, '01111000': 30, '00101000': 99, '00001100': 17, '00011000': 72, '01110100': 2, '01011000': 94, '01100101': 3, '01001000': 17, '00011100': 88, '00011101': 1, '00110001': 2, '00000000': 2, '00000101': 1, '00111000': 29, '00111101': 2, '01110011': 2, '01111100': 21}","DensityMatrix([[ 1.14929107e-04+5.29759065e-18j,
                -1.33965011e-08+1.97788128e-07j,
                -7.35881720e-07+4.38497586e-08j, ...,
                 0.00000000e+00+0.00000000e+00j,
                 0.00000000e+00+0.00000000e+00j,
                 0.00000000e+00+0.00000000e+00j],
               [-1.33965011e-08-1.97788128e-07j,
                 1.18001906e-05+1.81957892e-19j,
                -2.41811452e-09-6.93889248e-08j, ...,
                 0.00000000e+00+0.00000000e+00j,
                 0.00000000e+00+0.00000000e+00j,
                 0.00000000e+00+0.00000000e+00j],
               [-7.35881720e-07-4.38497586e-08j,
                -2.41811452e-09+6.93889248e-08j,
                 4.60240108e-05-2.72548646e-18j, ...,
                 0.00000000e+00+0.00000000e+00j,
                 0.00000000e+00+0.00000000e+00j,
                 0.00000000e+00+0.00000000e+00j],
               ...,
               [ 0.00000000e+00+0.00000000e+00j,
                 0.00000000e+00+0.00000000e+00j,
                 0.00000000e+00+0.00000000e+00j, ...,
                 1.99291277e-04+6.18962051e-21j,
                 3.37113800e-09-1.74646153e-08j,
                 2.07249875e-05-3.11384457e-07j],
               [ 0.00000000e+00+0.00000000e+00j,
                 0.00000000e+00+0.00000000e+00j,
                 0.00000000e+00+0.00000000e+00j, ...,
                 3.37113800e-09+1.74646153e-08j,
                 3.25238394e-06+1.23906374e-19j,
                -2.37768177e-09+6.23739294e-09j],
               [ 0.00000000e+00+0.00000000e+00j,
                 0.00000000e+00+0.00000000e+00j,
                 0.00000000e+00+0.00000000e+00j, ...,
                 2.07249875e-05+3.11384457e-07j,
                -2.37768177e-09-6.23739294e-09j,
                 9.83449659e-06-1.93256933e-20j]],
              dims=(2, 2, 2, 2, 2, 2, 2, 2))"
data/selected_mutant_qc/mutants_qpeexact_8/qpeexact_8_Mutant_Replace_cx_P41_Q6_[].qasm,PureState_2,"{'01111011': 1, '00000011': 1, '00001111': 4, '00111101': 1, '01110101': 3, '01111111': 1, '00101001': 4, '00000111': 1, '01110011': 4, '00011011': 48, '01010011': 2, '00001001': 3, '00001011': 1, '00101101': 4, '00110011': 1, '01011111': 43, '01001011': 3, '01011101': 64, '01000101': 1, '01100101': 58, '01101011': 5, '01110111': 2, '01010101': 5, '00101111': 5, '01101101': 7, '01101111': 4, '01000111': 3, '00111001': 1, '00100001': 35, '01010001': 7, '00010111': 8, '00010001': 4, '01110001': 1, '00101011': 7, '00111011': 1, '00000001': 2, '01100111': 72, '00100101': 31, '01011011': 31, '00011101': 73, '00110001': 2, '00000101': 1, '00010101': 8, '01111101': 4, '00011001': 73, '00110111': 2, '01001001': 1, '00010011': 3, '01100011': 68, '00011111': 47, '01100001': 41, '01011001': 63, '00100111': 62, '00111111': 2, '01010111': 5, '01001111': 3, '01111001': 5, '01001101': 4, '00001101': 7, '01101001': 4, '00100011': 67}","DensityMatrix([[ 1.52255808e-35+0.00000000e+00j,
                -1.76749749e-19-3.71000964e-21j,
                -6.48573485e-51+1.39419121e-51j, ...,
                 0.00000000e+00-0.00000000e+00j,
                 0.00000000e+00-0.00000000e+00j,
                 0.00000000e+00-0.00000000e+00j],
               [-1.76749749e-19+3.71000964e-21j,
                 2.05274520e-03+0.00000000e+00j,
                 7.49514622e-35-1.77651736e-35j, ...,
                 0.00000000e+00+0.00000000e+00j,
                 0.00000000e+00+0.00000000e+00j,
                 0.00000000e+00+0.00000000e+00j],
               [-6.48573485e-51-1.39419121e-51j,
                 7.49514622e-35+1.77651736e-35j,
                 2.89043330e-66+0.00000000e+00j, ...,
                 0.00000000e+00+0.00000000e+00j,
                 0.00000000e+00+0.00000000e+00j,
                 0.00000000e+00+0.00000000e+00j],
               ...,
               [ 0.00000000e+00+0.00000000e+00j,
                 0.00000000e+00-0.00000000e+00j,
                 0.00000000e+00-0.00000000e+00j, ...,
                 0.00000000e+00+0.00000000e+00j,
                 0.00000000e+00+0.00000000e+00j,
                 0.00000000e+00+0.00000000e+00j],
               [ 0.00000000e+00+0.00000000e+00j,
                 0.00000000e+00-0.00000000e+00j,
                 0.00000000e+00-0.00000000e+00j, ...,
                 0.00000000e+00+0.00000000e+00j,
                 0.00000000e+00+0.00000000e+00j,
                 0.00000000e+00+0.00000000e+00j],
               [ 0.00000000e+00+0.00000000e+00j,
                 0.00000000e+00-0.00000000e+00j,
                 0.00000000e+00-0.00000000e+00j, ...,
                 0.00000000e+00+0.00000000e+00j,
                 0.00000000e+00+0.00000000e+00j,
                 0.00000000e+00+0.00000000e+00j]],
              dims=(2, 2, 2, 2, 2, 2, 2, 2))","{'00010100': 1, '01000100': 1, '01111000': 1, '00111011': 3, '00100010': 2, '01101001': 2, '00110000': 2, '01111111': 3, '01010000': 1, '00001000': 2, '01100110': 2, '00011010': 3, '00001111': 2, '01000001': 4, '01000010': 1, '01000111': 4, '01110110': 1, '00100000': 2, '01011000': 5, '01100000': 3, '00100100': 7, '01110101': 4, '00010101': 5, '00100110': 4, '00111101': 6, '00101000': 3, '01110001': 2, '00101011': 9, '01101000': 3, '01100111': 50, '00100101': 19, '00000001': 7, '01100010': 2, '00100111': 55, '01100100': 2, '00001101': 5, '01000011': 6, '00000101': 6, '00011101': 56, '00110001': 4, '01011011': 32, '00110100': 1, '01001111': 3, '01100101': 48, '01101011': 12, '00101111': 4, '00011100': 6, '01010011': 4, '00001011': 6, '00011011': 48, '00001001': 3, '01110111': 3, '01010101': 9, '00111111': 4, '01010111': 4, '00110111': 1, '01111101': 5, '00011001': 56, '01110100': 1, '01100011': 44, '01101100': 1, '01010001': 4, '00111001': 10, '00100001': 40, '01101111': 10, '01011001': 62, '00011000': 6, '00101101': 3, '00110011': 2, '01011100': 8, '00110110': 1, '01001011': 3, '01011111': 27, '00010011': 11, '00000100': 2, '01100001': 31, '00101110': 1, '01101101': 6, '01001101': 4, '01001000': 3, '01111011': 7, '01110011': 3, '00000111': 6, '01000101': 1, '01011101': 61, '01111001': 6, '00101001': 4, '01001100': 1, '00000011': 6, '00010111': 4, '00010001': 3, '00010110': 1, '00100011': 55, '01011110': 2, '00011111': 35}","DensityMatrix([[ 9.55952281e-05-1.95535988e-18j,
                -4.58342850e-07+5.44024595e-06j,
                 2.33761812e-05+3.38321126e-08j, ...,
                 0.00000000e+00+0.00000000e+00j,
                 0.00000000e+00+0.00000000e+00j,
                 0.00000000e+00+0.00000000e+00j],
               [-4.58342850e-07-5.44024595e-06j,
                 2.67924397e-03-2.63847098e-18j,
                -3.97966495e-07-1.09176321e-06j, ...,
                 0.00000000e+00+0.00000000e+00j,
                 0.00000000e+00+0.00000000e+00j,
                 0.00000000e+00+0.00000000e+00j],
               [ 2.33761812e-05-3.38321126e-08j,
                -3.97966495e-07+1.09176321e-06j,
                 6.48826023e-05+5.87204329e-19j, ...,
                 0.00000000e+00+0.00000000e+00j,
                 0.00000000e+00+0.00000000e+00j,
                 0.00000000e+00+0.00000000e+00j],
               ...,
               [ 0.00000000e+00+0.00000000e+00j,
                 0.00000000e+00+0.00000000e+00j,
                 0.00000000e+00+0.00000000e+00j, ...,
                 4.47361584e-05+5.79816486e-20j,
                 1.55207958e-08-5.73172768e-09j,
                 3.77664739e-05-4.54087099e-06j],
               [ 0.00000000e+00+0.00000000e+00j,
                 0.00000000e+00+0.00000000e+00j,
                 0.00000000e+00+0.00000000e+00j, ...,
                 1.55207958e-08+5.73172768e-09j,
                 5.50551893e-05+8.62782484e-20j,
                -1.18639557e-08+3.81678795e-08j],
               [ 0.00000000e+00+0.00000000e+00j,
                 0.00000000e+00+0.00000000e+00j,
                 0.00000000e+00+0.00000000e+00j, ...,
                 3.77664739e-05+4.54087099e-06j,
                -1.18639557e-08-3.81678795e-08j,
                 4.30702768e-05+1.25120388e-19j]],
              dims=(2, 2, 2, 2, 2, 2, 2, 2))"
data/selected_mutant_qc/mutants_qpeexact_8/qpeexact_8_Mutant_Replace_cx_P41_Q6_[].qasm,PureState_3,"{'01101101': 1, '01101011': 1, '00011011': 1, '00001001': 2, '00001101': 2, '00010111': 2, '01000111': 3, '00110111': 2, '00010011': 1, '00111011': 63, '00100101': 2, '00011101': 1, '01000101': 85, '00001111': 2, '01110101': 2, '01111111': 155, '01110011': 2, '00111101': 4, '00010001': 2, '00101011': 1, '01000011': 1, '00001011': 7, '01100111': 1, '01111001': 28, '00111001': 7, '00000001': 151, '00000011': 21, '01101001': 1, '00100011': 1, '01110111': 4, '00111111': 78, '01111101': 28, '00000111': 25, '01111011': 142, '01100101': 1, '01000001': 57, '00100001': 1, '00000101': 136}","DensityMatrix([[ 9.37349864e-34+0.00000000e+00j,
                -1.16685640e-17+8.62470099e-19j,
                 4.27030652e-50-4.35955029e-50j, ...,
                 0.00000000e+00+0.00000000e+00j,
                 0.00000000e+00+0.00000000e+00j,
                 0.00000000e+00+0.00000000e+00j],
               [-1.16685640e-17-8.62470099e-19j,
                 1.46049245e-01+0.00000000e+00j,
                -5.71700373e-34+5.03405203e-34j, ...,
                 0.00000000e+00-0.00000000e+00j,
                 0.00000000e+00-0.00000000e+00j,
                 0.00000000e+00-0.00000000e+00j],
               [ 4.27030652e-50+4.35955029e-50j,
                -5.71700373e-34-5.03405203e-34j,
                 3.97303055e-66+0.00000000e+00j, ...,
                 0.00000000e+00+0.00000000e+00j,
                 0.00000000e+00+0.00000000e+00j,
                 0.00000000e+00+0.00000000e+00j],
               ...,
               [ 0.00000000e+00+0.00000000e+00j,
                 0.00000000e+00+0.00000000e+00j,
                 0.00000000e+00-0.00000000e+00j, ...,
                 0.00000000e+00+0.00000000e+00j,
                 0.00000000e+00+0.00000000e+00j,
                 0.00000000e+00+0.00000000e+00j],
               [ 0.00000000e+00+0.00000000e+00j,
                 0.00000000e+00+0.00000000e+00j,
                 0.00000000e+00-0.00000000e+00j, ...,
                 0.00000000e+00+0.00000000e+00j,
                 0.00000000e+00+0.00000000e+00j,
                 0.00000000e+00+0.00000000e+00j],
               [ 0.00000000e+00+0.00000000e+00j,
                 0.00000000e+00+0.00000000e+00j,
                 0.00000000e+00-0.00000000e+00j, ...,
                 0.00000000e+00+0.00000000e+00j,
                 0.00000000e+00+0.00000000e+00j,
                 0.00000000e+00+0.00000000e+00j]],
              dims=(2, 2, 2, 2, 2, 2, 2, 2))","{'00010000': 1, '01101101': 1, '01000010': 1, '00101111': 1, '00000010': 2, '00010101': 3, '01101111': 3, '00011111': 5, '00010010': 2, '01111000': 1, '01101110': 1, '01111110': 1, '00100011': 3, '00101101': 1, '00110011': 4, '01001101': 2, '01010101': 2, '01110111': 8, '00110101': 2, '00001111': 3, '01010100': 1, '01000101': 61, '01011101': 2, '01110001': 5, '00101011': 3, '00010111': 4, '00010001': 6, '00101000': 2, '00001100': 3, '01010001': 3, '00111001': 5, '00100001': 8, '00011011': 5, '00001011': 3, '00001001': 10, '00101100': 1, '00100111': 1, '00011101': 1, '01000011': 2, '00110001': 4, '00000101': 104, '01011011': 4, '00000000': 10, '00010011': 1, '01001001': 4, '01111010': 4, '00001101': 10, '01001011': 1, '00110110': 1, '01011111': 7, '00000100': 15, '01100001': 5, '00111110': 1, '01110110': 2, '01111001': 26, '00110111': 1, '00011001': 1, '01111101': 30, '01110101': 8, '00000111': 17, '01110011': 4, '00111101': 6, '00111100': 1, '01111111': 110, '01000111': 3, '01000000': 9, '01100101': 9, '01101010': 1, '01000001': 57, '01001110': 1, '00000011': 25, '01001100': 1, '01011001': 2, '00010100': 1, '01111011': 116, '01000100': 6, '01101000': 1, '01100111': 3, '00000001': 130, '00100101': 7, '00111011': 51, '00111111': 47, '01001000': 2, '00000110': 2}","DensityMatrix([[ 3.60636807e-03-1.62770831e-18j,
                -1.49069966e-06+2.85458709e-04j,
                 2.74985066e-04-3.56461320e-05j, ...,
                 0.00000000e+00+0.00000000e+00j,
                 0.00000000e+00+0.00000000e+00j,
                 0.00000000e+00+0.00000000e+00j],
               [-1.49069966e-06-2.85458709e-04j,
                 1.26576390e-01+3.18518472e-18j,
                -1.91681839e-05-3.10859890e-05j, ...,
                 0.00000000e+00+0.00000000e+00j,
                 0.00000000e+00+0.00000000e+00j,
                 0.00000000e+00+0.00000000e+00j],
               [ 2.74985066e-04+3.56461320e-05j,
                -1.91681839e-05+3.10859890e-05j,
                 1.29324348e-03-2.08365142e-19j, ...,
                 0.00000000e+00+0.00000000e+00j,
                 0.00000000e+00+0.00000000e+00j,
                 0.00000000e+00+0.00000000e+00j],
               ...,
               [ 0.00000000e+00+0.00000000e+00j,
                 0.00000000e+00+0.00000000e+00j,
                 0.00000000e+00+0.00000000e+00j, ...,
                 3.64105739e-04-7.62802287e-20j,
                 1.43577166e-08-4.00449774e-07j,
                 7.91599105e-04-5.22638413e-05j],
               [ 0.00000000e+00+0.00000000e+00j,
                 0.00000000e+00+0.00000000e+00j,
                 0.00000000e+00+0.00000000e+00j, ...,
                 1.43577166e-08+4.00449774e-07j,
                 8.70860477e-04+1.01021033e-19j,
                -2.96826206e-07+1.30530253e-06j],
               [ 0.00000000e+00+0.00000000e+00j,
                 0.00000000e+00+0.00000000e+00j,
                 0.00000000e+00+0.00000000e+00j, ...,
                 7.91599105e-04+5.22638413e-05j,
                -2.96826206e-07-1.30530253e-06j,
                 2.06012495e-03-2.06224435e-19j]],
              dims=(2, 2, 2, 2, 2, 2, 2, 2))"
data/selected_mutant_qc/mutants_qpeexact_8/qpeexact_8_Mutant_Replace_cx_P41_Q6_[].qasm,PureState_4,"{'01110000': 1, '00101100': 1, '00101010': 1, '00110100': 3, '01100000': 2, '00101000': 4, '00010100': 1, '01010110': 3, '00100010': 4, '01101110': 3, '00100000': 5, '01110110': 22, '01100110': 3, '00100110': 3, '00100100': 7, '01011100': 65, '00011000': 26, '01111110': 58, '00111100': 81, '00111110': 41, '00111010': 36, '00010110': 3, '01111100': 39, '01101100': 2, '00110000': 3, '01011010': 37, '01100100': 3, '00110010': 6, '00011010': 84, '01010010': 2, '00111000': 77, '00011100': 44, '00110110': 4, '01111010': 53, '00000110': 1, '01011110': 49, '00011110': 64, '00000000': 1, '01101010': 3, '00010000': 5, '01010000': 2, '01110100': 5, '01011000': 106, '01110010': 12, '01111000': 44, '00010010': 5}","DensityMatrix([[ 0.00000000e+00+0.00000000e+00j,
                 0.00000000e+00+0.00000000e+00j,
                 0.00000000e+00+0.00000000e+00j, ...,
                 0.00000000e+00-0.00000000e+00j,
                -0.00000000e+00+0.00000000e+00j,
                -0.00000000e+00+0.00000000e+00j],
               [ 0.00000000e+00+0.00000000e+00j,
                 0.00000000e+00+0.00000000e+00j,
                 0.00000000e+00+0.00000000e+00j, ...,
                 0.00000000e+00-0.00000000e+00j,
                -0.00000000e+00+0.00000000e+00j,
                -0.00000000e+00+0.00000000e+00j],
               [ 0.00000000e+00+0.00000000e+00j,
                 0.00000000e+00+0.00000000e+00j,
                 0.00000000e+00+0.00000000e+00j, ...,
                 0.00000000e+00-0.00000000e+00j,
                -0.00000000e+00+0.00000000e+00j,
                -0.00000000e+00+0.00000000e+00j],
               ...,
               [ 0.00000000e+00+0.00000000e+00j,
                 0.00000000e+00+0.00000000e+00j,
                 0.00000000e+00+0.00000000e+00j, ...,
                 4.86935901e-33+0.00000000e+00j,
                -8.06483124e-18-1.49929710e-17j,
                -3.24124413e-34-1.07368708e-33j],
               [-0.00000000e+00+0.00000000e+00j,
                -0.00000000e+00+0.00000000e+00j,
                -0.00000000e+00+0.00000000e+00j, ...,
                -8.06483124e-18+1.49929710e-17j,
                 5.95213210e-02+0.00000000e+00j,
                 3.84275793e-18+7.80291042e-19j],
               [-0.00000000e+00+0.00000000e+00j,
                -0.00000000e+00+0.00000000e+00j,
                -0.00000000e+00+0.00000000e+00j, ...,
                -3.24124413e-34+1.07368708e-33j,
                 3.84275793e-18-7.80291042e-19j,
                 2.58321595e-34+0.00000000e+00j]],
              dims=(2, 2, 2, 2, 2, 2, 2, 2))","{'00010101': 1, '01100000': 1, '00100100': 3, '00011001': 1, '01110101': 1, '01010011': 1, '00011011': 1, '01110011': 1, '01100100': 2, '00001111': 1, '00000110': 1, '01000100': 1, '00000100': 1, '01101111': 3, '00100011': 2, '01010101': 1, '00110100': 4, '01111011': 1, '00001010': 1, '00010011': 2, '00010100': 2, '01110001': 2, '00110010': 3, '00101011': 1, '00001100': 1, '00101000': 5, '00111011': 3, '01100010': 4, '00100111': 1, '00101100': 7, '00101110': 5, '01001011': 1, '01011111': 2, '00110110': 6, '01111000': 45, '00101010': 5, '00010000': 1, '00100110': 6, '01010100': 2, '00100010': 6, '01101110': 7, '00011000': 29, '00101101': 1, '00110011': 1, '01011100': 63, '01011011': 1, '00000000': 2, '00110001': 2, '00011101': 6, '00000001': 1, '01101000': 6, '01001000': 2, '00011111': 1, '01010110': 4, '01011110': 53, '00010111': 2, '00010001': 3, '00010110': 14, '01010000': 1, '01111111': 3, '00111100': 75, '00111010': 34, '01010010': 1, '00100000': 7, '01110110': 6, '00111110': 31, '01111001': 7, '01011010': 31, '00010010': 5, '01011001': 6, '01001100': 3, '01111010': 37, '01000010': 1, '01111110': 50, '01110000': 7, '01110010': 17, '01101010': 3, '00111101': 1, '01111100': 49, '01110100': 5, '01011000': 67, '00111000': 59, '01100110': 3, '00011010': 58, '00111001': 2, '01101100': 5, '00110000': 5, '00001110': 1, '00011110': 75, '00101111': 1, '00011100': 32}","DensityMatrix([[ 1.10807384e-05+2.77771639e-20j,
                -4.60875970e-10+1.67365944e-07j,
                 3.58288519e-06-5.07275370e-08j, ...,
                 0.00000000e+00+0.00000000e+00j,
                 0.00000000e+00+0.00000000e+00j,
                 0.00000000e+00+0.00000000e+00j],
               [-4.60875970e-10-1.67365944e-07j,
                 6.33626236e-05+6.94251493e-20j,
                -8.14581660e-09-9.00262921e-09j, ...,
                 0.00000000e+00+0.00000000e+00j,
                 0.00000000e+00+0.00000000e+00j,
                 0.00000000e+00+0.00000000e+00j],
               [ 3.58288519e-06+5.07275370e-08j,
                -8.14581660e-09+9.00262921e-09j,
                 5.04816970e-06-6.38642272e-20j, ...,
                 0.00000000e+00+0.00000000e+00j,
                 0.00000000e+00+0.00000000e+00j,
                 0.00000000e+00+0.00000000e+00j],
               ...,
               [ 0.00000000e+00+0.00000000e+00j,
                 0.00000000e+00+0.00000000e+00j,
                 0.00000000e+00+0.00000000e+00j, ...,
                 1.66718451e-03+1.43111349e-19j,
                 1.75349717e-05+1.24268639e-05j,
                -6.21520475e-05-7.46729922e-05j],
               [ 0.00000000e+00+0.00000000e+00j,
                 0.00000000e+00+0.00000000e+00j,
                 0.00000000e+00+0.00000000e+00j, ...,
                 1.75349717e-05-1.24268639e-05j,
                 5.24538931e-02+1.70256447e-18j,
                -4.90217029e-06+1.62046922e-05j],
               [ 0.00000000e+00+0.00000000e+00j,
                 0.00000000e+00+0.00000000e+00j,
                 0.00000000e+00+0.00000000e+00j, ...,
                -6.21520475e-05+7.46729922e-05j,
                -4.90217029e-06-1.62046922e-05j,
                 4.84478872e-04+1.35112325e-18j]],
              dims=(2, 2, 2, 2, 2, 2, 2, 2))"
data/selected_mutant_qc/mutants_qpeexact_8/qpeexact_8_Mutant_Replace_cx_P41_Q6_[].qasm,PureState_5,"{'01100110': 4, '00101010': 6, '01101010': 9, '00001010': 18, '01111110': 18, '00011110': 8, '00101110': 7, '01010010': 10, '00000010': 15, '00011010': 4, '00110010': 23, '01011010': 6, '01011110': 2, '01000110': 165, '00000110': 28, '00010010': 3, '01100010': 10, '00100010': 7, '01101110': 11, '01110010': 21, '00111110': 168, '01001110': 30, '01110110': 15, '01111010': 19, '01000010': 164, '01010110': 9, '00001110': 19, '00100110': 3, '01001010': 48, '00110110': 34, '00010110': 10, '00111010': 130}","DensityMatrix([[ 7.93613544e-34+0.00000000e+00j,
                 3.50704943e-34-6.16617232e-35j,
                -3.51918061e-18+9.20399939e-19j, ...,
                 0.00000000e+00+0.00000000e+00j,
                 0.00000000e+00+0.00000000e+00j,
                 0.00000000e+00+0.00000000e+00j],
               [ 3.50704943e-34+6.16617232e-35j,
                 1.59770617e-34+0.00000000e+00j,
                -1.62667017e-18+1.33301742e-19j, ...,
                 0.00000000e+00+0.00000000e+00j,
                 0.00000000e+00+0.00000000e+00j,
                 0.00000000e+00+0.00000000e+00j],
               [-3.51918061e-18-9.20399939e-19j,
                -1.62667017e-18-1.33301742e-19j,
                 1.66728105e-02+0.00000000e+00j, ...,
                 0.00000000e+00-0.00000000e+00j,
                 0.00000000e+00-0.00000000e+00j,
                 0.00000000e+00-0.00000000e+00j],
               ...,
               [ 0.00000000e+00-0.00000000e+00j,
                 0.00000000e+00-0.00000000e+00j,
                 0.00000000e+00+0.00000000e+00j, ...,
                 0.00000000e+00+0.00000000e+00j,
                 0.00000000e+00+0.00000000e+00j,
                 0.00000000e+00+0.00000000e+00j],
               [ 0.00000000e+00-0.00000000e+00j,
                 0.00000000e+00-0.00000000e+00j,
                 0.00000000e+00+0.00000000e+00j, ...,
                 0.00000000e+00+0.00000000e+00j,
                 0.00000000e+00+0.00000000e+00j,
                 0.00000000e+00+0.00000000e+00j],
               [ 0.00000000e+00-0.00000000e+00j,
                 0.00000000e+00-0.00000000e+00j,
                 0.00000000e+00+0.00000000e+00j, ...,
                 0.00000000e+00+0.00000000e+00j,
                 0.00000000e+00+0.00000000e+00j,
                 0.00000000e+00+0.00000000e+00j]],
              dims=(2, 2, 2, 2, 2, 2, 2, 2))","{'01000000': 1, '00110100': 1, '01111100': 1, '00110000': 1, '01100011': 1, '01000111': 4, '01000100': 2, '01110111': 1, '01111001': 1, '00101111': 1, '01000101': 2, '00110111': 2, '00111001': 1, '01101100': 1, '01010001': 1, '00000111': 2, '00100100': 1, '00011000': 1, '00001101': 1, '00001010': 21, '01111011': 3, '00111011': 3, '01000001': 1, '01001010': 37, '01101010': 7, '00110011': 1, '01010111': 1, '00111111': 2, '00101110': 8, '01111000': 1, '00101010': 9, '01010011': 1, '00001011': 2, '00000101': 1, '00000000': 3, '01000011': 2, '00111101': 4, '00001100': 1, '00011010': 12, '01100110': 11, '01110010': 11, '00100010': 6, '01101110': 15, '00010010': 7, '01011010': 11, '01001000': 1, '01000110': 145, '01010110': 8, '01011110': 6, '00000110': 25, '01001011': 1, '01011111': 2, '00110110': 30, '00110101': 1, '00001111': 1, '00100110': 6, '01001001': 1, '00011110': 11, '00010110': 11, '00001000': 1, '00111100': 1, '01111111': 2, '00111010': 110, '00111110': 128, '01110110': 21, '01010010': 12, '00111000': 2, '00000010': 19, '00110010': 29, '01111110': 29, '00100111': 1, '01100010': 15, '01000010': 129, '01111010': 23, '00001110': 16, '01001100': 1, '00000011': 1, '01001110': 28}","DensityMatrix([[ 9.95755471e-04-2.53369637e-18j,
                -1.76465504e-07+8.17940021e-07j,
                -3.94845809e-07-1.37097411e-05j, ...,
                 0.00000000e+00+0.00000000e+00j,
                 0.00000000e+00+0.00000000e+00j,
                 0.00000000e+00+0.00000000e+00j],
               [-1.76465504e-07-8.17940021e-07j,
                 7.80273493e-04+1.71192412e-19j,
                 2.91892756e-06+3.14951766e-05j, ...,
                 0.00000000e+00+0.00000000e+00j,
                 0.00000000e+00+0.00000000e+00j,
                 0.00000000e+00+0.00000000e+00j],
               [-3.94845809e-07+1.37097411e-05j,
                 2.91892756e-06-3.14951766e-05j,
                 1.75619075e-02+4.48086971e-18j, ...,
                 0.00000000e+00+0.00000000e+00j,
                 0.00000000e+00+0.00000000e+00j,
                 0.00000000e+00+0.00000000e+00j],
               ...,
               [ 0.00000000e+00+0.00000000e+00j,
                 0.00000000e+00+0.00000000e+00j,
                 0.00000000e+00+0.00000000e+00j, ...,
                 1.36568556e-04+4.39189372e-20j,
                -1.11795489e-07-2.30203784e-07j,
                 2.08697593e-04-7.82670278e-05j],
               [ 0.00000000e+00+0.00000000e+00j,
                 0.00000000e+00+0.00000000e+00j,
                 0.00000000e+00+0.00000000e+00j, ...,
                -1.11795489e-07+2.30203784e-07j,
                 2.93435176e-04+3.45619632e-20j,
                -4.66259797e-07+1.04220543e-06j],
               [ 0.00000000e+00+0.00000000e+00j,
                 0.00000000e+00+0.00000000e+00j,
                 0.00000000e+00+0.00000000e+00j, ...,
                 2.08697593e-04+7.82670278e-05j,
                -4.66259797e-07-1.04220543e-06j,
                 1.53138083e-03+6.83532438e-20j]],
              dims=(2, 2, 2, 2, 2, 2, 2, 2))"
data/selected_mutant_qc/mutants_qpeexact_8/qpeexact_8_Mutant_Replace_cx_P41_Q6_[].qasm,PureState_6,"{'01011111': 23, '00000011': 19, '00000111': 15, '00111111': 27, '01011011': 28, '00111011': 35, '01111011': 96, '01110111': 65, '00011011': 69, '00010011': 137, '00001111': 13, '00011111': 59, '01111111': 117, '00010111': 133, '00001011': 16, '00110011': 28, '01101111': 1, '00110111': 30, '01001111': 1, '01010111': 40, '01010011': 22, '01110011': 50}","DensityMatrix([[ 0.00000000e+00+0.00000000e+00j,
                 0.00000000e+00+0.00000000e+00j,
                 0.00000000e+00+0.00000000e+00j, ...,
                 0.00000000e+00+0.00000000e+00j,
                 0.00000000e+00+0.00000000e+00j,
                -0.00000000e+00+0.00000000e+00j],
               [ 0.00000000e+00+0.00000000e+00j,
                 0.00000000e+00+0.00000000e+00j,
                 0.00000000e+00+0.00000000e+00j, ...,
                 0.00000000e+00+0.00000000e+00j,
                 0.00000000e+00+0.00000000e+00j,
                -0.00000000e+00+0.00000000e+00j],
               [ 0.00000000e+00+0.00000000e+00j,
                 0.00000000e+00+0.00000000e+00j,
                 0.00000000e+00+0.00000000e+00j, ...,
                 0.00000000e+00+0.00000000e+00j,
                 0.00000000e+00+0.00000000e+00j,
                -0.00000000e+00+0.00000000e+00j],
               ...,
               [ 0.00000000e+00+0.00000000e+00j,
                 0.00000000e+00+0.00000000e+00j,
                 0.00000000e+00+0.00000000e+00j, ...,
                 6.40092957e-35+0.00000000e+00j,
                 3.18338269e-34-3.09344265e-35j,
                -7.96852975e-19+2.58739958e-18j],
               [ 0.00000000e+00+0.00000000e+00j,
                 0.00000000e+00+0.00000000e+00j,
                 0.00000000e+00+0.00000000e+00j, ...,
                 3.18338269e-34+3.09344265e-35j,
                 1.59814588e-33+0.00000000e+00j,
                -5.21343838e-18+1.24828449e-17j],
               [-0.00000000e+00+0.00000000e+00j,
                -0.00000000e+00+0.00000000e+00j,
                -0.00000000e+00+0.00000000e+00j, ...,
                -7.96852975e-19-2.58739958e-18j,
                -5.21343838e-18-1.24828449e-17j,
                 1.14508544e-01+0.00000000e+00j]],
              dims=(2, 2, 2, 2, 2, 2, 2, 2))","{'01100111': 1, '01111100': 1, '00011110': 1, '01101011': 1, '01001000': 1, '01000010': 1, '00101110': 1, '01101110': 2, '01110010': 1, '01011101': 2, '01000101': 1, '00011010': 2, '01110101': 1, '00001101': 1, '00000010': 1, '00001110': 2, '01111001': 2, '00010100': 2, '00100011': 5, '01000111': 4, '00100111': 3, '01001110': 1, '00000011': 15, '01111000': 1, '00101010': 1, '00111110': 1, '01110110': 2, '01010010': 4, '00111000': 1, '00001111': 12, '00100010': 1, '00101111': 3, '01101010': 1, '01000001': 1, '00010110': 3, '00010111': 90, '00010001': 2, '00110010': 3, '00101011': 4, '01111110': 2, '01100011': 3, '01001011': 5, '00110110': 5, '01011111': 36, '00011101': 1, '00110001': 1, '01011011': 25, '01000011': 5, '00011011': 54, '01010011': 22, '00001011': 26, '00111100': 1, '01010000': 1, '00111010': 2, '01111111': 108, '00111101': 3, '00000111': 25, '01110011': 36, '00111011': 33, '01001111': 8, '01011000': 2, '00001010': 3, '01111011': 80, '01011110': 2, '00011111': 47, '01010110': 1, '00011001': 1, '01111101': 3, '00110111': 36, '00010011': 104, '01010111': 40, '00111111': 25, '01011100': 1, '00110011': 35, '00111001': 1, '00010010': 3, '01011010': 1, '01111010': 6, '01101111': 1, '01011001': 1, '01001101': 1, '01110111': 46}","DensityMatrix([[ 1.07688499e-04+7.03193972e-20j,
                -1.63333647e-08+4.76725934e-08j,
                 9.07781244e-05-8.15980925e-07j, ...,
                 0.00000000e+00+0.00000000e+00j,
                 0.00000000e+00+0.00000000e+00j,
                 0.00000000e+00+0.00000000e+00j],
               [-1.63333647e-08-4.76725934e-08j,
                 1.05242797e-05-4.34651461e-20j,
                -3.20940639e-08+5.33070990e-07j, ...,
                 0.00000000e+00+0.00000000e+00j,
                 0.00000000e+00+0.00000000e+00j,
                 0.00000000e+00+0.00000000e+00j],
               [ 9.07781244e-05+8.15980925e-07j,
                -3.20940639e-08-5.33070990e-07j,
                 7.47342576e-04+1.31783053e-19j, ...,
                 0.00000000e+00+0.00000000e+00j,
                 0.00000000e+00+0.00000000e+00j,
                 0.00000000e+00+0.00000000e+00j],
               ...,
               [ 0.00000000e+00+0.00000000e+00j,
                 0.00000000e+00+0.00000000e+00j,
                 0.00000000e+00+0.00000000e+00j, ...,
                 9.37638692e-04-4.70192163e-18j,
                -1.00001684e-06-3.30684298e-06j,
                -8.33846638e-05-6.88287852e-05j],
               [ 0.00000000e+00+0.00000000e+00j,
                 0.00000000e+00+0.00000000e+00j,
                 0.00000000e+00+0.00000000e+00j, ...,
                -1.00001684e-06+3.30684298e-06j,
                 1.37996186e-03+4.45891579e-18j,
                -2.86814627e-05+5.02005280e-05j],
               [ 0.00000000e+00+0.00000000e+00j,
                 0.00000000e+00+0.00000000e+00j,
                 0.00000000e+00+0.00000000e+00j, ...,
                -8.33846638e-05+6.88287852e-05j,
                -2.86814627e-05-5.02005280e-05j,
                 1.00245816e-01-1.60560156e-18j]],
              dims=(2, 2, 2, 2, 2, 2, 2, 2))"
data/selected_mutant_qc/mutants_qpeexact_8/qpeexact_8_Mutant_Replace_cx_P41_Q6_[].qasm,PureState_7,"{'00001111': 1, '00101011': 6, '01100011': 6, '00100111': 7, '00110011': 57, '00111111': 32, '01000011': 1, '00111011': 32, '01010111': 23, '00010111': 67, '01011011': 34, '01101011': 13, '01011111': 60, '01110111': 110, '00100011': 9, '00101111': 5, '00110111': 39, '01010011': 21, '00010011': 62, '01111111': 66, '01110011': 74, '01101111': 10, '01100111': 5, '00011111': 101, '00011011': 123, '00000111': 1, '01111011': 59}","DensityMatrix([[ 0.00000000e+00+0.00000000e+00j,
                 0.00000000e+00+0.00000000e+00j,
                 0.00000000e+00+0.00000000e+00j, ...,
                 0.00000000e+00+0.00000000e+00j,
                 0.00000000e+00+0.00000000e+00j,
                 0.00000000e+00-0.00000000e+00j],
               [ 0.00000000e+00+0.00000000e+00j,
                 0.00000000e+00+0.00000000e+00j,
                 0.00000000e+00+0.00000000e+00j, ...,
                 0.00000000e+00+0.00000000e+00j,
                 0.00000000e+00+0.00000000e+00j,
                 0.00000000e+00-0.00000000e+00j],
               [ 0.00000000e+00+0.00000000e+00j,
                 0.00000000e+00+0.00000000e+00j,
                 0.00000000e+00+0.00000000e+00j, ...,
                 0.00000000e+00+0.00000000e+00j,
                 0.00000000e+00+0.00000000e+00j,
                 0.00000000e+00-0.00000000e+00j],
               ...,
               [ 0.00000000e+00-0.00000000e+00j,
                 0.00000000e+00-0.00000000e+00j,
                 0.00000000e+00-0.00000000e+00j, ...,
                 1.25165330e-34+0.00000000e+00j,
                 4.37179350e-34-2.61524252e-35j,
                -8.25491809e-19+2.68700377e-18j],
               [ 0.00000000e+00-0.00000000e+00j,
                 0.00000000e+00-0.00000000e+00j,
                 0.00000000e+00-0.00000000e+00j, ...,
                 4.37179350e-34+2.61524252e-35j,
                 1.53245099e-33+0.00000000e+00j,
                -3.44472098e-18+9.21272648e-18j],
               [ 0.00000000e+00+0.00000000e+00j,
                 0.00000000e+00+0.00000000e+00j,
                 0.00000000e+00+0.00000000e+00j, ...,
                -8.25491809e-19-2.68700377e-18j,
                -3.44472098e-18-9.21272648e-18j,
                 6.31279125e-02+0.00000000e+00j]],
              dims=(2, 2, 2, 2, 2, 2, 2, 2))","{'01111010': 1, '00111001': 1, '00011110': 1, '00111101': 1, '01111100': 1, '00000011': 4, '01011000': 1, '01001111': 2, '01011001': 3, '01110010': 3, '01101110': 1, '01100101': 1, '01101011': 11, '01101101': 1, '00101110': 1, '00110101': 3, '00001111': 5, '01100001': 1, '01000111': 2, '00110000': 2, '00010010': 5, '01011010': 2, '00011010': 2, '00100010': 2, '01011101': 1, '00100000': 1, '01110110': 4, '01010010': 1, '00111110': 2, '00110111': 34, '00011001': 4, '01111101': 3, '01101111': 8, '01100010': 1, '00100111': 9, '01011011': 33, '01000011': 1, '00101111': 6, '00011100': 1, '01100111': 9, '00111111': 29, '01010111': 23, '01100011': 9, '00100110': 1, '00001011': 2, '00011011': 83, '01010011': 27, '00010011': 63, '01011100': 1, '00110011': 49, '01010110': 1, '00011111': 104, '01110101': 3, '00111100': 1, '01111111': 47, '00000111': 2, '01110011': 83, '00111011': 33, '00111000': 1, '00010110': 4, '00010111': 50, '00110110': 2, '01001011': 4, '01011111': 45, '00100011': 18, '01110111': 93, '00010101': 2, '01111011': 51, '01110001': 1, '00110010': 5, '00101011': 9, '01111110': 3}","DensityMatrix([[ 1.18641053e-05-9.42831611e-20j,
                -1.56598861e-09+5.18976725e-09j,
                 7.52592240e-06-6.83349827e-09j, ...,
                 0.00000000e+00+0.00000000e+00j,
                 0.00000000e+00+0.00000000e+00j,
                 0.00000000e+00+0.00000000e+00j],
               [-1.56598861e-09-5.18976725e-09j,
                 1.10380762e-06-4.59127415e-20j,
                -2.12401415e-09+5.85814018e-08j, ...,
                 0.00000000e+00+0.00000000e+00j,
                 0.00000000e+00+0.00000000e+00j,
                 0.00000000e+00+0.00000000e+00j],
               [ 7.52592240e-06+6.83349827e-09j,
                -2.12401415e-09-5.85814018e-08j,
                 8.04832686e-05-3.93997154e-20j, ...,
                 0.00000000e+00+0.00000000e+00j,
                 0.00000000e+00+0.00000000e+00j,
                 0.00000000e+00+0.00000000e+00j],
               ...,
               [ 0.00000000e+00+0.00000000e+00j,
                 0.00000000e+00+0.00000000e+00j,
                 0.00000000e+00+0.00000000e+00j, ...,
                 5.31955426e-04-5.05189638e-18j,
                -5.75953782e-07-1.59881667e-06j,
                -4.63919065e-05-3.17166347e-05j],
               [ 0.00000000e+00+0.00000000e+00j,
                 0.00000000e+00+0.00000000e+00j,
                 0.00000000e+00+0.00000000e+00j, ...,
                -5.75953782e-07+1.59881667e-06j,
                 7.75796686e-04-2.06246831e-18j,
                -1.56034228e-05+2.80307603e-05j],
               [ 0.00000000e+00+0.00000000e+00j,
                 0.00000000e+00+0.00000000e+00j,
                 0.00000000e+00+0.00000000e+00j, ...,
                -4.63919065e-05+3.17166347e-05j,
                -1.56034228e-05-2.80307603e-05j,
                 5.58854581e-02+2.32432558e-19j]],
              dims=(2, 2, 2, 2, 2, 2, 2, 2))"
data/selected_mutant_qc/mutants_qpeexact_8/qpeexact_8_Mutant_Replace_cx_P41_Q6_[].qasm,PureState_8,"{'01111100': 1, '00101110': 3, '01011000': 2, '01101110': 2, '01110100': 2, '01101000': 1, '01100000': 5, '00100100': 3, '00011110': 3, '00100000': 2, '00111110': 12, '01010010': 1, '01110110': 2, '00110100': 11, '01011010': 7, '00010010': 13, '01111000': 3, '00101010': 3, '00000100': 22, '00110000': 7, '00110010': 4, '01100100': 7, '00011010': 5, '01111110': 12, '01001110': 33, '01001100': 32, '01110010': 5, '01110000': 5, '00000010': 68, '00001110': 67, '01011110': 6, '01010110': 2, '01111010': 9, '01000010': 9, '00101000': 2, '00001100': 44, '00001000': 42, '01010000': 51, '00111010': 11, '00111100': 4, '00100110': 1, '00010000': 1, '01101010': 8, '01001010': 37, '00010110': 8, '00000000': 31, '01001000': 18, '00000110': 77, '00010100': 2, '01000110': 5, '01000100': 100, '01000000': 95, '01010100': 34, '00110110': 1, '00001010': 77, '00100010': 6}","DensityMatrix([[ 0.00000000e+00+0.00000000e+00j,
                 0.00000000e+00+0.00000000e+00j,
                 0.00000000e+00+0.00000000e+00j, ...,
                 0.00000000e+00+0.00000000e+00j,
                 0.00000000e+00+0.00000000e+00j,
                 0.00000000e+00-0.00000000e+00j],
               [ 0.00000000e+00+0.00000000e+00j,
                 0.00000000e+00+0.00000000e+00j,
                 0.00000000e+00+0.00000000e+00j, ...,
                 0.00000000e+00+0.00000000e+00j,
                 0.00000000e+00+0.00000000e+00j,
                 0.00000000e+00-0.00000000e+00j],
               [ 0.00000000e+00+0.00000000e+00j,
                 0.00000000e+00+0.00000000e+00j,
                 0.00000000e+00+0.00000000e+00j, ...,
                 0.00000000e+00+0.00000000e+00j,
                 0.00000000e+00+0.00000000e+00j,
                 0.00000000e+00-0.00000000e+00j],
               ...,
               [ 0.00000000e+00-0.00000000e+00j,
                 0.00000000e+00-0.00000000e+00j,
                 0.00000000e+00-0.00000000e+00j, ...,
                 1.80952619e-34+0.00000000e+00j,
                -8.12821342e-19-1.25992684e-18j,
                -6.57017092e-35+9.73997468e-36j],
               [ 0.00000000e+00+0.00000000e+00j,
                 0.00000000e+00+0.00000000e+00j,
                 0.00000000e+00+0.00000000e+00j, ...,
                -8.12821342e-19+1.25992684e-18j,
                 1.24236620e-02+0.00000000e+00j,
                 2.27308652e-19-5.01215218e-19j],
               [ 0.00000000e+00+0.00000000e+00j,
                 0.00000000e+00+0.00000000e+00j,
                 0.00000000e+00+0.00000000e+00j, ...,
                -6.57017092e-35-9.73997468e-36j,
                 2.27308652e-19+5.01215218e-19j,
                 2.43797616e-35+0.00000000e+00j]],
              dims=(2, 2, 2, 2, 2, 2, 2, 2))","{'01101100': 1, '00101001': 1, '01010101': 1, '00100011': 1, '00111011': 1, '01110101': 1, '01011100': 2, '01110001': 1, '00110010': 1, '00110000': 5, '01001011': 2, '01000111': 1, '00010011': 1, '01001001': 6, '01010011': 1, '00001011': 1, '00001001': 1, '01111000': 4, '00101010': 3, '00011000': 2, '01011000': 2, '01011110': 1, '01010110': 3, '00001111': 2, '01110011': 1, '00000111': 2, '01111001': 2, '01111110': 5, '00111111': 1, '01010111': 1, '01100000': 14, '00100100': 6, '00000000': 21, '00000101': 3, '01100100': 14, '00001101': 3, '01110000': 8, '01111111': 4, '00111100': 2, '00001000': 43, '01010000': 30, '00111010': 14, '00010001': 1, '00010110': 11, '00011100': 4, '01001101': 7, '00110100': 7, '00101110': 8, '01100110': 2, '00011010': 7, '00100101': 1, '01101000': 4, '00000001': 7, '01000001': 7, '01001010': 40, '01101010': 5, '00100110': 5, '00010000': 8, '01110110': 2, '00100000': 6, '00111110': 11, '01010010': 6, '00000010': 48, '00100010': 9, '01101110': 5, '01000101': 2, '01010100': 35, '00010100': 6, '01000110': 13, '00000110': 57, '01001000': 16, '01110100': 5, '01000100': 64, '00001110': 68, '00000011': 1, '01001100': 21, '01001110': 42, '01011010': 6, '00010010': 9, '00101100': 1, '01100010': 1, '01000000': 79, '00011110': 11, '00000100': 28, '00101000': 3, '00001100': 43, '01111011': 3, '00001010': 51, '01000010': 21, '01111010': 8}","DensityMatrix([[ 2.81043198e-04+3.64775294e-21j,
                -1.00230524e-06+4.60608728e-06j,
                -2.77622558e-04-1.31963022e-04j, ...,
                 0.00000000e+00+0.00000000e+00j,
                 0.00000000e+00+0.00000000e+00j,
                 0.00000000e+00+0.00000000e+00j],
               [-1.00230524e-06-4.60608728e-06j,
                 2.76560544e-03+7.25503651e-20j,
                -5.41814131e-08+6.01179093e-07j, ...,
                 0.00000000e+00+0.00000000e+00j,
                 0.00000000e+00+0.00000000e+00j,
                 0.00000000e+00+0.00000000e+00j],
               [-2.77622558e-04+1.31963022e-04j,
                -5.41814131e-08-6.01179093e-07j,
                 5.10504260e-04-3.24351427e-20j, ...,
                 0.00000000e+00+0.00000000e+00j,
                 0.00000000e+00+0.00000000e+00j,
                 0.00000000e+00+0.00000000e+00j],
               ...,
               [ 0.00000000e+00+0.00000000e+00j,
                 0.00000000e+00+0.00000000e+00j,
                 0.00000000e+00+0.00000000e+00j, ...,
                 2.06176350e-04-1.44107804e-18j,
                 3.81807631e-06+2.49495445e-06j,
                -2.13555523e-05-1.33078658e-05j],
               [ 0.00000000e+00+0.00000000e+00j,
                 0.00000000e+00+0.00000000e+00j,
                 0.00000000e+00+0.00000000e+00j, ...,
                 3.81807631e-06-2.49495445e-06j,
                 1.17542337e-02+1.31625459e-18j,
                -1.64912956e-06+6.81109378e-06j],
               [ 0.00000000e+00+0.00000000e+00j,
                 0.00000000e+00+0.00000000e+00j,
                 0.00000000e+00+0.00000000e+00j, ...,
                -2.13555523e-05+1.33078658e-05j,
                -1.64912956e-06-6.81109378e-06j,
                 2.61176686e-04-1.62375702e-18j]],
              dims=(2, 2, 2, 2, 2, 2, 2, 2))"
data/selected_mutant_qc/mutants_qpeexact_8/qpeexact_8_Mutant_Replace_cx_P41_Q6_[].qasm,PureState_9,"{'01110000': 2, '01000010': 1, '01010010': 1, '00111010': 1, '01000000': 1, '01011100': 1, '00100000': 2, '00100100': 3, '01010110': 2, '00011100': 1, '01011110': 2, '01101000': 102, '01000110': 2, '01100110': 14, '00110110': 4, '00011010': 1, '00110010': 2, '01100100': 12, '00110100': 3, '00101110': 116, '01001110': 2, '00111100': 1, '00111110': 1, '01101110': 84, '00100010': 11, '01000100': 1, '01011000': 1, '01110100': 2, '00100110': 12, '01001010': 1, '01101010': 111, '00110000': 2, '01011010': 4, '01101100': 129, '01100010': 25, '00101000': 146, '00101010': 93, '01100000': 8, '00101100': 117}","DensityMatrix([[ 0.00000000e+00+0.00000000e+00j,
                 0.00000000e+00+0.00000000e+00j,
                 0.00000000e+00+0.00000000e+00j, ...,
                 0.00000000e+00+0.00000000e+00j,
                 0.00000000e+00+0.00000000e+00j,
                 0.00000000e+00+0.00000000e+00j],
               [ 0.00000000e+00+0.00000000e+00j,
                 0.00000000e+00+0.00000000e+00j,
                 0.00000000e+00+0.00000000e+00j, ...,
                 0.00000000e+00+0.00000000e+00j,
                 0.00000000e+00+0.00000000e+00j,
                 0.00000000e+00+0.00000000e+00j],
               [ 0.00000000e+00+0.00000000e+00j,
                 0.00000000e+00+0.00000000e+00j,
                 0.00000000e+00+0.00000000e+00j, ...,
                 0.00000000e+00+0.00000000e+00j,
                 0.00000000e+00+0.00000000e+00j,
                 0.00000000e+00+0.00000000e+00j],
               ...,
               [ 0.00000000e+00+0.00000000e+00j,
                 0.00000000e+00+0.00000000e+00j,
                 0.00000000e+00+0.00000000e+00j, ...,
                 1.76868044e-34+0.00000000e+00j,
                 4.56362528e-21+1.44118009e-19j,
                -4.06516138e-35+1.02903651e-34j],
               [ 0.00000000e+00-0.00000000e+00j,
                 0.00000000e+00-0.00000000e+00j,
                 0.00000000e+00-0.00000000e+00j, ...,
                 4.56362528e-21-1.44118009e-19j,
                 1.17549935e-04+0.00000000e+00j,
                 8.28004325e-20+3.57794613e-20j],
               [ 0.00000000e+00-0.00000000e+00j,
                 0.00000000e+00-0.00000000e+00j,
                 0.00000000e+00-0.00000000e+00j, ...,
                -4.06516138e-35-1.02903651e-34j,
                 8.28004325e-20-3.57794613e-20j,
                 6.92138322e-35+0.00000000e+00j]],
              dims=(2, 2, 2, 2, 2, 2, 2, 2))","{'00111111': 2, '00000111': 1, '01110011': 1, '00000110': 1, '01100100': 6, '01000101': 1, '01111100': 1, '01011100': 2, '00101101': 4, '01000010': 5, '00000010': 2, '00100011': 2, '01011110': 1, '01010110': 1, '00111011': 1, '00010110': 1, '01100001': 1, '00110000': 5, '01101001': 3, '00101011': 2, '00110010': 3, '01100011': 4, '01110100': 3, '01000100': 1, '00111000': 6, '00001010': 6, '01101111': 5, '01111110': 5, '00010101': 1, '01111010': 2, '01100000': 15, '00100100': 7, '01001011': 1, '01011111': 2, '00110110': 7, '01111111': 1, '01010000': 3, '00111100': 4, '00111010': 5, '00001000': 5, '00101100': 100, '01100010': 14, '00100111': 5, '01000000': 2, '01101010': 86, '01001010': 9, '00010000': 2, '00100110': 11, '01110110': 2, '00100000': 4, '00111110': 4, '01010010': 4, '01110101': 1, '00001110': 10, '00011010': 2, '01100110': 9, '00101000': 98, '00001100': 11, '00011101': 1, '00000000': 1, '01011011': 1, '01000011': 1, '01100101': 3, '01101011': 5, '00110100': 5, '01101101': 3, '00101110': 92, '01011010': 4, '00010010': 1, '00101001': 3, '00111001': 2, '00100001': 3, '01101100': 96, '01001000': 12, '00010100': 1, '01000110': 3, '00000001': 1, '00100101': 2, '01100111': 3, '01101000': 86, '00011100': 2, '00101111': 6, '01001110': 3, '01001100': 5, '01110010': 3, '01110000': 5, '01011000': 2, '00100010': 6, '01101110': 82, '00101010': 78}","DensityMatrix([[ 7.32484743e-06+2.03083866e-20j,
                -1.51606201e-08+7.01485288e-08j,
                 8.49775527e-08+1.40489177e-07j, ...,
                 0.00000000e+00+0.00000000e+00j,
                 0.00000000e+00+0.00000000e+00j,
                 0.00000000e+00+0.00000000e+00j],
               [-1.51606201e-08-7.01485288e-08j,
                 1.21972110e-04+3.83423707e-21j,
                 3.46575210e-08+1.70277470e-07j, ...,
                 0.00000000e+00+0.00000000e+00j,
                 0.00000000e+00+0.00000000e+00j,
                 0.00000000e+00+0.00000000e+00j],
               [ 8.49775527e-08-1.40489177e-07j,
                 3.46575210e-08-1.70277470e-07j,
                 5.17426183e-06+2.16163572e-20j, ...,
                 0.00000000e+00+0.00000000e+00j,
                 0.00000000e+00+0.00000000e+00j,
                 0.00000000e+00+0.00000000e+00j],
               ...,
               [ 0.00000000e+00+0.00000000e+00j,
                 0.00000000e+00+0.00000000e+00j,
                 0.00000000e+00+0.00000000e+00j, ...,
                 4.12078990e-05+4.39020302e-20j,
                -3.69255863e-07-2.20075650e-07j,
                 1.41599636e-05-4.21052616e-06j],
               [ 0.00000000e+00+0.00000000e+00j,
                 0.00000000e+00+0.00000000e+00j,
                 0.00000000e+00+0.00000000e+00j, ...,
                -3.69255863e-07+2.20075650e-07j,
                 8.18583231e-04+1.79999273e-18j,
                -3.92652012e-07+1.73362211e-07j],
               [ 0.00000000e+00+0.00000000e+00j,
                 0.00000000e+00+0.00000000e+00j,
                 0.00000000e+00+0.00000000e+00j, ...,
                 1.41599636e-05+4.21052616e-06j,
                -3.92652012e-07-1.73362211e-07j,
                 2.96390203e-05-1.19394259e-18j]],
              dims=(2, 2, 2, 2, 2, 2, 2, 2))"
data/selected_mutant_qc/mutants_qpeexact_8/qpeexact_8_Mutant_Replace_cx_P41_Q6_[].qasm,Quratest_0,"{'00001100': 4, '01011001': 1, '01101111': 1, '01111001': 4, '00010000': 1, '00100110': 1, '00101110': 4, '01011100': 1, '00110011': 4, '01111011': 9, '00001010': 5, '00110010': 3, '01100100': 3, '00101010': 2, '01111000': 3, '00101111': 2, '00011100': 3, '01100111': 4, '00100100': 1, '01100000': 1, '00011110': 6, '01000001': 2, '01001010': 8, '01111100': 4, '00100011': 15, '01010001': 2, '00111001': 3, '01011110': 4, '01010110': 6, '00011111': 17, '01000100': 22, '00110100': 2, '01001111': 16, '01110011': 3, '00000111': 13, '01000110': 15, '00010100': 3, '01111110': 11, '01110100': 1, '01100011': 10, '00000100': 17, '00110001': 1, '00000101': 6, '00000000': 9, '01000011': 157, '01011011': 12, '00010001': 1, '00010110': 5, '00010111': 16, '00001001': 1, '00001011': 10, '01010011': 16, '00011011': 7, '00000010': 10, '00111000': 5, '01000010': 11, '01111010': 13, '01100010': 1, '00101100': 1, '01001100': 4, '01001110': 4, '00000011': 99, '01010010': 6, '00111110': 19, '01110110': 14, '00111011': 26, '01110010': 1, '01110000': 2, '00110111': 17, '00001110': 6, '00010011': 13, '00111101': 2, '00001000': 1, '00111010': 22, '00111100': 3, '01111111': 60, '01011101': 2, '01010100': 4, '01000101': 6, '01001011': 14, '01011111': 10, '00110110': 16, '00001111': 18, '00000110': 13, '01001000': 3, '00010010': 2, '01011010': 3, '01110111': 12, '01010101': 1, '01010111': 13, '00111111': 60, '01000111': 29}","DensityMatrix([[ 6.93142553e-05+0.00000000e+00j,
                -3.16441076e-05+8.12358867e-05j,
                -2.20088757e-04+5.37054832e-05j, ...,
                -3.98903855e-04-7.88561886e-05j,
                 7.73473678e-04-1.32765903e-04j,
                -1.02841814e-05+1.88023315e-03j],
               [-3.16441076e-05-8.12358867e-05j,
                 1.09654483e-04+0.00000000e+00j,
                 1.63419845e-04+2.33424468e-04j, ...,
                 8.96930086e-05+5.03513194e-04j,
                -5.08715559e-04-8.45894705e-04j,
                 2.20831689e-03-8.46331755e-04j],
               [-2.20088757e-04-5.37054832e-05j,
                 1.63419845e-04-2.33424468e-04j,
                 7.40444220e-04+0.00000000e+00j, ...,
                 1.20551311e-03+5.59461897e-04j,
                -2.55882598e-03-1.77733931e-04j,
                 1.48948094e-03-5.96220584e-03j],
               ...,
               [-3.98903855e-04+7.88561886e-05j,
                 8.96930086e-05-5.03513194e-04j,
                 1.20551311e-03-5.59461897e-04j, ...,
                 2.38540519e-03+0.00000000e+00j,
                -4.30030183e-03+1.64401993e-03j,
                -2.07988414e-03-1.08324502e-02j],
               [ 7.73473678e-04+1.32765903e-04j,
                -5.08715559e-04+8.45894705e-04j,
                -2.55882598e-03+1.77733931e-04j, ...,
                -4.30030183e-03-1.64401993e-03j,
                 8.88544951e-03+0.00000000e+00j,
                -3.71619653e-03+2.09617120e-02j],
               [-1.02841814e-05-1.88023315e-03j,
                 2.20831689e-03+8.46331755e-04j,
                 1.48948094e-03+5.96220584e-03j, ...,
                -2.07988414e-03+1.08324502e-02j,
                -3.71619653e-03-2.09617120e-02j,
                 5.10051277e-02+0.00000000e+00j]],
              dims=(2, 2, 2, 2, 2, 2, 2, 2))","{'00111000': 1, '01100000': 1, '01110010': 1, '00100000': 1, '01001101': 4, '00100111': 2, '01111101': 3, '00000100': 18, '01111001': 2, '00010110': 8, '00011000': 1, '00110000': 1, '01111000': 3, '00011100': 3, '00101010': 2, '01011101': 1, '00010111': 21, '00100010': 2, '01000111': 37, '01001000': 2, '00111101': 4, '01111110': 8, '00001100': 5, '01000000': 2, '00001110': 8, '00000010': 8, '01010000': 2, '01111100': 3, '01111011': 3, '00100110': 1, '00011001': 2, '01110011': 4, '00101111': 2, '01010100': 5, '00000111': 15, '01000101': 7, '00001010': 3, '01001011': 20, '01110100': 2, '01100011': 13, '01101111': 7, '00100011': 18, '00101100': 2, '01100010': 5, '01110101': 4, '01101101': 1, '00111011': 18, '00101110': 3, '00100100': 3, '00110111': 15, '00000000': 5, '00110011': 7, '01011100': 3, '01101110': 3, '00011010': 3, '01100110': 2, '00000001': 4, '01011011': 11, '01000011': 104, '00011101': 2, '01011111': 17, '00000101': 4, '01110001': 1, '01100001': 1, '00110010': 6, '01100111': 3, '01010110': 3, '01011110': 3, '00011111': 15, '01101010': 3, '01011000': 1, '01000001': 4, '01110110': 7, '01001100': 6, '01010010': 4, '00111110': 17, '00000011': 91, '01001110': 6, '01011010': 6, '00010010': 5, '00010100': 3, '01000110': 12, '01001010': 3, '00000110': 11, '01010111': 15, '00111111': 49, '00010011': 19, '00001001': 3, '00001011': 9, '00011011': 12, '01010011': 19, '00111100': 4, '00111010': 29, '01111111': 32, '01010101': 3, '01110111': 13, '00110110': 10, '01100100': 6, '00001101': 2, '01000100': 19, '01001111': 9, '00011110': 11, '00101011': 1, '01111010': 18, '01000010': 21, '00110101': 3, '00001111': 20, '01010001': 3, '00010101': 1, '00111001': 10}","DensityMatrix([[ 4.26790439e-04+3.30007794e-19j,
                -8.53685899e-05+9.12058298e-05j,
                -1.10633559e-04+1.77680243e-04j, ...,
                -3.24805535e-04-8.23076102e-05j,
                 6.06618942e-04-1.05486320e-04j,
                -1.22872730e-05+1.45024087e-03j],
               [-8.53685899e-05-9.12058298e-05j,
                 2.54686155e-04+5.08154912e-19j,
                 7.47150330e-05+5.06434035e-04j, ...,
                 3.88994655e-05+4.30528775e-04j,
                -3.88364709e-04-6.73144768e-04j,
                 1.71828009e-03-6.49626660e-04j],
               [-1.10633559e-04-1.77680243e-04j,
                 7.47150330e-05-5.06434035e-04j,
                 2.20470995e-03+1.07373332e-18j, ...,
                 9.64185355e-04+4.41032318e-04j,
                -2.04235242e-03-1.26894142e-04j,
                 1.11612977e-03-4.59292524e-03j],
               ...,
               [-3.24805535e-04+8.23076102e-05j,
                 3.88994655e-05-4.30528775e-04j,
                 9.64185355e-04-4.41032318e-04j, ...,
                 2.79822312e-03-1.09891960e-18j,
                -3.67944750e-03+1.41925623e-03j,
                -1.77509426e-03-9.32771916e-03j],
               [ 6.06618942e-04+1.05486320e-04j,
                -3.88364709e-04+6.73144768e-04j,
                -2.04235242e-03+1.26894142e-04j, ...,
                -3.67944750e-03-1.41925623e-03j,
                 8.67415675e-03-4.70832451e-18j,
                -3.16648535e-03+1.78059957e-02j],
               [-1.22872730e-05-1.45024087e-03j,
                 1.71828009e-03+6.49626660e-04j,
                 1.11612977e-03+4.59292524e-03j, ...,
                -1.77509426e-03+9.32771916e-03j,
                -3.16648535e-03-1.78059957e-02j,
                 4.44136099e-02-1.38849005e-17j]],
              dims=(2, 2, 2, 2, 2, 2, 2, 2))"
data/selected_mutant_qc/mutants_qpeexact_8/qpeexact_8_Mutant_Replace_cx_P41_Q6_[].qasm,Quratest_1,"{'01101011': 2, '00111101': 1, '00011101': 1, '00110000': 1, '01010001': 1, '01111111': 2, '01001010': 12, '00000110': 2, '01101111': 3, '01010000': 9, '01111100': 1, '01110010': 3, '00001000': 2, '00111100': 1, '00111010': 2, '00011010': 5, '01101110': 11, '01001110': 6, '01011001': 5, '01000100': 13, '01111110': 1, '00001010': 4, '00001110': 5, '01000000': 4, '00001100': 9, '00000100': 7, '01100011': 14, '01001101': 3, '00000011': 3, '00100101': 2, '01100111': 20, '01101000': 15, '01011011': 10, '00000001': 3, '00011001': 1, '00101111': 27, '01110011': 3, '01000101': 2, '00000111': 9, '01000010': 3, '01100101': 2, '01001111': 14, '00011110': 12, '00111001': 1, '00010101': 4, '01001000': 14, '01000111': 21, '00011100': 4, '00101010': 9, '00101110': 12, '00111011': 2, '00010010': 19, '01011010': 14, '00110010': 1, '00100001': 4, '01101100': 12, '01110001': 1, '01111010': 1, '00101011': 25, '00000010': 4, '00001101': 2, '01100100': 5, '01100110': 11, '00110100': 3, '01101101': 1, '01011110': 11, '01010110': 13, '00101101': 1, '00011111': 46, '00110101': 1, '00001111': 19, '00001001': 1, '01010011': 9, '00001011': 23, '00011011': 31, '01001001': 5, '00010011': 44, '01011100': 26, '01000110': 3, '00010100': 23, '01001100': 6, '01010010': 2, '00111110': 1, '00100000': 17, '00110001': 1, '00010001': 1, '00010110': 8, '00100010': 23, '01011101': 5, '00010111': 10, '01000011': 2, '01011111': 20, '00000101': 2, '01010100': 13, '00110110': 2, '01001011': 18, '01000001': 1, '01011000': 18, '01101010': 6, '01010111': 29, '00000000': 1, '00110011': 1, '00110111': 3, '00100110': 21, '00010000': 9, '00100011': 52, '01100000': 4, '00100100': 20, '01100010': 7, '00100111': 39}","DensityMatrix([[ 3.67165336e-03+0.00000000e+00j,
                -4.05946914e-04+1.67317438e-03j,
                -6.60372458e-04-1.35732884e-03j, ...,
                 4.58159310e-05+4.79004986e-05j,
                 8.53018660e-05-4.09946660e-04j,
                 1.15802169e-03-6.65745093e-05j],
               [-4.05946914e-04-1.67317438e-03j,
                 8.07348925e-04+0.00000000e+00j,
                -5.45523085e-04+4.51001651e-04j, ...,
                 1.67627619e-05-2.61743394e-05j,
                -1.96244091e-04+6.45259306e-06j,
                -1.58371730e-04-5.20350456e-04j],
               [-6.60372458e-04+1.35732884e-03j,
                -5.45523085e-04-4.51001651e-04j,
                 6.20546965e-04+0.00000000e+00j, ...,
                -2.59480669e-05+8.32189514e-06j,
                 1.36206055e-04+1.05265974e-04j,
                -1.83667155e-04+4.40068831e-04j],
               ...,
               [ 4.58159310e-05-4.79004986e-05j,
                 1.67627619e-05+2.61743394e-05j,
                -2.59480669e-05-8.32189514e-06j, ...,
                 1.19661549e-06+0.00000000e+00j,
                -4.28375543e-06-6.22828126e-06j,
                 1.35815897e-05-1.59383209e-05j],
               [ 8.53018660e-05+4.09946660e-04j,
                -1.96244091e-04-6.45259306e-06j,
                 1.36206055e-04-1.05265974e-04j, ...,
                -4.28375543e-06+6.22828126e-06j,
                 4.77530571e-05+0.00000000e+00j,
                 3.43369584e-05+1.27748496e-04j],
               [ 1.15802169e-03+6.65745093e-05j,
                -1.58371730e-04+5.20350456e-04j,
                -1.83667155e-04-4.40068831e-04j, ...,
                 1.35815897e-05+1.59383209e-05j,
                 3.43369584e-05-1.27748496e-04j,
                 3.66441563e-04+0.00000000e+00j]],
              dims=(2, 2, 2, 2, 2, 2, 2, 2))","{'00111000': 1, '01111101': 1, '01000110': 2, '01111110': 3, '00010001': 1, '01101011': 3, '00001001': 1, '01111111': 3, '00001000': 2, '00111100': 2, '00110101': 3, '01110101': 1, '01001110': 13, '01011001': 2, '00010110': 11, '00011000': 3, '00101000': 5, '01100101': 3, '01110010': 2, '00111001': 1, '00010101': 5, '01111000': 3, '00101001': 2, '01001011': 14, '01110100': 5, '01100011': 13, '01010100': 5, '01000101': 2, '00000111': 8, '01001101': 8, '01101010': 1, '00000110': 4, '01001010': 14, '01000000': 2, '00001100': 5, '00001110': 11, '01000100': 5, '01101111': 7, '01001111': 13, '00011110': 13, '01000111': 18, '01001000': 10, '00011010': 9, '01101110': 6, '00011100': 8, '00101010': 7, '00001101': 4, '01100100': 4, '00000010': 7, '01000010': 4, '01101100': 13, '00101110': 12, '00111011': 5, '01100110': 6, '01111010': 1, '00101011': 15, '00100001': 5, '01100001': 4, '00110010': 6, '00110111': 5, '00000000': 5, '00110011': 5, '01011100': 16, '01100010': 7, '00101100': 5, '00100111': 31, '00111110': 2, '00100000': 23, '01001100': 12, '01010010': 8, '01110110': 1, '00011101': 2, '00000001': 2, '01011011': 12, '01000011': 3, '01011111': 13, '00000101': 3, '00010100': 15, '00100110': 12, '00010000': 15, '01101101': 3, '00100101': 5, '00000011': 7, '01011110': 18, '01010110': 19, '00101101': 1, '00011111': 38, '00110110': 5, '01010011': 12, '00011011': 38, '00001011': 13, '00010011': 30, '01001001': 8, '00111101': 1, '01010000': 7, '01111100': 2, '00010010': 18, '01011010': 9, '00110000': 4, '01110111': 4, '01010101': 3, '01101000': 10, '01100111': 18, '01101001': 4, '00111010': 2, '00100011': 41, '01011101': 1, '00100010': 23, '00010111': 13, '00001010': 7, '00011001': 1, '01110011': 1, '00101111': 20, '00110100': 3, '01011000': 12, '00001111': 23, '00111111': 2, '01010111': 27, '00000100': 6, '01100000': 2, '00100100': 19}","DensityMatrix([[ 3.38187722e-03-4.42235793e-20j,
                -3.69251116e-04+1.49738912e-03j,
                -5.59026003e-04-1.18186727e-03j, ...,
                 3.49135775e-05+3.90386401e-05j,
                 6.07303163e-05-3.21523043e-04j,
                 8.98934078e-04-5.45249251e-05j],
               [-3.69251116e-04-1.49738912e-03j,
                 9.13077018e-04-4.42367049e-19j,
                -4.66446968e-04+5.26208491e-04j, ...,
                 1.48026128e-05-1.96554885e-05j,
                -1.53773329e-04+6.62882224e-06j,
                -1.26944275e-04-4.10668982e-04j],
               [-5.59026003e-04+1.18186727e-03j,
                -4.66446968e-04-5.26208491e-04j,
                 9.31368078e-04-1.23875164e-19j, ...,
                -1.89238803e-05+3.84533772e-06j,
                 1.17796095e-04+7.74778495e-05j,
                -1.37974766e-04+3.50278543e-04j],
               ...,
               [ 3.49135775e-05-3.90386401e-05j,
                 1.48026128e-05+1.96554885e-05j,
                -1.89238803e-05-3.84533772e-06j, ...,
                 1.00770369e-04+2.60951278e-19j,
                 3.01656541e-05+3.98779567e-05j,
                 5.58510979e-05+2.13200983e-05j],
               [ 6.07303163e-05+3.21523043e-04j,
                -1.53773329e-04-6.62882224e-06j,
                 1.17796095e-04-7.74778495e-05j, ...,
                 3.01656541e-05-3.98779567e-05j,
                 2.60943427e-04+1.05690842e-18j,
                 1.05892514e-04+2.72525491e-04j],
               [ 8.98934078e-04+5.45249251e-05j,
                -1.26944275e-04+4.10668982e-04j,
                -1.37974766e-04-3.50278543e-04j, ...,
                 5.58510979e-05-2.13200983e-05j,
                 1.05892514e-04-2.72525491e-04j,
                 6.42222784e-04-2.31884057e-18j]],
              dims=(2, 2, 2, 2, 2, 2, 2, 2))"
data/selected_mutant_qc/mutants_qpeexact_8/qpeexact_8_Mutant_Replace_cx_P41_Q6_[].qasm,Quratest_2,"{'00100000': 1, '00001000': 3, '00100111': 5, '01100100': 3, '01101000': 5, '01001010': 3, '00000100': 1, '01111001': 3, '01001101': 1, '00111101': 3, '00100011': 6, '01110011': 2, '00101111': 15, '00011001': 4, '00000000': 2, '00110011': 3, '00110111': 5, '01111101': 3, '01001110': 3, '01011001': 7, '00111111': 2, '01010111': 2, '01001001': 1, '00010011': 7, '01001000': 2, '01000111': 1, '01110101': 15, '00100001': 3, '01100001': 3, '00110010': 3, '01111010': 2, '00101011': 15, '01110001': 18, '01001111': 12, '00011110': 12, '01000010': 4, '01000001': 1, '01011000': 6, '00000111': 4, '00100110': 2, '01111011': 4, '00001100': 10, '01110000': 7, '01101010': 4, '00111011': 1, '00101110': 7, '01101101': 5, '00011100': 35, '00101010': 4, '01111000': 17, '00011111': 8, '00101101': 5, '01011100': 20, '00001001': 7, '01010011': 12, '00001011': 45, '00011011': 21, '01110100': 9, '01001011': 28, '00000101': 6, '01011111': 15, '00110110': 7, '01010010': 3, '00111110': 19, '01110110': 3, '00010100': 16, '00001111': 29, '00110101': 4, '00010111': 15, '01011101': 5, '01010100': 8, '01111110': 8, '00110001': 6, '00010001': 35, '01010110': 8, '01011110': 18, '01100010': 4, '00101100': 10, '01110111': 2, '01010101': 13, '01010001': 11, '01101100': 19, '00010010': 1, '01011010': 15, '00111100': 14, '01111100': 16, '01010000': 6, '01101001': 13, '00111010': 6, '01111111': 6, '00001101': 9, '00011101': 12, '00000001': 3, '01011011': 10, '00000011': 3, '00100101': 4, '01100111': 4, '01100110': 3, '01101110': 1, '00011010': 10, '00111000': 9, '00010000': 7, '00110000': 4, '01101111': 9, '00110100': 11, '00101000': 2, '01100101': 8, '01101011': 27, '01100011': 7, '00011000': 29, '01100000': 9, '00100100': 17, '00010101': 43}","DensityMatrix([[ 2.37079358e-04+0.00000000e+00j,
                 5.99941583e-05-7.09450794e-04j,
                 5.65413304e-05-1.09233130e-04j, ...,
                 3.81615187e-04+5.02596598e-04j,
                -6.19499461e-04-1.17278028e-03j,
                -2.04404825e-04+3.61347669e-04j],
               [ 5.99941583e-05+7.09450794e-04j,
                 2.13818585e-03+0.00000000e+00j,
                 3.41183986e-04+1.41555732e-04j, ...,
                -1.40743115e-03+1.26915333e-03j,
                 3.35273202e-03-2.15060626e-03j,
                -1.13304460e-03-5.20232625e-04j],
               [ 5.65413304e-05+1.09233130e-04j,
                 3.41183986e-04-1.41555732e-04j,
                 6.38132264e-05+0.00000000e+00j, ...,
                -1.40557025e-04+2.95692135e-04j,
                 3.92607514e-04-5.65129009e-04j,
                -2.15237877e-04-8.00027879e-06j],
               ...,
               [ 3.81615187e-04-5.02596598e-04j,
                -1.40743115e-03-1.26915333e-03j,
                -1.40557025e-04-2.95692135e-04j, ...,
                 1.67974764e-03+0.00000000e+00j,
                -3.48341496e-03-5.74459314e-04j,
                 4.37018744e-04+1.01497208e-03j],
               [-6.19499461e-04+1.17278028e-03j,
                 3.35273202e-03+2.15060626e-03j,
                 3.92607514e-04+5.65129009e-04j, ...,
                -3.48341496e-03+5.74459314e-04j,
                 7.42027138e-03+0.00000000e+00j,
                -1.25338935e-03-1.95536482e-03j],
               [-2.04404825e-04-3.61347669e-04j,
                -1.13304460e-03+5.20232625e-04j,
                -2.15237877e-04+8.00027879e-06j, ...,
                 4.37018744e-04-1.01497208e-03j,
                -1.25338935e-03+1.95536482e-03j,
                 7.26986406e-04+0.00000000e+00j]],
              dims=(2, 2, 2, 2, 2, 2, 2, 2))","{'01000110': 2, '00110000': 3, '01111101': 4, '00001000': 2, '01000100': 2, '00001100': 2, '00001110': 2, '01000000': 1, '00100011': 6, '01101101': 7, '00011101': 14, '01001101': 2, '01101010': 4, '00100111': 2, '00010000': 14, '01110000': 7, '01111011': 3, '00100110': 3, '01001111': 9, '00011110': 18, '01001010': 4, '01011000': 13, '01000001': 2, '01001110': 2, '01011001': 10, '00101100': 6, '01100010': 3, '01110101': 12, '00010010': 4, '01011010': 14, '01100101': 8, '00101000': 9, '00010110': 1, '00011000': 9, '00000010': 2, '00000100': 2, '01111001': 1, '00011010': 7, '01101110': 4, '01111000': 11, '00101001': 7, '01000101': 1, '00000111': 8, '00101111': 12, '01110011': 5, '00011001': 8, '00110100': 10, '01101111': 18, '00100001': 6, '00110010': 3, '01100001': 3, '00100000': 5, '00111110': 11, '01110110': 7, '01001011': 16, '01110100': 13, '01100011': 7, '01100110': 7, '01110001': 12, '01111010': 2, '00101011': 14, '00100010': 1, '01011101': 9, '00010111': 13, '00110001': 3, '00010001': 19, '01111110': 8, '00101010': 3, '00011100': 39, '01011100': 12, '00110111': 2, '00000000': 3, '00110011': 11, '00111000': 3, '00111111': 3, '01010111': 6, '00000001': 8, '01011011': 11, '01011111': 15, '00000101': 2, '01010010': 5, '01001100': 3, '00111010': 8, '01101001': 9, '01111111': 2, '00111100': 14, '01101011': 22, '01100000': 6, '00100100': 11, '01010100': 9, '00110110': 4, '01101100': 14, '01010001': 10, '01010000': 10, '01111100': 23, '00111101': 5, '00111011': 3, '00101110': 6, '01101000': 2, '00000011': 1, '00100101': 5, '01100111': 5, '00001101': 9, '01100100': 13, '00010100': 15, '00001010': 1, '00111001': 4, '00010101': 29, '01110111': 7, '01010101': 31, '00110101': 10, '00001111': 29, '00001001': 1, '00011011': 15, '00001011': 24, '01010011': 18, '01001001': 2, '00010011': 12, '01000111': 1, '01001000': 2, '01010110': 5, '00101101': 6, '00011111': 11, '01011110': 25}","DensityMatrix([[ 3.43365375e-04-1.45263826e-18j,
                 5.12615111e-05-7.57837485e-04j,
                 6.84107594e-05-1.14832611e-04j, ...,
                 2.89020023e-04+3.93415382e-04j,
                -4.74890371e-04-9.13091686e-04j,
                -1.57416509e-04+2.76554733e-04j],
               [ 5.12615111e-05+7.57837485e-04j,
                 2.29606156e-03+6.11333419e-19j,
                 3.31286684e-04+1.22014914e-04j, ...,
                -1.12902260e-03+9.66182418e-04j,
                 2.58893559e-03-1.63068327e-03j,
                -8.69420541e-04-4.07122996e-04j],
               [ 6.84107594e-05+1.14832611e-04j,
                 3.31286684e-04-1.22014914e-04j,
                 1.41769047e-04-6.12115278e-19j, ...,
                -1.14329884e-04+2.24792351e-04j,
                 2.72727980e-04-4.29873768e-04j,
                -1.65715109e-04-5.98140982e-06j],
               ...,
               [ 2.89020023e-04-3.93415382e-04j,
                -1.12902260e-03-9.66182418e-04j,
                -1.14329884e-04-2.24792351e-04j, ...,
                 1.93223096e-03-1.04381668e-18j,
                -3.01271207e-03-6.52117594e-04j,
                 4.36475261e-04+9.43469415e-04j],
               [-4.74890371e-04+9.13091686e-04j,
                 2.58893559e-03+1.63068327e-03j,
                 2.72727980e-04+4.29873768e-04j, ...,
                -3.01271207e-03+6.52117594e-04j,
                 7.07696096e-03+1.23469248e-18j,
                -1.08745355e-03-1.75043334e-03j],
               [-1.57416509e-04-2.76554733e-04j,
                -8.69420541e-04+4.07122996e-04j,
                -1.65715109e-04+5.98140982e-06j, ...,
                 4.36475261e-04-9.43469415e-04j,
                -1.08745355e-03+1.75043334e-03j,
                 8.23224440e-04-5.18544351e-19j]],
              dims=(2, 2, 2, 2, 2, 2, 2, 2))"
data/selected_mutant_qc/mutants_qpeexact_8/qpeexact_8_Mutant_Replace_cx_P41_Q6_[].qasm,Quratest_3,"{'00110000': 1, '00101100': 1, '01011100': 1, '01101010': 2, '01001011': 1, '00011101': 2, '01110111': 2, '01000111': 8, '01001000': 2, '00010110': 3, '00011000': 1, '01010101': 6, '01100011': 5, '00001110': 8, '00001100': 3, '01000000': 3, '00100100': 2, '00110100': 2, '00101011': 7, '01111010': 6, '00011001': 16, '00101111': 8, '01110011': 5, '01000101': 25, '00000111': 4, '01110010': 4, '00110101': 1, '00001111': 4, '01110101': 3, '00111101': 4, '00010001': 2, '00100010': 35, '01011101': 16, '00010111': 4, '01111111': 16, '00111010': 27, '00111100': 1, '01101111': 4, '01111110': 13, '01111011': 7, '00100110': 8, '01100101': 49, '00101000': 5, '00101001': 5, '01010100': 4, '01001100': 3, '01010010': 3, '00111110': 15, '01110110': 9, '01010001': 3, '01101100': 6, '01100001': 9, '00110010': 7, '00100001': 12, '00010101': 2, '00111001': 7, '00101010': 9, '00000010': 4, '00010011': 5, '01001001': 2, '01101110': 11, '00011010': 22, '01100110': 43, '01001110': 7, '00100101': 26, '00000011': 7, '01100100': 4, '00001101': 3, '00110111': 1, '00110011': 5, '00000000': 1, '01011111': 32, '00000101': 18, '01000011': 9, '00000001': 6, '01011011': 20, '01011010': 23, '00010010': 7, '01001010': 6, '00000110': 14, '01000110': 25, '00101101': 2, '00011111': 8, '01010110': 16, '01011110': 35, '00001001': 1, '00001011': 8, '00011011': 31, '01010011': 7, '01101000': 1, '01100111': 14, '01100010': 16, '00100111': 6, '01111101': 3, '01000100': 2, '01101101': 5, '00111011': 29, '00101110': 10, '01001101': 5, '00100011': 19, '00001010': 10, '01011000': 1, '01000001': 15, '01101011': 2, '01010111': 14, '00111111': 10, '01000010': 32}","DensityMatrix([[ 4.16272788e-04+0.00000000e+00j,
                 1.33402705e-03-3.62756430e-04j,
                -7.34931090e-04-9.91073183e-04j, ...,
                -6.62372685e-05-2.18451840e-05j,
                -1.32009666e-04-2.04852177e-04j,
                -1.84935699e-04-1.82842758e-04j],
               [ 1.33402705e-03+3.62756430e-04j,
                 4.59126911e-03+0.00000000e+00j,
                -1.49156947e-03-3.81653439e-03j, ...,
                -1.93233450e-04-1.27728890e-04j,
                -2.44534411e-04-7.71527012e-04j,
                -4.33326039e-04-7.47115371e-04j],
               [-7.34931090e-04+9.91073183e-04j,
                -1.49156947e-03+3.81653439e-03j,
                 3.65709651e-03+0.00000000e+00j, ...,
                 1.68951721e-04-1.19131678e-04j,
                 7.20780977e-04+4.73751693e-05j,
                 7.61821474e-04-1.17490227e-04j],
               ...,
               [-6.62372685e-05+2.18451840e-05j,
                -1.93233450e-04+1.27728890e-04j,
                 1.68951721e-04+1.19131678e-04j, ...,
                 1.16860576e-05+0.00000000e+00j,
                 3.17556025e-05+2.56684403e-05j,
                 3.90221741e-05+1.93888496e-05j],
               [-1.32009666e-04+2.04852177e-04j,
                -2.44534411e-04+7.71527012e-04j,
                 7.20780977e-04-4.73751693e-05j, ...,
                 3.17556025e-05-2.56684403e-05j,
                 1.42673190e-04+0.00000000e+00j,
                 1.48626186e-04-3.30251448e-05j],
               [-1.84935699e-04+1.82842758e-04j,
                -4.33326039e-04+7.47115371e-04j,
                 7.61821474e-04+1.17490227e-04j, ...,
                 3.90221741e-05-1.93888496e-05j,
                 1.48626186e-04+3.30251448e-05j,
                 1.62472035e-04+0.00000000e+00j]],
              dims=(2, 2, 2, 2, 2, 2, 2, 2))","{'01100100': 1, '01000100': 2, '00001000': 1, '00100100': 1, '00010000': 2, '00101100': 2, '00110000': 1, '01101010': 2, '00011101': 2, '01101000': 3, '01101011': 2, '00010110': 1, '00011000': 1, '01001111': 3, '00011110': 5, '01000000': 1, '00001110': 5, '01101111': 4, '01110101': 4, '00111000': 3, '01101101': 5, '00111011': 21, '00101110': 8, '00101011': 6, '01111010': 6, '01000111': 12, '01001000': 3, '00110100': 1, '00101010': 16, '00011100': 2, '01110011': 1, '00011001': 4, '00101111': 7, '01100101': 26, '00101000': 2, '00111101': 4, '00001101': 5, '00101001': 8, '01100011': 4, '00100110': 8, '01111011': 9, '00001010': 5, '01111100': 2, '01001101': 2, '01001110': 10, '01011001': 8, '00011010': 25, '01101110': 15, '01000101': 19, '00000111': 8, '01110010': 4, '01110111': 8, '01010101': 2, '00110011': 3, '00000000': 2, '00110111': 3, '01111101': 8, '01010001': 2, '00110010': 7, '01100001': 16, '00100001': 30, '01101100': 6, '00010101': 3, '00111001': 8, '00100101': 18, '00000011': 2, '01010010': 6, '01001100': 4, '01111001': 1, '00000100': 4, '01010110': 8, '01011110': 35, '00011111': 8, '00001001': 4, '00001011': 7, '01010011': 8, '00011011': 30, '01011100': 6, '01101001': 2, '00111010': 28, '01111111': 12, '01010111': 6, '00111111': 13, '00010010': 13, '01011010': 13, '01110001': 1, '01111110': 20, '00000010': 11, '01000110': 22, '01001010': 6, '00000110': 15, '00110001': 7, '01011111': 17, '00000101': 7, '01000011': 11, '00000001': 6, '01011011': 22, '01100110': 53, '00100011': 15, '01000010': 32, '01100000': 3, '01001001': 3, '00010011': 6, '00100111': 8, '01100010': 13, '01000001': 12, '01001011': 4, '00110110': 3, '01010100': 3, '00010111': 1, '00100010': 31, '01011101': 15, '00110101': 2, '00001111': 8, '00100000': 4, '01110110': 5, '00111110': 20, '01100111': 10}","DensityMatrix([[ 7.47634096e-04+3.80059110e-18j,
                 1.21789571e-03-3.30358535e-04j,
                -5.96336448e-04-9.47503275e-04j, ...,
                -5.52757801e-05-2.03139899e-05j,
                -1.09054374e-04-1.60148961e-04j,
                -1.40004789e-04-1.43760832e-04j],
               [ 1.21789571e-03+3.30358535e-04j,
                 4.66679771e-03-3.40026552e-18j,
                -9.88827240e-04-3.83029386e-03j, ...,
                -1.49378029e-04-1.21124113e-04j,
                -1.89214200e-04-5.95203097e-04j,
                -3.22394355e-04-5.83610192e-04j],
               [-5.96336448e-04+9.47503275e-04j,
                -9.88827240e-04+3.83029386e-03j,
                 4.16119219e-03-1.07160923e-18j, ...,
                 1.31106941e-04-9.38659770e-05j,
                 5.62128398e-04+3.61854816e-05j,
                 5.88535015e-04-7.70674630e-05j],
               ...,
               [-5.52757801e-05+2.03139899e-05j,
                -1.49378029e-04+1.21124113e-04j,
                 1.31106941e-04+9.38659770e-05j, ...,
                 2.35584687e-04-2.16275673e-20j,
                 5.62064711e-05+8.20088672e-06j,
                -1.68407030e-04-2.99679826e-05j],
               [-1.09054374e-04+1.60148961e-04j,
                -1.89214200e-04+5.95203097e-04j,
                 5.62128398e-04-3.61854816e-05j, ...,
                 5.62064711e-05-8.20088672e-06j,
                 7.81475047e-04+5.05994141e-19j,
                 1.79496472e-04-2.21928242e-04j],
               [-1.40004789e-04+1.43760832e-04j,
                -3.22394355e-04+5.83610192e-04j,
                 5.88535015e-04+7.70674630e-05j, ...,
                -1.68407030e-04+2.99679826e-05j,
                 1.79496472e-04+2.21928242e-04j,
                 6.78286771e-04-6.14885858e-20j]],
              dims=(2, 2, 2, 2, 2, 2, 2, 2))"
data/selected_mutant_qc/mutants_qpeexact_8/qpeexact_8_Mutant_Replace_cx_P41_Q6_[].qasm,Quratest_4,"{'00000011': 1, '01101011': 1, '00010011': 2, '00001111': 2, '00100110': 1, '01111011': 2, '01010101': 3, '01000000': 4, '00001110': 1, '01101111': 9, '01000010': 6, '01111110': 2, '00011010': 21, '01101110': 4, '00101000': 4, '01100101': 3, '00110100': 4, '01010000': 4, '01111100': 7, '00010111': 5, '00100010': 37, '01011101': 10, '00011001': 19, '00101111': 10, '01110011': 4, '00101110': 4, '00111011': 6, '00011110': 6, '01111000': 12, '00101001': 6, '00000010': 3, '00111101': 2, '01101010': 3, '00001101': 1, '01100100': 2, '00101010': 7, '00011100': 13, '01100011': 3, '01110100': 9, '01011011': 5, '00000001': 6, '01101000': 4, '01100111': 2, '00111001': 16, '00010101': 2, '01011010': 13, '00010010': 4, '00110101': 2, '00010000': 9, '00110110': 4, '00000101': 1, '01011111': 23, '01101101': 7, '01011110': 8, '01010110': 3, '00101101': 3, '00011111': 18, '01110101': 9, '00100100': 5, '01100000': 32, '01011001': 10, '01010010': 5, '01110110': 6, '00111110': 2, '00100000': 31, '00101011': 3, '01111010': 17, '00101100': 6, '00100111': 2, '01100010': 26, '00010100': 3, '01110001': 30, '01100001': 29, '00100001': 40, '00110010': 49, '01100110': 2, '00110001': 40, '00010001': 10, '01110000': 43, '01110010': 39, '01101100': 7, '01010001': 7, '00110111': 4, '00000000': 9, '00110011': 8, '01011100': 2, '00011000': 9, '01111111': 6, '00111100': 4, '01101001': 4, '00111010': 21, '01000001': 5, '01011000': 11, '01010111': 5, '00111111': 10, '00011011': 6, '01010011': 2, '00011101': 7, '01000011': 1, '01111101': 3, '00110000': 32, '00100011': 7, '01110111': 9, '00111000': 18, '01111001': 12, '00000100': 3}","DensityMatrix([[ 2.79875283e-06+0.00000000e+00j,
                 3.84032108e-06-3.18309807e-06j,
                -1.32419228e-06+3.48294845e-06j, ...,
                 1.21687331e-04+2.70087161e-05j,
                 2.27253756e-05-7.69598074e-05j,
                 5.40646038e-05+1.11883825e-04j],
               [ 3.84032108e-06+3.18309807e-06j,
                 8.88973796e-06+0.00000000e+00j,
                -5.77824874e-06+3.27310305e-06j, ...,
                 1.36256058e-04+1.75458455e-04j,
                 1.18711217e-04-7.97545495e-05j,
                -5.30635463e-05+2.15011037e-04j],
               [-1.32419228e-06-3.48294845e-06j,
                -5.77824874e-06-3.27310305e-06j,
                 4.96092937e-06+0.00000000e+00j, ...,
                -2.39633374e-05-1.64214370e-04j,
                -1.06525952e-04+8.13157600e-06j,
                 1.13655504e-04-1.20217806e-04j],
               ...,
               [ 1.21687331e-04-2.70087161e-05j,
                 1.36256058e-04-1.75458455e-04j,
                -2.39633374e-05+1.64214370e-04j, ...,
                 5.55150030e-03+0.00000000e+00j,
                 2.45396698e-04-3.56545124e-03j,
                 3.43039074e-03+4.34287314e-03j],
               [ 2.27253756e-05+7.69598074e-05j,
                 1.18711217e-04+7.97545495e-05j,
                -1.06525952e-04-8.13157600e-06j, ...,
                 2.45396698e-04+3.56545124e-03j,
                 2.30075860e-03+0.00000000e+00j,
                -2.63757454e-03+2.39513950e-03j],
               [ 5.40646038e-05-1.11883825e-04j,
                -5.30635463e-05-2.15011037e-04j,
                 1.13655504e-04+1.20217806e-04j, ...,
                 3.43039074e-03-4.34287314e-03j,
                -2.63757454e-03-2.39513950e-03j,
                 5.51709017e-03+0.00000000e+00j]],
              dims=(2, 2, 2, 2, 2, 2, 2, 2))","{'00001000': 1, '01000011': 1, '01100100': 2, '01001000': 1, '00100111': 2, '01000110': 1, '01101101': 3, '00110110': 6, '01001101': 2, '01111111': 7, '00000111': 1, '01000101': 1, '00001001': 1, '00100011': 4, '01100101': 7, '00101000': 6, '00000010': 4, '00111101': 7, '00100101': 5, '00000011': 2, '00001110': 1, '01000000': 12, '01111110': 2, '01000010': 3, '00110111': 7, '00000000': 7, '00110011': 8, '01011100': 4, '00000100': 2, '01111001': 15, '00011110': 6, '01001111': 4, '00110100': 5, '01111011': 1, '00100110': 2, '00010000': 11, '00011001': 12, '00101111': 11, '01110011': 8, '00110101': 3, '00001111': 1, '01000001': 7, '01011000': 12, '00101100': 5, '01100010': 16, '00101010': 7, '00011100': 10, '01010101': 5, '01110111': 7, '01101111': 18, '01111100': 6, '01010000': 7, '01101001': 10, '00111010': 17, '00111100': 6, '00111000': 14, '01101110': 6, '00011010': 17, '01100110': 5, '01010111': 7, '00111111': 7, '01110101': 11, '01111000': 9, '00101001': 6, '00010100': 6, '01001010': 3, '01101010': 8, '00010110': 2, '00011000': 9, '00110001': 39, '00010001': 9, '00100010': 20, '01011101': 11, '00010111': 5, '00100001': 25, '00110010': 30, '01100001': 21, '00011101': 7, '01010110': 2, '00101101': 2, '00011111': 9, '01011110': 9, '01101000': 4, '01011011': 1, '00000001': 7, '01100111': 5, '00101011': 9, '01111010': 14, '01010011': 5, '00001011': 1, '00011011': 5, '01011010': 19, '00010010': 11, '01111101': 2, '01110001': 22, '01110010': 33, '01110000': 41, '00101110': 4, '00111011': 9, '01100000': 34, '00100100': 4, '01011111': 14, '01010100': 3, '00111110': 4, '01001100': 2, '01010010': 13, '00100000': 32, '01110110': 10, '01101100': 4, '01010001': 10, '00111001': 22, '00010101': 4, '00110000': 35, '01100011': 2, '01110100': 6, '01011001': 12}","DensityMatrix([[ 2.86568244e-04-1.57963352e-19j,
                 6.65260766e-05-6.53157438e-05j,
                -1.94333188e-05+1.19921600e-04j, ...,
                 9.69216454e-05+2.04817529e-05j,
                 1.71929081e-05-6.10399814e-05j,
                 4.41420727e-05+8.81334298e-05j],
               [ 6.65260766e-05+6.53157438e-05j,
                 2.80028659e-04-2.21412220e-19j,
                -2.94395207e-05+1.47033643e-05j, ...,
                 1.10202693e-04+1.38919824e-04j,
                 9.34070144e-05-6.27785115e-05j,
                -4.04894712e-05+1.69841666e-04j],
               [-1.94333188e-05-1.19921600e-04j,
                -2.94395207e-05-1.47033643e-05j,
                 9.58009286e-05-4.20140927e-20j, ...,
                -1.93836879e-05-1.28459466e-04j,
                -8.14066659e-05+8.46216112e-06j,
                 9.00677170e-05-9.47404203e-05j],
               ...,
               [ 9.69216454e-05-2.04817529e-05j,
                 1.10202693e-04-1.38919824e-04j,
                -1.93836879e-05+1.28459466e-04j, ...,
                 5.14319430e-03+2.11981833e-19j,
                 3.13059011e-04-3.20680093e-03j,
                 3.00479225e-03+3.91341004e-03j],
               [ 1.71929081e-05+6.10399814e-05j,
                 9.34070144e-05+6.27785115e-05j,
                -8.14066659e-05-8.46216112e-06j, ...,
                 3.13059011e-04+3.20680093e-03j,
                 2.44522375e-03-1.50084341e-18j,
                -2.40836663e-03+2.14821969e-03j],
               [ 4.41420727e-05-8.81334298e-05j,
                -4.04894712e-05-1.69841666e-04j,
                 9.00677170e-05+9.47404203e-05j, ...,
                 3.00479225e-03-3.91341004e-03j,
                -2.40836663e-03-2.14821969e-03j,
                 5.23820587e-03-4.22520656e-18j]],
              dims=(2, 2, 2, 2, 2, 2, 2, 2))"
data/selected_mutant_qc/mutants_qpeexact_8/qpeexact_8_Mutant_Replace_cx_P41_Q6_[].qasm,Quratest_5,"{'00101010': 1, '01110010': 1, '01010110': 1, '01111100': 1, '00111110': 1, '00111000': 1, '01111110': 1, '01101001': 3, '01000000': 1, '01100001': 2, '00000100': 2, '01111010': 1, '00101111': 5, '01101101': 2, '00010010': 2, '01110101': 2, '01100011': 4, '00010110': 2, '00001111': 1, '00110101': 5, '01000010': 4, '00110010': 2, '01110001': 2, '00101011': 3, '00110111': 3, '01111101': 5, '00101100': 1, '00100111': 2, '01001001': 22, '00001100': 2, '00001011': 4, '00001001': 5, '01010101': 15, '00100011': 6, '00111100': 2, '01010000': 1, '01111111': 9, '00111010': 4, '01100101': 2, '01101011': 6, '01000101': 196, '01011101': 2, '01010100': 4, '00110110': 1, '01001011': 18, '01111011': 56, '00001010': 3, '00111111': 30, '00001101': 30, '01001110': 4, '00000011': 28, '01001100': 6, '00100101': 3, '00000001': 39, '00101001': 1, '01110011': 4, '00000111': 6, '01000110': 4, '00010100': 4, '01011011': 2, '00000101': 77, '01000011': 29, '00001110': 11, '00010101': 4, '01001010': 2, '01000001': 76, '00111001': 9, '01010001': 5, '01000111': 37, '00111101': 42, '00111011': 44, '01000100': 3, '01001111': 15, '01011100': 1, '00110011': 4, '00101101': 12, '01001101': 50, '01111001': 23}","DensityMatrix([[ 1.06500854e-03+0.00000000e+00j,
                -5.53563600e-03+1.06890291e-03j,
                -2.06139929e-04+1.64771299e-04j, ...,
                -7.64149972e-05-3.67000380e-05j,
                 3.23747811e-04-3.62808051e-04j,
                 1.20116450e-05+9.41778880e-05j],
               [-5.53563600e-03-1.06890291e-03j,
                 2.98456004e-02+0.00000000e+00j,
                 1.23683528e-03-6.49544429e-04j, ...,
                 3.60350943e-04+2.67451625e-04j,
                -2.04689121e-03+1.56084976e-03j,
                 3.20888737e-05-5.01567611e-04j],
               [-2.06139929e-04-1.64771299e-04j,
                 1.23683528e-03+6.49544429e-04j,
                 6.53922000e-05+0.00000000e+00j, ...,
                 9.11266793e-06+1.89259906e-05j,
                -1.18795014e-04+2.01358748e-05j,
                 1.22456608e-05-2.00871605e-05j],
               ...,
               [-7.64149972e-05+3.67000380e-05j,
                 3.60350943e-04-2.67451625e-04j,
                 9.11266793e-06-1.89259906e-05j, ...,
                 6.74749949e-06+0.00000000e+00j,
                -1.07267861e-05+3.71879958e-05j,
                -4.10719888e-06-6.34340004e-06j],
               [ 3.23747811e-04+3.62808051e-04j,
                -2.04689121e-03-1.56084976e-03j,
                -1.18795014e-04-2.01358748e-05j, ...,
                -1.07267861e-05-3.71879958e-05j,
                 2.22009794e-04+0.00000000e+00j,
                -2.84314642e-05+3.27206827e-05j],
               [ 1.20116450e-05-9.41778880e-05j,
                 3.20888737e-05+5.01567611e-04j,
                 1.22456608e-05+2.00871605e-05j, ...,
                -4.10719888e-06+6.34340004e-06j,
                -2.84314642e-05-3.27206827e-05j,
                 8.46355110e-06+0.00000000e+00j]],
              dims=(2, 2, 2, 2, 2, 2, 2, 2))","{'01010001': 1, '00010110': 1, '00011011': 1, '01011110': 1, '00010100': 3, '00101010': 1, '01011100': 1, '00010000': 1, '00101001': 1, '01111000': 1, '01111110': 1, '01000001': 52, '01011000': 1, '01001111': 8, '00011110': 1, '01001110': 8, '01011001': 2, '00110001': 2, '00010001': 3, '00001110': 10, '01000000': 3, '00001100': 4, '01101111': 2, '01001010': 2, '00000110': 9, '00100100': 3, '01000111': 34, '01001000': 2, '01100110': 3, '01110011': 7, '00011001': 2, '00101111': 3, '00100011': 5, '00000010': 7, '01010000': 3, '01111100': 1, '01000010': 8, '00001111': 2, '00110101': 8, '01111010': 6, '00101011': 3, '01110001': 5, '01110101': 2, '01010110': 3, '00101101': 19, '00011111': 3, '01000100': 10, '00010010': 4, '00011101': 2, '00000001': 27, '01011011': 7, '01011111': 3, '00000101': 69, '01000011': 27, '00110011': 1, '00110111': 4, '00000000': 3, '00100111': 4, '01000110': 8, '00100001': 6, '01100001': 9, '01111001': 20, '00000100': 6, '01001100': 2, '01010010': 2, '01110110': 2, '00111110': 2, '00100101': 6, '00000011': 16, '00110110': 2, '01110100': 1, '01001011': 14, '01100111': 2, '00111011': 44, '01111101': 8, '01001001': 22, '00010011': 2, '00111111': 29, '01100011': 8, '00010101': 13, '00111001': 10, '01101100': 2, '01101010': 2, '01101101': 6, '01001101': 36, '01000101': 130, '00000111': 6, '00001000': 3, '00111100': 4, '01101001': 10, '00111010': 6, '01111111': 10, '00111101': 38, '00001101': 27, '01110111': 1, '01010101': 8, '01010011': 5, '00001001': 5, '00001011': 8, '01010100': 5, '01011101': 1, '01101011': 4, '01100101': 6, '00001010': 6, '01111011': 51}","DensityMatrix([[ 1.60790070e-03-3.20500489e-19j,
                -4.63409999e-03+1.08520858e-03j,
                -9.59309574e-05-1.53314329e-04j, ...,
                -6.00561367e-05-2.79000040e-05j,
                 2.55256950e-04-2.86859560e-04j,
                 9.32592610e-06+7.51112312e-05j],
               [-4.63409999e-03-1.08520858e-03j,
                 2.71727692e-02-3.17022563e-20j,
                 7.91575448e-04-3.77202355e-04j, ...,
                 2.86552310e-04+2.14369618e-04j,
                -1.60998425e-03+1.22343957e-03j,
                 2.79445130e-05-3.93641520e-04j],
               [-9.59309574e-05+1.53314329e-04j,
                 7.91575448e-04+3.77202355e-04j,
                 7.22110849e-04+3.61274208e-18j, ...,
                 7.46005132e-06+1.54563652e-05j,
                -8.44033995e-05+1.37885540e-05j,
                 9.80183197e-06-1.50023697e-05j],
               ...,
               [-6.00561367e-05+2.79000040e-05j,
                 2.86552310e-04-2.14369618e-04j,
                 7.46005132e-06-1.54563652e-05j, ...,
                 1.57554101e-04+2.08215775e-20j,
                -3.83132295e-05+3.75250618e-05j,
                 4.84637754e-05-2.24506217e-08j],
               [ 2.55256950e-04+2.86859560e-04j,
                -1.60998425e-03-1.22343957e-03j,
                -8.44033995e-05-1.37885540e-05j, ...,
                -3.83132295e-05-3.75250618e-05j,
                 5.77543062e-04+3.93188576e-19j,
                -4.55500797e-05+6.68359281e-05j],
               [ 9.32592610e-06-7.51112312e-05j,
                 2.79445130e-05+3.93641520e-04j,
                 9.80183197e-06+1.50023697e-05j, ...,
                 4.84637754e-05+2.24506217e-08j,
                -4.55500797e-05-6.68359281e-05j,
                 1.35270001e-04-5.51942806e-20j]],
              dims=(2, 2, 2, 2, 2, 2, 2, 2))"
data/selected_mutant_qc/mutants_qpeexact_8/qpeexact_8_Mutant_Replace_cx_P41_Q6_[].qasm,Quratest_6,"{'00010011': 1, '01111011': 1, '00100110': 3, '01100000': 1, '00111000': 3, '00011101': 1, '01100100': 1, '00111101': 3, '01100110': 3, '01000010': 6, '00111001': 8, '00010101': 18, '01010000': 2, '01111100': 1, '00000100': 2, '01111001': 4, '01100101': 5, '00101000': 9, '01000000': 2, '00001110': 6, '00001100': 5, '01001110': 8, '01011001': 2, '00010100': 4, '01000110': 5, '00101011': 4, '01111010': 5, '00100001': 28, '01100001': 17, '00110100': 12, '01001111': 3, '01110011': 2, '00011001': 3, '00101111': 12, '01001001': 18, '01010111': 2, '00111111': 1, '00101100': 6, '01100010': 3, '00010110': 23, '00011000': 1, '00011010': 1, '01101110': 13, '00010010': 5, '01110101': 15, '00001010': 28, '01111000': 2, '00101001': 46, '01010010': 11, '01001100': 6, '01001000': 10, '01000111': 3, '01101100': 13, '01010001': 8, '00001101': 17, '01101010': 26, '01000001': 31, '00000110': 3, '01001010': 25, '01000101': 7, '00000111': 5, '00101110': 13, '01101101': 50, '01100011': 4, '01001011': 6, '01110100': 1, '00010001': 5, '00110001': 6, '01000011': 3, '00000101': 7, '00110111': 13, '00110011': 2, '00000000': 7, '00010111': 1, '01011101': 2, '00100010': 4, '00110101': 20, '00001111': 4, '00110110': 55, '01010100': 1, '00101101': 25, '00000010': 11, '00111110': 4, '01110110': 17, '00100000': 6, '01101111': 7, '01111101': 3, '01011110': 1, '01010110': 18, '01010101': 10, '01110111': 4, '00100011': 8, '00111010': 1, '01101001': 3, '01111111': 3, '00111100': 2, '00001000': 2, '01110001': 20, '00010000': 2, '00101010': 17, '01101011': 11, '01001101': 31, '00001011': 5, '00001001': 9, '01110010': 25, '01110000': 9, '01100111': 3, '00000011': 2, '00100101': 1, '01101000': 3, '00000001': 38}","DensityMatrix([[ 3.84045973e-03+0.00000000e+00j,
                 9.16176643e-04+9.43431052e-03j,
                 2.03206099e-04-3.16411822e-03j, ...,
                 1.36449895e-04+5.93419275e-05j,
                -1.33753857e-04-1.59657837e-03j,
                -1.17564173e-03+7.88604572e-04j],
               [ 9.16176643e-04-9.43431052e-03j,
                 2.33944894e-02+0.00000000e+00j,
                -7.72436198e-03-1.25401670e-03j, ...,
                 1.78328228e-04-3.21040469e-04j,
                -3.95399491e-03-5.23042570e-05j,
                 1.65679251e-03+3.07616042e-03j],
               [ 2.03206099e-04+3.16411822e-03j,
                -7.72436198e-03+1.25401670e-03j,
                 2.61763891e-03+0.00000000e+00j, ...,
                -4.16714233e-05+1.15559665e-04j,
                 1.30832855e-03-1.94676557e-04j,
                -7.11929263e-04-9.26873450e-04j],
               ...,
               [ 1.36449895e-04-5.93419275e-05j,
                 1.78328228e-04+3.21040469e-04j,
                -4.16714233e-05-1.15559665e-04j, ...,
                 5.76494478e-06+0.00000000e+00j,
                -2.94221904e-05-5.46590132e-05j,
                -2.95847069e-05+4.61845378e-05j],
               [-1.33753857e-04+1.59657837e-03j,
                -3.95399491e-03+5.23042570e-05j,
                 1.30832855e-03+1.94676557e-04j, ...,
                -2.94221904e-05+5.46590132e-05j,
                 6.68397211e-04+0.00000000e+00j,
                -2.86898564e-04-5.16209827e-04j],
               [-1.17564173e-03-7.88604572e-04j,
                 1.65679251e-03-3.07616042e-03j,
                -7.11929263e-04+9.26873450e-04j, ...,
                -2.95847069e-05-4.61845378e-05j,
                -2.86898564e-04+5.16209827e-04j,
                 5.21820508e-04+0.00000000e+00j]],
              dims=(2, 2, 2, 2, 2, 2, 2, 2))","{'01010000': 1, '01000100': 1, '01111110': 1, '01011010': 1, '01010011': 1, '00001011': 2, '00100000': 2, '01110111': 6, '01000010': 9, '01100000': 4, '00111101': 5, '01010101': 6, '00001100': 2, '01000000': 10, '00001110': 10, '01000111': 1, '01001000': 2, '01110101': 8, '01011110': 2, '01010110': 23, '00111111': 2, '01010111': 7, '01011101': 1, '00100010': 10, '00010111': 3, '00110001': 8, '00010001': 2, '00010110': 39, '01101111': 3, '00010010': 6, '00000100': 1, '01111001': 5, '01001001': 12, '01000110': 2, '00010100': 5, '00011111': 1, '00101101': 24, '01001110': 11, '01011001': 3, '01100101': 6, '00101000': 10, '01100110': 4, '01100011': 6, '01001011': 6, '01110100': 5, '01001010': 23, '00000110': 7, '00101110': 18, '00111011': 1, '01110010': 26, '01110000': 11, '01101000': 5, '01100111': 7, '00000001': 17, '00000011': 6, '00100101': 4, '00010101': 7, '00111001': 8, '01101100': 9, '00110010': 6, '01100001': 16, '00100001': 22, '01010001': 8, '00101100': 4, '01100010': 8, '00001111': 4, '00110101': 18, '01111000': 2, '00101001': 48, '01111111': 4, '01101001': 11, '00111010': 3, '00111100': 2, '00001000': 4, '01101011': 8, '01111101': 4, '01110011': 3, '00101111': 16, '00011001': 2, '00110011': 2, '00000000': 5, '00110111': 8, '01100100': 2, '00001101': 20, '00101011': 9, '01111010': 10, '00100110': 2, '00010000': 2, '01011000': 1, '01000001': 15, '01101010': 28, '01000011': 4, '00011101': 4, '00000101': 5, '00111110': 5, '01110110': 17, '01001100': 13, '01010010': 7, '00111000': 5, '00000010': 7, '01110001': 19, '00110110': 45, '01010100': 1, '00000111': 1, '01000101': 7, '00001010': 12, '01001101': 30, '00100011': 10, '00110000': 4, '01101101': 41, '00001001': 10, '00011110': 1, '01001111': 3, '00110100': 9, '00101010': 28, '00011010': 1, '01101110': 10}","DensityMatrix([[ 3.99862234e-03+2.78500854e-19j,
                 1.08788924e-03+8.14382038e-03j,
                 2.13418401e-04-3.07559142e-03j, ...,
                 9.82498632e-05+5.32370578e-05j,
                -1.10579575e-04-1.21182484e-03j,
                -8.87205737e-04+6.04809797e-04j],
               [ 1.08788924e-03-8.14382038e-03j,
                 2.12196826e-02-8.99960403e-19j,
                -6.65353058e-03-1.30159623e-03j, ...,
                 1.58257559e-04-2.30332727e-04j,
                -2.98553170e-03-9.20599490e-06j,
                 1.27202616e-03+2.33106762e-03j],
               [ 2.13418401e-04+3.07559142e-03j,
                -6.65353058e-03+1.30159623e-03j,
                 2.91441245e-03+8.58733283e-19j, ...,
                -4.33003582e-05+8.46144922e-05j,
                 9.86640823e-04-1.52992708e-04j,
                -5.45589669e-04-7.02161007e-04j],
               ...,
               [ 9.82498632e-05-5.32370578e-05j,
                 1.58257559e-04+2.30332727e-04j,
                -4.33003582e-05-8.46144922e-05j, ...,
                 2.90596051e-04+8.68494621e-19j,
                 2.44298915e-04+4.48573674e-05j,
                -1.44867727e-05-1.05525714e-04j],
               [-1.10579575e-04+1.21182484e-03j,
                -2.98553170e-03+9.20599490e-06j,
                 9.86640823e-04+1.52992708e-04j, ...,
                 2.44298915e-04-4.48573674e-05j,
                 1.19587201e-03+7.28712969e-19j,
                -3.66309286e-04-6.07810495e-04j],
               [-8.87205737e-04-6.04809797e-04j,
                 1.27202616e-03-2.33106762e-03j,
                -5.45589669e-04+7.02161007e-04j, ...,
                -1.44867727e-05+1.05525714e-04j,
                -3.66309286e-04+6.07810495e-04j,
                 6.42447627e-04+9.69970867e-19j]],
              dims=(2, 2, 2, 2, 2, 2, 2, 2))"
data/selected_mutant_qc/mutants_qpeexact_8/qpeexact_8_Mutant_Replace_cx_P41_Q6_[].qasm,Quratest_7,"{'00011011': 1, '01111100': 1, '01110110': 1, '01000100': 2, '01010011': 1, '00110101': 1, '00111000': 1, '01110010': 6, '01010010': 1, '01001100': 3, '01011001': 11, '01001110': 6, '01000010': 2, '01001000': 6, '01100101': 13, '00101000': 5, '01000000': 2, '00001110': 5, '00001100': 12, '01010101': 3, '01000110': 1, '01100000': 1, '01100011': 5, '01110100': 4, '01000001': 5, '01011000': 4, '00111101': 26, '00001011': 1, '00001001': 37, '00000010': 4, '00110001': 2, '00010001': 1, '00010110': 3, '00101010': 9, '00011100': 3, '00011001': 1, '00101111': 4, '01001111': 1, '00011110': 4, '00100001': 3, '00110010': 5, '01100001': 10, '00101101': 131, '00110111': 2, '00000000': 1, '00110011': 2, '01100110': 5, '01101110': 14, '00011010': 6, '00111111': 2, '01010111': 2, '00000001': 5, '01011011': 1, '00011101': 15, '01101111': 2, '01111101': 1, '00101001': 14, '01111000': 8, '00001010': 14, '00100110': 6, '01111011': 1, '00111110': 11, '00100000': 4, '01111110': 4, '00111001': 12, '00010101': 2, '01110001': 6, '00010010': 1, '01011010': 4, '00101100': 40, '01100010': 10, '01111001': 17, '01010001': 1, '01101100': 11, '01100100': 2, '00001101': 46, '00001000': 11, '00111100': 9, '01101001': 106, '00111010': 13, '01111111': 1, '01110101': 4, '00110000': 5, '01011101': 9, '00100010': 5, '01010100': 2, '00000111': 1, '01000101': 7, '01101101': 24, '00101110': 29, '01101011': 1, '00000101': 2, '01011111': 4, '00110110': 2, '00101011': 1, '01111010': 5, '01001101': 35, '01010110': 3, '01011110': 8, '01001010': 7, '00000110': 4, '00100101': 4, '01100111': 3, '01101000': 40, '01101010': 22, '00010011': 1, '01001001': 36}","DensityMatrix([[ 8.16259464e-05+0.00000000e+00j,
                -5.68879382e-05+2.00934100e-04j,
                 1.31080137e-04-2.67953614e-04j, ...,
                 7.85142727e-04-2.11839534e-04j,
                 3.56635352e-04+1.69365045e-04j,
                 3.55706869e-05-1.12781453e-04j],
               [-5.68879382e-05-2.00934100e-04j,
                 5.34275581e-04+0.00000000e+00j,
                -7.50960933e-04-1.35926642e-04j, ...,
                -1.06866678e-03-1.78510436e-03j,
                 1.68365129e-04-9.95945961e-04j,
                -3.02418335e-04-8.96111609e-06j],
               [ 1.31080137e-04+2.67953614e-04j,
                -7.50960933e-04+1.35926642e-04j,
                 1.09010854e-03+0.00000000e+00j, ...,
                 1.95623809e-03+2.23720378e-03j,
                 1.67328551e-05+1.44270456e-03j,
                 4.27349514e-04-6.43436869e-05j],
               ...,
               [ 7.85142727e-04+2.11839534e-04j,
                -1.06866678e-03+1.78510436e-03j,
                 1.95623809e-03-2.23720378e-03j, ...,
                 8.10189797e-03+0.00000000e+00j,
                 2.99085587e-03+2.55464358e-03j,
                 6.34842705e-04-9.92506228e-04j],
               [ 3.56635352e-04-1.69365045e-04j,
                 1.68365129e-04+9.95945961e-04j,
                 1.67328551e-05-1.44270456e-03j, ...,
                 2.99085587e-03-2.55464358e-03j,
                 1.90960473e-03+0.00000000e+00j,
                -7.85959832e-05-5.66563530e-04j],
               [ 3.55706869e-05+1.12781453e-04j,
                -3.02418335e-04+8.96111609e-06j,
                 4.27349514e-04+6.43436869e-05j, ...,
                 6.34842705e-04+9.92506228e-04j,
                -7.85959832e-05+5.66563530e-04j,
                 1.71329468e-04+0.00000000e+00j]],
              dims=(2, 2, 2, 2, 2, 2, 2, 2))","{'01010011': 1, '00010010': 1, '01010110': 1, '00011011': 3, '00110000': 1, '01110111': 1, '00000011': 1, '00100101': 4, '01011100': 3, '00001111': 2, '01100110': 5, '01110110': 2, '01110101': 3, '01110010': 2, '00101111': 4, '00011001': 7, '01110011': 4, '00101010': 6, '00011100': 5, '01010101': 1, '00100011': 4, '01111011': 1, '00100110': 7, '00101011': 1, '01111010': 5, '00001100': 15, '00001110': 9, '01000000': 2, '00111111': 3, '01010111': 2, '00101110': 21, '00111011': 2, '01000010': 4, '01011001': 8, '01001110': 9, '01010010': 2, '01001100': 6, '00011010': 4, '01101110': 6, '01110000': 5, '01000001': 7, '01011000': 5, '01000100': 3, '01111101': 13, '00000000': 3, '00110011': 1, '00110111': 3, '01010000': 5, '01111100': 9, '01011010': 6, '00100000': 3, '00111110': 5, '01001000': 9, '01011110': 4, '01101111': 2, '00110100': 2, '00001010': 4, '01101101': 26, '01111001': 16, '00000100': 4, '00100001': 9, '01100001': 9, '00011110': 7, '00011000': 3, '00010110': 1, '00110001': 4, '00010001': 3, '01111110': 7, '01100111': 6, '01101000': 25, '01011011': 1, '00000001': 6, '01101100': 3, '00010101': 4, '00111001': 21, '01010001': 3, '01100100': 4, '00001101': 41, '01100000': 3, '00100100': 4, '01110001': 6, '01010100': 1, '00100010': 3, '01011101': 14, '01000101': 7, '01100101': 8, '00101000': 10, '01100011': 3, '01001011': 2, '01110100': 6, '01111000': 7, '00101001': 29, '00100111': 5, '01100010': 8, '00101100': 39, '00111100': 8, '01111111': 3, '00001000': 16, '00111010': 10, '01101001': 83, '00110101': 4, '00110110': 6, '00000101': 1, '01011111': 1, '01101011': 4, '00001011': 2, '00001001': 31, '01001101': 20, '00011111': 1, '00101101': 73, '00000110': 3, '01001010': 9, '01101010': 37, '01000011': 4, '00011101': 16, '01000110': 8, '01001001': 30, '00111101': 27, '00000010': 7, '00111000': 5}","DensityMatrix([[ 1.12344580e-03-1.07392183e-19j,
                 3.07150639e-04+5.30121264e-04j,
                 1.88059978e-04-4.22925961e-04j, ...,
                 6.17598516e-04-1.72619670e-04j,
                 2.82811403e-04+1.34019646e-04j,
                 2.53835601e-05-8.90620884e-05j],
               [ 3.07150639e-04-5.30121264e-04j,
                 8.81709947e-04-3.41050762e-19j,
                -7.22953158e-04-2.00714935e-04j, ...,
                -8.63243067e-04-1.39029841e-03j,
                 1.21021702e-04-7.84124541e-04j,
                -2.38262715e-04-3.13621572e-06j],
               [ 1.88059978e-04+4.22925961e-04j,
                -7.22953158e-04+2.00714935e-04j,
                 1.18120889e-03-2.39838198e-19j, ...,
                 1.55202667e-03+1.73411784e-03j,
                 2.35394859e-05+1.13708306e-03j,
                 3.37259895e-04-5.81366126e-05j],
               ...,
               [ 6.17598516e-04+1.72619670e-04j,
                -8.63243067e-04+1.39029841e-03j,
                 1.55202667e-03-1.73411784e-03j, ...,
                 8.12833742e-03+2.03650261e-18j,
                 2.87297375e-03+2.49199323e-03j,
                 6.24868442e-04-1.02204378e-03j],
               [ 2.82811403e-04-1.34019646e-04j,
                 1.21021702e-04+7.84124541e-04j,
                 2.35394859e-05-1.13708306e-03j, ...,
                 2.87297375e-03-2.49199323e-03j,
                 2.07700215e-03+4.66968981e-19j,
                -1.19909048e-04-5.67710213e-04j],
               [ 2.53835601e-05+8.90620884e-05j,
                -2.38262715e-04+3.13621572e-06j,
                 3.37259895e-04+5.81366126e-05j, ...,
                 6.24868442e-04+1.02204378e-03j,
                -1.19909048e-04+5.67710213e-04j,
                 3.55841578e-04-1.39269934e-18j]],
              dims=(2, 2, 2, 2, 2, 2, 2, 2))"
data/selected_mutant_qc/mutants_qpeexact_8/qpeexact_8_Mutant_Replace_cx_P41_Q6_[].qasm,Quratest_8,"{'01110101': 1, '01101110': 1, '00100111': 2, '00101100': 1, '00100100': 2, '00011000': 2, '00010101': 1, '00111000': 2, '00100010': 1, '01011001': 1, '00110011': 1, '00110000': 1, '01101001': 3, '00101001': 4, '01100110': 2, '01001001': 1, '00010011': 2, '01110010': 4, '01000111': 5, '00010010': 1, '01001111': 5, '00110100': 3, '00011100': 6, '01101111': 3, '00110110': 3, '01011111': 1, '01001011': 6, '00101011': 6, '00010111': 6, '00010110': 1, '01100011': 1, '00000110': 6, '00110101': 2, '00001111': 2, '01111010': 8, '01000010': 13, '00000001': 20, '01100100': 1, '00001101': 17, '01000000': 18, '00011101': 1, '00110001': 1, '00000101': 24, '00000000': 35, '01000011': 1, '01111110': 11, '01101010': 1, '01000001': 12, '01001010': 7, '00111100': 1, '00001000': 33, '01111111': 27, '00111010': 7, '01010000': 8, '01000100': 19, '01111000': 10, '01010100': 3, '01000101': 20, '01011101': 4, '00001011': 3, '00001001': 23, '01010011': 1, '01010110': 8, '00001110': 7, '01101101': 7, '00000011': 31, '01001100': 23, '01001110': 13, '01110111': 4, '00100011': 5, '00001010': 11, '01111011': 27, '01110011': 3, '00000111': 33, '01000110': 29, '00010100': 14, '00111110': 4, '01010010': 7, '00000010': 24, '01111100': 18, '00111101': 6, '00111111': 53, '01010001': 1, '00111001': 27, '01101100': 5, '00110111': 4, '00011001': 4, '01111101': 65, '00111011': 49, '01001101': 5, '01001000': 31, '00000100': 19, '00101000': 3, '00001100': 32, '01111001': 27, '00100110': 1, '00010000': 6}","DensityMatrix([[ 1.95204595e-02+0.00000000e+00j,
                -1.50579738e-02+1.20192865e-02j,
                -8.28145115e-03-4.21203432e-04j, ...,
                 4.29495140e-04+1.45949607e-03j,
                 2.67107876e-03+2.53873867e-03j,
                 2.17430417e-05-2.57031949e-04j],
               [-1.50579738e-02-1.20192865e-02j,
                 1.90162441e-02+0.00000000e+00j,
                 6.12891873e-03+5.42403236e-03j, ...,
                 5.67341912e-04-1.39029917e-03j,
                -4.97283714e-04-3.60302591e-03j,
                -1.75034137e-04+1.84885223e-04j],
               [-8.28145115e-03+4.21203432e-04j,
                 6.12891873e-03-5.42403236e-03j,
                 3.52245015e-03+0.00000000e+00j, ...,
                -2.13703360e-04-6.09916001e-04j,
                -1.18797069e-03-1.01941108e-03j,
                -3.67825353e-06+1.09513599e-04j],
               ...,
               [ 4.29495140e-04-1.45949607e-03j,
                 5.67341912e-04+1.39029917e-03j,
                -2.13703360e-04+6.09916001e-04j, ...,
                 1.18572765e-04+0.00000000e+00j,
                 2.48585054e-04-1.43851790e-04j,
                -1.87392407e-05-7.28096882e-06j],
               [ 2.67107876e-03-2.53873867e-03j,
                -4.97283714e-04+3.60302591e-03j,
                -1.18797069e-03+1.01941108e-03j, ...,
                 2.48585054e-04+1.43851790e-04j,
                 6.95672959e-04+0.00000000e+00j,
                -3.04531547e-05-3.79987203e-05j],
               [ 2.17430417e-05+2.57031949e-04j,
                -1.75034137e-04-1.84885223e-04j,
                -3.67825353e-06-1.09513599e-04j, ...,
                -1.87392407e-05+7.28096882e-06j,
                -3.04531547e-05+3.79987203e-05j,
                 3.40863813e-06+0.00000000e+00j]],
              dims=(2, 2, 2, 2, 2, 2, 2, 2))","{'00100011': 2, '00100100': 1, '01101011': 1, '00110100': 1, '01011110': 2, '00011101': 1, '00010000': 4, '00100000': 1, '01010011': 2, '01110101': 3, '00001111': 1, '00101000': 3, '00101100': 2, '01101100': 6, '01110010': 3, '00010110': 2, '00011000': 4, '01010110': 9, '01001001': 4, '01111011': 23, '00100110': 1, '01101111': 4, '01100010': 1, '00100111': 3, '01111110': 15, '00111001': 30, '00010101': 2, '01110000': 3, '01011101': 6, '00010111': 3, '00100010': 1, '01100000': 1, '01010101': 3, '01110111': 6, '01001111': 3, '01001100': 29, '01010010': 9, '00111110': 2, '01100011': 3, '00011001': 6, '01110011': 5, '00101111': 5, '00001100': 25, '01000000': 15, '00001110': 12, '00111101': 7, '00101011': 5, '01111010': 7, '01000111': 6, '01001000': 15, '01011000': 3, '01000001': 7, '00000110': 9, '01001010': 13, '01011001': 1, '01001110': 11, '00100101': 1, '00000011': 24, '01111001': 33, '00000100': 25, '01000011': 8, '00110001': 2, '00000001': 30, '01011011': 2, '00110111': 2, '00110011': 4, '00000000': 24, '01011111': 2, '00000101': 10, '00111010': 5, '01101001': 8, '00110000': 3, '00001011': 5, '00011011': 9, '00001001': 21, '00001010': 10, '01000100': 28, '00101001': 6, '01111000': 7, '00101010': 1, '01100111': 3, '01000010': 18, '01000101': 23, '00000111': 34, '01111100': 20, '01010000': 3, '00111100': 3, '00001000': 21, '01111111': 29, '00111011': 50, '00101110': 1, '01101101': 6, '01011100': 6, '00011111': 2, '00101101': 3, '01010111': 1, '00111111': 32, '00110110': 2, '01110100': 2, '01001011': 3, '01001101': 14, '01010100': 3, '01100100': 1, '00001101': 12, '00111000': 11, '00000010': 13, '01100110': 5, '01101110': 3, '00011010': 2, '01100001': 1, '00110010': 1, '00100001': 3, '01010001': 3, '01110001': 3, '00010100': 3, '01000110': 17, '01111101': 45}","DensityMatrix([[ 1.79839063e-02+4.20772444e-19j,
                -1.32487111e-02+9.90069513e-03j,
                -7.07314559e-03-7.59195893e-04j, ...,
                 3.46823009e-04+1.13831864e-03j,
                 2.14442527e-03+2.01723198e-03j,
                 2.08833296e-05-2.04128593e-04j],
               [-1.32487111e-02-9.90069513e-03j,
                 1.81014700e-02+3.63978682e-18j,
                 5.06243795e-03+4.88525584e-03j, ...,
                 3.89301155e-04-1.11068995e-03j,
                -4.69319720e-04-2.84982928e-03j,
                -1.43845224e-04+1.58059613e-04j],
               [-7.07314559e-03+7.59195893e-04j,
                 5.06243795e-03-4.88525584e-03j,
                 3.78538152e-03+3.06254868e-18j, ...,
                -1.74410779e-04-4.72812675e-04j,
                -9.59573732e-04-8.03096174e-04j,
                -4.57208239e-06+9.35047297e-05j],
               ...,
               [ 3.46823009e-04-1.13831864e-03j,
                 3.89301155e-04+1.11068995e-03j,
                -1.74410779e-04+4.72812675e-04j, ...,
                 1.40841311e-03-1.13244822e-19j,
                 1.73357474e-04+1.88183563e-04j,
                 2.70493645e-04-7.38829197e-04j],
               [ 2.14442527e-03-2.01723198e-03j,
                -4.69319720e-04+2.84982928e-03j,
                -9.59573732e-04+8.03096174e-04j, ...,
                 1.73357474e-04-1.88183563e-04j,
                 1.68618428e-03-8.09523619e-20j,
                -1.40837932e-04-1.51442722e-04j],
               [ 2.08833296e-05+2.04128593e-04j,
                -1.43845224e-04-1.58059613e-04j,
                -4.57208239e-06-9.35047297e-05j, ...,
                 2.70493645e-04+7.38829197e-04j,
                -1.40837932e-04+1.51442722e-04j,
                 6.97481325e-04-8.39986200e-19j]],
              dims=(2, 2, 2, 2, 2, 2, 2, 2))"
data/selected_mutant_qc/mutants_qpeexact_8/qpeexact_8_Mutant_Replace_cx_P41_Q6_[].qasm,Quratest_9,"{'01101111': 1, '00011101': 1, '00111111': 1, '01001001': 2, '01110111': 4, '01010111': 2, '00011011': 4, '01011010': 1, '00100011': 3, '01110010': 3, '01100111': 1, '01100010': 2, '01111110': 6, '01101110': 3, '00011010': 4, '00101010': 7, '00011100': 9, '00000010': 2, '00000100': 19, '01111001': 3, '01000010': 4, '01000111': 5, '01001000': 20, '01010000': 22, '01111100': 13, '01100011': 6, '01001011': 1, '01110100': 15, '01000100': 4, '01011001': 4, '01001110': 3, '01010010': 7, '01001100': 14, '00001100': 17, '01000000': 14, '00001110': 3, '00110010': 4, '00100001': 4, '01100001': 12, '00101000': 8, '01100101': 3, '01101011': 3, '01010110': 1, '01011110': 1, '00100111': 7, '00101100': 21, '00111101': 6, '00001010': 5, '00010010': 3, '01101010': 1, '01011000': 16, '01000001': 12, '00000110': 8, '01001010': 1, '00101011': 6, '01111010': 4, '01111111': 6, '00111100': 8, '00001000': 16, '01101001': 1, '00111010': 7, '01011100': 7, '00101101': 7, '00110111': 14, '00000000': 5, '00110011': 7, '01001111': 5, '00110100': 31, '01100000': 18, '00100100': 14, '01000011': 10, '01011111': 4, '00000101': 7, '00010001': 14, '00110001': 15, '01111101': 16, '01110011': 2, '00101111': 1, '00011001': 16, '01111011': 1, '00100110': 8, '00010000': 9, '01001101': 7, '01101100': 34, '01010001': 24, '00010101': 12, '00111001': 11, '00100000': 2, '00111110': 1, '01110110': 5, '01101101': 15, '00011000': 5, '00010110': 1, '00100010': 2, '01011101': 13, '00010111': 10, '00001101': 11, '00111000': 13, '00101001': 6, '01111000': 11, '00001111': 2, '00110101': 27, '00100101': 6, '00000001': 9, '01101000': 20, '00110000': 13, '01010101': 11, '01110101': 12, '01000110': 7, '00010100': 18, '01000101': 15, '00000111': 8, '00110110': 12, '01010100': 5, '01110001': 7, '00001011': 8, '00001001': 16, '01010011': 11, '00111011': 1, '01110000': 28}","DensityMatrix([[ 0.003859  +0.j        , -0.00142079-0.00054385j,
                 0.00107156-0.0003743j , ..., -0.0041167 +0.00530706j,
                 0.00366609-0.00267546j,  0.00084385+0.00378211j],
               [-0.00142079+0.00054385j,  0.00059974+0.j        ,
                -0.00034177+0.00028883j, ...,  0.00076773-0.0025341j ,
                -0.00097271+0.0015017j , -0.0008437 -0.00127355j],
               [ 0.00107156+0.0003743j , -0.00034177-0.00028883j,
                 0.00033385+0.j        , ..., -0.00165787+0.00107436j,
                 0.0012775 -0.00038733j, -0.00013253+0.00113206j],
               ...,
               [-0.0041167 -0.00530706j,  0.00076773+0.0025341j ,
                -0.00165787-0.00107436j, ...,  0.0116901 +0.j        ,
                -0.00759031-0.00218764j,  0.00430112-0.00519517j],
               [ 0.00366609+0.00267546j, -0.00097271-0.0015017j ,
                 0.0012775 +0.00038733j, ..., -0.00759031+0.00218764j,
                 0.00533773+0.j        , -0.00182048+0.00417808j],
               [ 0.00084385-0.00378211j, -0.0008437 +0.00127355j,
                -0.00013253-0.00113206j, ...,  0.00430112+0.00519517j,
                -0.00182048-0.00417808j,  0.00389127+0.j        ]],
              dims=(2, 2, 2, 2, 2, 2, 2, 2))","{'01101011': 1, '01010111': 4, '01101111': 4, '01010011': 5, '01110110': 2, '01000110': 3, '00010010': 3, '00001010': 6, '01100100': 5, '00000010': 2, '01001101': 8, '00000101': 7, '01011111': 2, '00110110': 10, '01100110': 2, '00100011': 4, '00111000': 8, '01000100': 9, '00101011': 3, '01111010': 6, '00111101': 6, '00110000': 12, '01011010': 3, '01001000': 15, '01000111': 10, '01001110': 6, '01011001': 6, '00111011': 3, '00100001': 2, '01100001': 9, '00110010': 3, '01110001': 14, '01111011': 3, '00100110': 6, '00010000': 15, '00101000': 9, '01100101': 7, '00001101': 4, '01001001': 8, '00010011': 4, '00010001': 13, '00110001': 12, '01000011': 17, '00011101': 3, '00110111': 6, '00110011': 11, '00000000': 10, '00010100': 19, '00001110': 7, '00001100': 10, '01000000': 13, '00011011': 3, '00001011': 5, '00001001': 7, '01111001': 3, '00000100': 21, '00100000': 3, '01001100': 12, '01010010': 6, '01101010': 1, '01011000': 14, '01000001': 11, '00011100': 3, '00101010': 6, '00101001': 4, '01111000': 18, '00100100': 20, '01100000': 14, '01010110': 3, '01011110': 5, '01001010': 2, '00000110': 5, '01100111': 4, '00000011': 2, '00100101': 11, '00000001': 9, '01101000': 13, '00111010': 7, '01111111': 4, '00001000': 27, '01111100': 11, '01010000': 25, '00111100': 15, '00111001': 11, '00010101': 14, '00100010': 2, '01011101': 10, '00010111': 10, '01110101': 14, '00001111': 2, '00110101': 19, '01110010': 5, '01110000': 17, '01111110': 9, '00011111': 1, '00101101': 5, '01011100': 8, '00100111': 10, '01100010': 6, '00101100': 29, '01101101': 7, '01010101': 9, '01110111': 7, '01000010': 6, '00110100': 20, '00011110': 1, '01001111': 2, '01100011': 9, '01001011': 1, '01110100': 20, '00010110': 6, '00011000': 7, '01010001': 17, '01101100': 18, '01110011': 5, '00101111': 2, '00011001': 10, '01111101': 13, '01010100': 3, '01000101': 13, '00000111': 12, '00011010': 3, '01101110': 7}","DensityMatrix([[ 0.00432766-1.08871131e-18j, -0.00165841-5.51190323e-04j,
                 0.00112171-6.29245833e-04j, ...,
                -0.00316023+4.03648097e-03j,  0.00280206-2.01770608e-03j,
                 0.00061746+2.89275898e-03j],
               [-0.00165841+5.51190323e-04j,  0.00096733-1.83656747e-18j,
                -0.00037067+4.45507700e-04j, ...,
                 0.00060953-1.93575489e-03j, -0.00074961+1.13519711e-03j,
                -0.00062517-9.78393460e-04j],
               [ 0.00112171+6.29245833e-04j, -0.00037067-4.45507700e-04j,
                 0.00059628-7.02439511e-19j, ...,
                -0.00126677+8.14583134e-04j,  0.0009844 -2.99059236e-04j,
                -0.00010904+8.59665823e-04j],
               ...,
               [-0.00316023-4.03648097e-03j,  0.00060953+1.93575489e-03j,
                -0.00126677-8.14583134e-04j, ...,
                 0.01103819-2.90818930e-18j, -0.00664982-1.89420114e-03j,
                 0.00393381-4.67351191e-03j],
               [ 0.00280206+2.01770608e-03j, -0.00074961-1.13519711e-03j,
                 0.0009844 +2.99059236e-04j, ...,
                -0.00664982+1.89420114e-03j,  0.00514608-1.21859868e-18j,
                -0.00156261+3.62493439e-03j],
               [ 0.00061746-2.89275898e-03j, -0.00062517+9.78393460e-04j,
                -0.00010904-8.59665823e-04j, ...,
                 0.00393381+4.67351191e-03j, -0.00156261-3.62493439e-03j,
                 0.00386561+2.32212320e-19j]],
              dims=(2, 2, 2, 2, 2, 2, 2, 2))"
