Name,Input,Ideal_output_distribution,Ideal_density_matrix,Noisy_output_distribution,Noisy_density_matrix
data/selected_mutant_qc/mutants_wstate_6/wstate_6_Mutant_Add_rx_P14_Q1_[5.497787143782138].qasm,PureState_0,"{'001101': 14, '001110': 6, '011001': 6, '011111': 12, '000010': 11, '000001': 9, '101010': 273, '101111': 323, '000111': 15, '101001': 263, '011010': 9, '001011': 83}","DensityMatrix([[ 0.00000000e+00+0.00000000e+00j,
                 0.00000000e+00+0.00000000e+00j,
                -0.00000000e+00+0.00000000e+00j, ...,
                 0.00000000e+00+0.00000000e+00j,
                -0.00000000e+00+0.00000000e+00j,
                 0.00000000e+00+0.00000000e+00j],
               [ 0.00000000e+00+0.00000000e+00j,
                 1.02975188e-02+0.00000000e+00j,
                -1.02975188e-02+8.67361738e-19j, ...,
                 6.95920739e-19+5.05801739e-19j,
                -6.71707405e-19-5.19196038e-20j,
                 0.00000000e+00+0.00000000e+00j],
               [-0.00000000e+00+0.00000000e+00j,
                -1.02975188e-02-8.67361738e-19j,
                 1.02975188e-02+0.00000000e+00j, ...,
                -6.95920739e-19-5.05801739e-19j,
                 6.71707405e-19+5.19196038e-20j,
                -0.00000000e+00+0.00000000e+00j],
               ...,
               [ 0.00000000e+00-0.00000000e+00j,
                 6.95920739e-19-5.05801739e-19j,
                -6.95920739e-19+5.05801739e-19j, ...,
                 7.18756708e-35+0.00000000e+00j,
                -4.79451552e-35+2.94846603e-35j,
                 0.00000000e+00-0.00000000e+00j],
               [-0.00000000e+00+0.00000000e+00j,
                -6.71707405e-19+5.19196038e-20j,
                 6.71707405e-19-5.19196038e-20j, ...,
                -4.79451552e-35-2.94846603e-35j,
                 4.40772666e-35+0.00000000e+00j,
                -0.00000000e+00+0.00000000e+00j],
               [ 0.00000000e+00+0.00000000e+00j,
                 0.00000000e+00+0.00000000e+00j,
                -0.00000000e+00+0.00000000e+00j, ...,
                 0.00000000e+00+0.00000000e+00j,
                -0.00000000e+00+0.00000000e+00j,
                 0.00000000e+00+0.00000000e+00j]],
              dims=(2, 2, 2, 2, 2, 2))","{'000101': 1, '111011': 3, '111111': 6, '111001': 4, '011110': 1, '001000': 2, '100001': 1, '011001': 5, '011101': 2, '000110': 2, '011111': 17, '001110': 7, '100010': 7, '101000': 4, '001010': 14, '000111': 14, '101001': 211, '101100': 7, '000011': 3, '101110': 10, '011010': 6, '000001': 13, '101010': 218, '100111': 4, '000010': 15, '011011': 1, '101101': 13, '001001': 19, '100011': 2, '111010': 7, '101111': 271, '101011': 21, '001101': 4, '001111': 29, '001011': 80}","DensityMatrix([[ 1.63523268e-05-1.88735221e-20j,
                -1.41744321e-10-9.22413947e-07j,
                 4.43069987e-10+9.36541079e-07j, ...,
                -1.17589013e-09-8.34911814e-11j,
                 1.12504812e-09-1.52712744e-10j,
                -4.22479683e-10+6.36994229e-09j],
               [-1.41744321e-10+9.22413947e-07j,
                 1.05703635e-02+1.80724951e-18j,
                -1.03751968e-02-1.80646800e-06j, ...,
                 1.12552902e-06-1.33131097e-05j,
                -8.99755420e-07+1.32214619e-05j,
                -2.82408800e-07-1.12772506e-06j],
               [ 4.43069987e-10-9.36541079e-07j,
                -1.03751968e-02+1.80646800e-06j,
                 1.05363464e-02+5.25296612e-18j, ...,
                -8.95083621e-07+1.32216854e-05j,
                 1.04012406e-06-1.33392548e-05j,
                 2.81875307e-07+1.12432856e-06j],
               ...,
               [-1.17589013e-09+8.34911814e-11j,
                 1.12552902e-06+1.33131097e-05j,
                -8.95083621e-07-1.32216854e-05j, ...,
                 3.61414350e-04-4.85450069e-18j,
                -3.35906116e-04-5.42494214e-08j,
                 1.81097484e-07-1.24065613e-07j],
               [ 1.12504812e-09+1.52712744e-10j,
                -8.99755420e-07-1.32214619e-05j,
                 1.04012406e-06+1.33392548e-05j, ...,
                -3.35906116e-04+5.42494214e-08j,
                 3.50711350e-04+6.66762655e-18j,
                -1.80555021e-07+9.07973252e-08j],
               [-4.22479683e-10-6.36994229e-09j,
                -2.82408800e-07+1.12772506e-06j,
                 2.81875307e-07-1.12432856e-06j, ...,
                 1.81097484e-07+1.24065613e-07j,
                -1.80555021e-07-9.07973252e-08j,
                 3.48178116e-04-7.23839686e-21j]],
              dims=(2, 2, 2, 2, 2, 2))"
data/selected_mutant_qc/mutants_wstate_6/wstate_6_Mutant_Add_rx_P14_Q1_[5.497787143782138].qasm,PureState_1,"{'001000': 6, '111110': 15, '111000': 5, '000010': 31, '111101': 24, '110010': 22, '001101': 13, '000100': 88, '001110': 13, '110001': 27, '000001': 23, '110100': 82, '010110': 298, '010000': 75, '010101': 302}","DensityMatrix([[ 0.        +0.00000000e+00j,  0.        -0.00000000e+00j,
                 0.        -0.00000000e+00j, ...,
                -0.        +0.00000000e+00j, -0.        +0.00000000e+00j,
                 0.        +0.00000000e+00j],
               [ 0.        +0.00000000e+00j,  0.0238843 +0.00000000e+00j,
                 0.0238843 +3.46944695e-18j, ...,
                 0.01778236-1.04166667e-02j,  0.01778236-1.04166667e-02j,
                 0.        +0.00000000e+00j],
               [ 0.        +0.00000000e+00j,  0.0238843 -3.46944695e-18j,
                 0.0238843 +0.00000000e+00j, ...,
                 0.01778236-1.04166667e-02j,  0.01778236-1.04166667e-02j,
                 0.        +0.00000000e+00j],
               ...,
               [-0.        +0.00000000e+00j,  0.01778236+1.04166667e-02j,
                 0.01778236+1.04166667e-02j, ...,
                 0.01778236+0.00000000e+00j,  0.01778236-2.37902226e-18j,
                -0.        +0.00000000e+00j],
               [-0.        +0.00000000e+00j,  0.01778236+1.04166667e-02j,
                 0.01778236+1.04166667e-02j, ...,
                 0.01778236+2.37902226e-18j,  0.01778236+0.00000000e+00j,
                -0.        +0.00000000e+00j],
               [ 0.        +0.00000000e+00j,  0.        -0.00000000e+00j,
                 0.        -0.00000000e+00j, ...,
                -0.        +0.00000000e+00j, -0.        +0.00000000e+00j,
                 0.        +0.00000000e+00j]],
              dims=(2, 2, 2, 2, 2, 2))","{'111111': 1, '011000': 2, '100000': 1, '101010': 1, '100101': 1, '001100': 2, '100110': 1, '001010': 2, '011011': 1, '111001': 2, '110101': 18, '010011': 3, '001110': 19, '000000': 8, '011100': 3, '010111': 7, '001101': 11, '100100': 6, '111101': 17, '111000': 8, '000010': 23, '000100': 69, '010010': 11, '011110': 5, '011001': 1, '100001': 2, '010000': 76, '110001': 22, '110110': 22, '010110': 238, '111010': 4, '010001': 11, '111110': 15, '001000': 6, '100010': 3, '010100': 18, '110000': 11, '000101': 9, '010101': 244, '110100': 61, '101110': 1, '011010': 1, '110010': 22, '000001': 25, '011101': 6, '000110': 4}","DensityMatrix([[ 4.20516778e-04+1.02737838e-19j,
                -1.10887127e-06-4.65628796e-06j,
                -1.11191121e-06-4.57919610e-06j, ...,
                 1.56193764e-06+1.48445879e-06j,
                 1.56420596e-06+1.49859288e-06j,
                 8.07024540e-06-4.72827537e-06j],
               [-1.10887127e-06+4.65628796e-06j,
                 2.41912108e-02+4.81698148e-18j,
                 2.37412409e-02-4.06648122e-06j, ...,
                 1.69059886e-02-9.82743263e-03j,
                 1.67197238e-02-9.78508298e-03j,
                -8.74377622e-07-1.50593635e-06j],
               [-1.11191121e-06+4.57919610e-06j,
                 2.37412409e-02+4.06648122e-06j,
                 2.43364872e-02+1.51740097e-17j, ...,
                 1.67231853e-02-9.77924059e-03j,
                 1.68817995e-02-9.77293584e-03j,
                -8.70246799e-07-1.48905661e-06j],
               ...,
               [ 1.56193764e-06-1.48445879e-06j,
                 1.69059886e-02+9.82743263e-03j,
                 1.67231853e-02+9.77924059e-03j, ...,
                 1.77666562e-02+1.08157328e-17j,
                 1.75723879e-02-3.06845976e-06j,
                 3.12536627e-09-1.58348031e-06j],
               [ 1.56420596e-06-1.49859288e-06j,
                 1.67197238e-02+9.78508298e-03j,
                 1.68817995e-02+9.77293584e-03j, ...,
                 1.75723879e-02+3.06845976e-06j,
                 1.77462476e-02+3.93246793e-18j,
                 2.62035351e-09-1.56594299e-06j],
               [ 8.07024540e-06+4.72827537e-06j,
                -8.74377622e-07+1.50593635e-06j,
                -8.70246799e-07+1.48905661e-06j, ...,
                 3.12536627e-09+1.58348031e-06j,
                 2.62035351e-09+1.56594299e-06j,
                 2.35166122e-05+2.33725133e-20j]],
              dims=(2, 2, 2, 2, 2, 2))"
data/selected_mutant_qc/mutants_wstate_6/wstate_6_Mutant_Add_rx_P14_Q1_[5.497787143782138].qasm,PureState_2,"{'101110': 2, '110101': 52, '101011': 39, '110110': 46, '100001': 51, '110011': 716, '101101': 2, '100111': 65, '100010': 51}","DensityMatrix([[ 2.34221755e-34+0.00000000e+00j,
                -0.00000000e+00+0.00000000e+00j,
                -0.00000000e+00+0.00000000e+00j, ...,
                -0.00000000e+00+0.00000000e+00j,
                -0.00000000e+00+0.00000000e+00j,
                -7.56186530e-34-1.77808385e-34j],
               [-0.00000000e+00+0.00000000e+00j,
                 0.00000000e+00+0.00000000e+00j,
                 0.00000000e+00+0.00000000e+00j, ...,
                 0.00000000e+00+0.00000000e+00j,
                 0.00000000e+00+0.00000000e+00j,
                 0.00000000e+00+0.00000000e+00j],
               [-0.00000000e+00+0.00000000e+00j,
                 0.00000000e+00+0.00000000e+00j,
                 0.00000000e+00+0.00000000e+00j, ...,
                 0.00000000e+00+0.00000000e+00j,
                 0.00000000e+00+0.00000000e+00j,
                 0.00000000e+00+0.00000000e+00j],
               ...,
               [-0.00000000e+00+0.00000000e+00j,
                 0.00000000e+00+0.00000000e+00j,
                 0.00000000e+00+0.00000000e+00j, ...,
                 0.00000000e+00+0.00000000e+00j,
                 0.00000000e+00+0.00000000e+00j,
                 0.00000000e+00+0.00000000e+00j],
               [-0.00000000e+00+0.00000000e+00j,
                 0.00000000e+00+0.00000000e+00j,
                 0.00000000e+00+0.00000000e+00j, ...,
                 0.00000000e+00+0.00000000e+00j,
                 0.00000000e+00+0.00000000e+00j,
                 0.00000000e+00+0.00000000e+00j],
               [-7.56186530e-34+1.77808385e-34j,
                 0.00000000e+00+0.00000000e+00j,
                 0.00000000e+00+0.00000000e+00j, ...,
                 0.00000000e+00+0.00000000e+00j,
                 0.00000000e+00+0.00000000e+00j,
                 2.57633579e-33+0.00000000e+00j]],
              dims=(2, 2, 2, 2, 2, 2))","{'111001': 2, '101101': 3, '111101': 2, '110000': 5, '000011': 2, '101001': 1, '011101': 1, '001011': 1, '100100': 2, '100110': 2, '000101': 1, '010101': 3, '000100': 1, '010010': 2, '100101': 2, '111011': 2, '101010': 2, '110001': 14, '100001': 48, '110010': 10, '000001': 1, '110100': 1, '101110': 5, '001110': 1, '110111': 28, '010011': 46, '100010': 44, '000010': 4, '110101': 48, '100111': 47, '100011': 13, '010110': 8, '111110': 1, '101111': 2, '101011': 38, '000111': 5, '111111': 1, '110011': 569, '010111': 5, '110110': 51}","DensityMatrix([[ 7.76597732e-06-5.26363034e-18j,
                 4.03433717e-11-1.42328515e-08j,
                -2.38503825e-11+1.52161475e-08j, ...,
                -3.28448465e-10-9.41946625e-11j,
                 3.28704073e-10+9.54735823e-11j,
                -5.16763571e-10+1.81041653e-09j],
               [ 4.03433717e-11+1.42328515e-08j,
                 1.68448025e-04-2.10682716e-20j,
                -1.61534501e-04-2.71026394e-08j, ...,
                 1.13729607e-06-3.71306587e-06j,
                -1.06755112e-06+3.70093708e-06j,
                -6.68070556e-09-1.45090937e-08j],
               [-2.38503825e-11-1.52161475e-08j,
                -1.61534501e-04+2.71026394e-08j,
                 1.64386713e-04+4.13645821e-20j, ...,
                -1.06623757e-06+3.70128749e-06j,
                 1.11466004e-06-3.72577650e-06j,
                 6.66676231e-09+1.44597448e-08j],
               ...,
               [-3.28448465e-10+9.41946625e-11j,
                 1.13729607e-06+3.71306587e-06j,
                -1.06623757e-06-3.70128749e-06j, ...,
                 9.76753335e-05-2.22235033e-20j,
                -8.73601536e-05-1.31338472e-08j,
                -1.75295991e-08-2.83876415e-07j],
               [ 3.28704073e-10-9.54735823e-11j,
                -1.06755112e-06-3.70093708e-06j,
                 1.11466004e-06+3.72577650e-06j, ...,
                -8.73601536e-05+1.31338472e-08j,
                 9.15068533e-05-1.10964411e-20j,
                 1.74833683e-08+1.52114041e-07j],
               [-5.16763563e-10-1.81041653e-09j,
                -6.68070556e-09+1.45090937e-08j,
                 6.66676231e-09-1.44597448e-08j, ...,
                -1.75295991e-08+2.83876415e-07j,
                 1.74833683e-08-1.52114041e-07j,
                 1.46904035e-03-9.87209068e-19j]],
              dims=(2, 2, 2, 2, 2, 2))"
data/selected_mutant_qc/mutants_wstate_6/wstate_6_Mutant_Add_rx_P14_Q1_[5.497787143782138].qasm,PureState_3,"{'001011': 5, '111011': 7, '000001': 20, '010011': 107, '001101': 29, '001110': 22, '110111': 107, '110001': 18, '010110': 299, '111101': 20, '110010': 27, '000010': 24, '111110': 10, '010101': 259, '000111': 70}","DensityMatrix([[ 0.        +0.00000000e+00j,  0.        +0.00000000e+00j,
                 0.        -0.00000000e+00j, ...,
                 0.        +0.00000000e+00j, -0.        +0.00000000e+00j,
                 0.        +0.00000000e+00j],
               [ 0.        -0.00000000e+00j,  0.0238843 +0.00000000e+00j,
                -0.0238843 +3.46944695e-18j, ...,
                 0.01778236-1.04166667e-02j, -0.01778236+1.04166667e-02j,
                 0.        -0.00000000e+00j],
               [ 0.        +0.00000000e+00j, -0.0238843 -3.46944695e-18j,
                 0.0238843 +0.00000000e+00j, ...,
                -0.01778236+1.04166667e-02j,  0.01778236-1.04166667e-02j,
                 0.        +0.00000000e+00j],
               ...,
               [ 0.        +0.00000000e+00j,  0.01778236+1.04166667e-02j,
                -0.01778236-1.04166667e-02j, ...,
                 0.01778236+0.00000000e+00j, -0.01778236-2.37902226e-18j,
                 0.        +0.00000000e+00j],
               [-0.        +0.00000000e+00j, -0.01778236-1.04166667e-02j,
                 0.01778236+1.04166667e-02j, ...,
                -0.01778236+2.37902226e-18j,  0.01778236+0.00000000e+00j,
                -0.        +0.00000000e+00j],
               [ 0.        +0.00000000e+00j,  0.        +0.00000000e+00j,
                 0.        -0.00000000e+00j, ...,
                 0.        +0.00000000e+00j, -0.        +0.00000000e+00j,
                 0.        +0.00000000e+00j]],
              dims=(2, 2, 2, 2, 2, 2))","{'011100': 1, '001000': 1, '100110': 1, '100111': 3, '011110': 3, '010001': 11, '000100': 1, '110101': 10, '011111': 2, '111011': 3, '010010': 13, '000110': 8, '011101': 3, '110111': 62, '001110': 17, '010011': 61, '101111': 1, '111110': 18, '111001': 2, '111111': 4, '110011': 10, '001011': 9, '100001': 4, '010000': 2, '110001': 19, '011010': 1, '000001': 34, '110010': 29, '111101': 21, '111000': 1, '000010': 23, '110100': 1, '101110': 2, '000011': 2, '000101': 9, '010101': 235, '010100': 8, '000111': 90, '001111': 2, '110110': 20, '001101': 15, '010111': 14, '100011': 1, '111010': 3, '010110': 244}","DensityMatrix([[ 3.93225430e-05+2.09206810e-20j,
                 1.29660698e-09-2.10473762e-06j,
                -5.63103149e-10+2.14870253e-06j, ...,
                -8.66270267e-07-1.48013343e-06j,
                 8.71557181e-07+1.49996759e-06j,
                -8.04623663e-06+4.67834121e-06j],
               [ 1.29660698e-09+2.10473762e-06j,
                 2.43624078e-02+9.72660842e-18j,
                -2.36680484e-02-4.06648122e-06j, ...,
                 1.68997922e-02-9.78334479e-03j,
                -1.66721725e-02+9.74962240e-03j,
                -1.71273871e-07+1.28584481e-06j],
               [-5.63103149e-10-2.14870253e-06j,
                -2.36680484e-02+4.06648122e-06j,
                 2.41653273e-02-4.03412534e-18j, ...,
                -1.66687110e-02+9.75546480e-03j,
                 1.68879980e-02-9.81703549e-03j,
                 1.68124585e-07-1.29851579e-06j],
               ...,
               [-8.66270267e-07+1.48013343e-06j,
                 1.68997922e-02+9.78334479e-03j,
                -1.66687110e-02-9.75546480e-03j, ...,
                 1.77651564e-02+5.98615991e-18j,
                -1.75187706e-02-3.06845976e-06j,
                -2.05803036e-06+8.89873816e-07j],
               [ 8.71557181e-07-1.49996759e-06j,
                -1.66721725e-02-9.74962240e-03j,
                 1.68879980e-02+9.81703549e-03j, ...,
                -1.75187706e-02+3.06845976e-06j,
                 1.77477645e-02-4.33082198e-18j,
                 2.05162685e-06-9.13480542e-07j],
               [-8.04623663e-06-4.67834121e-06j,
                -1.71273871e-07-1.28584481e-06j,
                 1.68124585e-07+1.29851579e-06j, ...,
                -2.05803036e-06-8.89873816e-07j,
                 2.05162685e-06+9.13480542e-07j,
                 1.18256756e-04+1.69710456e-20j]],
              dims=(2, 2, 2, 2, 2, 2))"
data/selected_mutant_qc/mutants_wstate_6/wstate_6_Mutant_Add_rx_P14_Q1_[5.497787143782138].qasm,PureState_4,"{'011101': 25, '011110': 18, '010010': 233, '010001': 219, '011011': 223, '010111': 306}","DensityMatrix([[4.08519455e-35+0.0000000e+00j,
                0.00000000e+00+0.0000000e+00j,
                0.00000000e+00+0.0000000e+00j, ...,
                0.00000000e+00+0.0000000e+00j,
                0.00000000e+00+0.0000000e+00j,
                6.55513508e-35-2.9877341e-35j],
               [0.00000000e+00+0.0000000e+00j,
                0.00000000e+00+0.0000000e+00j,
                0.00000000e+00+0.0000000e+00j, ...,
                0.00000000e+00+0.0000000e+00j,
                0.00000000e+00+0.0000000e+00j,
                0.00000000e+00+0.0000000e+00j],
               [0.00000000e+00+0.0000000e+00j,
                0.00000000e+00+0.0000000e+00j,
                0.00000000e+00+0.0000000e+00j, ...,
                0.00000000e+00+0.0000000e+00j,
                0.00000000e+00+0.0000000e+00j,
                0.00000000e+00+0.0000000e+00j],
               ...,
               [0.00000000e+00+0.0000000e+00j,
                0.00000000e+00+0.0000000e+00j,
                0.00000000e+00+0.0000000e+00j, ...,
                0.00000000e+00+0.0000000e+00j,
                0.00000000e+00+0.0000000e+00j,
                0.00000000e+00+0.0000000e+00j],
               [0.00000000e+00+0.0000000e+00j,
                0.00000000e+00+0.0000000e+00j,
                0.00000000e+00+0.0000000e+00j, ...,
                0.00000000e+00+0.0000000e+00j,
                0.00000000e+00+0.0000000e+00j,
                0.00000000e+00+0.0000000e+00j],
               [6.55513508e-35+2.9877341e-35j,
                0.00000000e+00+0.0000000e+00j,
                0.00000000e+00+0.0000000e+00j, ...,
                0.00000000e+00+0.0000000e+00j,
                0.00000000e+00+0.0000000e+00j,
                1.27035201e-34+0.0000000e+00j]],
              dims=(2, 2, 2, 2, 2, 2))","{'110100': 1, '101010': 1, '001000': 1, '000010': 5, '111110': 1, '010101': 5, '000101': 2, '011111': 10, '001011': 1, '111111': 1, '110011': 5, '110010': 16, '000001': 3, '011010': 5, '110111': 12, '010011': 12, '000011': 6, '100001': 1, '010000': 4, '110001': 12, '011001': 2, '011101': 25, '010100': 3, '000111': 7, '011110': 15, '111011': 13, '011000': 3, '010001': 221, '010010': 201, '011011': 181, '111101': 2, '010110': 8, '100011': 1, '010111': 238}","DensityMatrix([[ 2.94169356e-05-5.48173563e-18j,
                 1.38648903e-10-2.02679506e-08j,
                -1.12124121e-10+2.35420063e-08j, ...,
                 3.39864746e-10+1.02768447e-10j,
                -3.43554049e-10-1.06230172e-10j,
                 5.31965634e-10-1.79358642e-09j],
               [ 1.38648903e-10+2.02679506e-08j,
                 2.53220180e-04-9.51746215e-20j,
                -2.33835679e-04-3.67585759e-08j, ...,
                -1.21127144e-06+3.81889373e-06j,
                 1.13912599e-06-3.80698730e-06j,
                 2.92109353e-11-1.08992546e-09j],
               [-1.12124121e-10-2.35420063e-08j,
                -2.33835679e-04+3.67585759e-08j,
                 2.38795446e-04+3.75618003e-20j, ...,
                 1.13777457e-06-3.80736217e-06j,
                -1.18798621e-06+3.83214240e-06j,
                -2.58586483e-11+1.09524241e-09j],
               ...,
               [ 3.39864746e-10-1.02768447e-10j,
                -1.21127144e-06-3.81889373e-06j,
                 1.13777457e-06+3.80736217e-06j, ...,
                 6.70087503e-05-5.24331052e-20j,
                -6.24159578e-05-1.01187299e-08j,
                 1.24123222e-08+8.78679866e-11j],
               [-3.43554049e-10+1.06230172e-10j,
                 1.13912599e-06+3.80698730e-06j,
                -1.18798621e-06-3.83214240e-06j, ...,
                -6.24159578e-05+1.01187299e-08j,
                 6.51505235e-05-9.84225659e-21j,
                -1.23773522e-08-1.66818150e-09j],
               [ 5.31965641e-10+1.79358642e-09j,
                 2.92109353e-11+1.08992546e-09j,
                -2.58586483e-11-1.09524241e-09j, ...,
                 1.24123222e-08-8.78679866e-11j,
                -1.23773522e-08+1.66818150e-09j,
                 1.35654944e-05+1.94548821e-19j]],
              dims=(2, 2, 2, 2, 2, 2))"
data/selected_mutant_qc/mutants_wstate_6/wstate_6_Mutant_Add_rx_P14_Q1_[5.497787143782138].qasm,PureState_5,"{'010110': 3, '001101': 4, '010101': 3, '001110': 4, '100101': 72, '001000': 24, '000001': 35, '100000': 705, '100110': 73, '000100': 40, '010000': 32, '000010': 29}","DensityMatrix([[ 0.00000000e+00+0.00000000e+00j,
                 0.00000000e+00+0.00000000e+00j,
                 0.00000000e+00+0.00000000e+00j, ...,
                -0.00000000e+00+0.00000000e+00j,
                 0.00000000e+00+0.00000000e+00j,
                 0.00000000e+00+0.00000000e+00j],
               [ 0.00000000e+00+0.00000000e+00j,
                 3.08925565e-02+0.00000000e+00j,
                 3.08925565e-02-1.73472348e-18j, ...,
                -6.37464579e-19+5.89966668e-19j,
                 1.23819753e-18+2.82935348e-19j,
                 0.00000000e+00+0.00000000e+00j],
               [ 0.00000000e+00+0.00000000e+00j,
                 3.08925565e-02+1.73472348e-18j,
                 3.08925565e-02+0.00000000e+00j, ...,
                -6.37464579e-19+5.89966668e-19j,
                 1.23819753e-18+2.82935348e-19j,
                 0.00000000e+00+0.00000000e+00j],
               ...,
               [-0.00000000e+00+0.00000000e+00j,
                -6.37464579e-19-5.89966668e-19j,
                -6.37464579e-19-5.89966668e-19j, ...,
                 2.44208264e-35+0.00000000e+00j,
                -2.01467509e-35-2.94846603e-35j,
                -0.00000000e+00+0.00000000e+00j],
               [ 0.00000000e+00+0.00000000e+00j,
                 1.23819753e-18-2.82935348e-19j,
                 1.23819753e-18-2.82935348e-19j, ...,
                -2.01467509e-35+2.94846603e-35j,
                 5.22192307e-35+0.00000000e+00j,
                 0.00000000e+00+0.00000000e+00j],
               [ 0.00000000e+00+0.00000000e+00j,
                 0.00000000e+00+0.00000000e+00j,
                 0.00000000e+00+0.00000000e+00j, ...,
                -0.00000000e+00+0.00000000e+00j,
                 0.00000000e+00+0.00000000e+00j,
                 0.00000000e+00+0.00000000e+00j]],
              dims=(2, 2, 2, 2, 2, 2))","{'111110': 1, '011100': 1, '111101': 1, '001101': 2, '011000': 1, '000110': 5, '101010': 1, '101100': 3, '101001': 1, '101110': 1, '110100': 4, '110101': 3, '001110': 3, '010011': 3, '000101': 8, '010101': 6, '001001': 1, '110000': 10, '000010': 24, '111000': 5, '100100': 25, '110001': 2, '010000': 39, '100001': 13, '100010': 11, '100101': 57, '001000': 25, '000000': 35, '100111': 4, '001010': 2, '101000': 13, '000100': 45, '100000': 570, '000111': 1, '010100': 2, '100110': 64, '000001': 23, '010110': 2, '100011': 3, '110110': 4}","DensityMatrix([[ 1.56752308e-03-1.80837019e-20j,
                -3.77821429e-06-2.36159911e-06j,
                -3.78456836e-06-2.19330282e-06j, ...,
                -7.78187951e-09-2.04660704e-09j,
                -7.80085284e-09-2.07261982e-09j,
                -4.84924655e-10+6.52064469e-09j],
               [-3.77821429e-06+2.36159911e-06j,
                 3.12112863e-02-6.62363855e-18j,
                 3.07954423e-02-5.34473722e-06j, ...,
                -1.11218909e-06+1.35154371e-05j,
                -9.66957056e-07+1.34234473e-05j,
                 1.20251253e-09+1.03964634e-10j],
               [-3.78456836e-06+2.19330282e-06j,
                 3.07954423e-02+5.34473722e-06j,
                 3.12483016e-02+7.14218765e-18j, ...,
                -9.71686086e-07+1.34232008e-05j,
                -1.19604141e-06+1.34600442e-05j,
                 1.19466132e-09+9.07106225e-11j],
               ...,
               [-7.78187951e-09+2.04660704e-09j,
                -1.11218909e-06-1.35154371e-05j,
                -9.71686086e-07-1.34232008e-05j, ...,
                 2.52144456e-04-6.89485042e-18j,
                 2.42061008e-04-3.91434835e-08j,
                -1.45666669e-10-2.24210917e-08j],
               [-7.80085284e-09+2.07261982e-09j,
                -9.66957056e-07-1.34234473e-05j,
                -1.19604141e-06-1.34600442e-05j, ...,
                 2.42061008e-04+3.91434835e-08j,
                 2.58680673e-04+4.91195838e-18j,
                -1.21143986e-10-2.15114045e-08j],
               [-4.84924655e-10-6.52064469e-09j,
                 1.20251253e-09-1.03964634e-10j,
                 1.19466132e-09-9.07106225e-11j, ...,
                -1.45666669e-10+2.24210917e-08j,
                -1.21143986e-10+2.15114045e-08j,
                 3.83449189e-07-3.47518947e-20j]],
              dims=(2, 2, 2, 2, 2, 2))"
data/selected_mutant_qc/mutants_wstate_6/wstate_6_Mutant_Add_rx_P14_Q1_[5.497787143782138].qasm,PureState_6,"{'000001': 5, '000111': 24, '110111': 28, '001110': 50, '110001': 5, '000010': 2, '111101': 51, '110010': 5, '001101': 54, '011111': 436, '011001': 147, '111110': 45, '111011': 23, '001011': 15, '011010': 134}","DensityMatrix([[ 0.        +0.00000000e+00j,  0.        -0.00000000e+00j,
                 0.        +0.00000000e+00j, ...,
                 0.        +0.00000000e+00j, -0.        +0.00000000e+00j,
                 0.        +0.00000000e+00j],
               [ 0.        +0.00000000e+00j,  0.00796143+0.00000000e+00j,
                -0.00796143+1.30104261e-18j, ...,
                -0.01778236+1.04166667e-02j,  0.01778236-1.04166667e-02j,
                 0.        +0.00000000e+00j],
               [ 0.        -0.00000000e+00j, -0.00796143-1.30104261e-18j,
                 0.00796143+0.00000000e+00j, ...,
                 0.01778236-1.04166667e-02j, -0.01778236+1.04166667e-02j,
                 0.        -0.00000000e+00j],
               ...,
               [ 0.        +0.00000000e+00j, -0.01778236-1.04166667e-02j,
                 0.01778236+1.04166667e-02j, ...,
                 0.05334709+0.00000000e+00j, -0.05334709-1.32769987e-18j,
                 0.        +0.00000000e+00j],
               [-0.        +0.00000000e+00j,  0.01778236+1.04166667e-02j,
                -0.01778236-1.04166667e-02j, ...,
                -0.05334709+1.32769987e-18j,  0.05334709+0.00000000e+00j,
                -0.        +0.00000000e+00j],
               [ 0.        +0.00000000e+00j,  0.        -0.00000000e+00j,
                 0.        +0.00000000e+00j, ...,
                 0.        +0.00000000e+00j, -0.        +0.00000000e+00j,
                 0.        +0.00000000e+00j]],
              dims=(2, 2, 2, 2, 2, 2))","{'001100': 1, '101010': 1, '010010': 4, '111000': 2, '000010': 10, '000101': 4, '010101': 1, '100111': 4, '101110': 5, '001010': 5, '011100': 2, '010001': 4, '101011': 2, '101001': 1, '000011': 2, '101101': 6, '011011': 8, '110000': 1, '001001': 5, '000111': 21, '011110': 10, '101111': 3, '111110': 55, '100001': 1, '110001': 5, '011001': 120, '011101': 17, '111001': 13, '001011': 14, '110010': 5, '000001': 4, '011010': 106, '011000': 1, '111011': 14, '010011': 2, '110111': 24, '001110': 43, '110011': 2, '111111': 22, '011111': 337, '111101': 50, '111010': 10, '001111': 13, '010111': 11, '001101': 53}","DensityMatrix([[ 1.34459473e-05+2.64843585e-20j,
                 4.49305238e-10-7.33569785e-07j,
                -2.58077286e-10+7.48882563e-07j, ...,
                 8.62076527e-07+1.47509253e-06j,
                -8.68023194e-07-1.49496680e-06j,
                 8.01488248e-06-4.65365064e-06j],
               [ 4.49305238e-10+7.33569785e-07j,
                 8.49156165e-03+1.48579483e-18j,
                -8.24961669e-03-1.41741066e-06j, ...,
                -1.68338435e-02+9.73165647e-03j,
                 1.66071708e-02-9.69821365e-03j,
                -2.39208298e-07-2.93940915e-06j],
               [-2.58077286e-10-7.48882563e-07j,
                -8.24961669e-03+1.41741066e-06j,
                 8.42291826e-03+1.87197677e-17j, ...,
                 1.66037275e-02-9.70403329e-03j,
                -1.68221197e-02+9.76521107e-03j,
                 2.41581504e-07+2.94706065e-06j],
               ...,
               [ 8.62076527e-07-1.47509253e-06j,
                -1.68338435e-02-9.73165647e-03j,
                 1.66037275e-02+9.70403329e-03j, ...,
                 5.28825646e-02+1.59762096e-17j,
                -5.21480024e-02-9.13354575e-06j,
                -7.26253949e-06+6.49731234e-06j],
               [-8.68023194e-07+1.49496680e-06j,
                 1.66071708e-02+9.69821365e-03j,
                -1.68221197e-02-9.76521107e-03j, ...,
                -5.21480024e-02+9.13354575e-06j,
                 5.28296133e-02-4.64035500e-18j,
                 7.23911185e-06-6.60395085e-06j],
               [ 8.01488248e-06+4.65365064e-06j,
                -2.39208298e-07+2.93940915e-06j,
                 2.41581504e-07-2.94706065e-06j, ...,
                -7.26253949e-06-6.49731234e-06j,
                 7.23911185e-06+6.60395085e-06j,
                 8.85406871e-04-2.26421028e-20j]],
              dims=(2, 2, 2, 2, 2, 2))"
data/selected_mutant_qc/mutants_wstate_6/wstate_6_Mutant_Add_rx_P14_Q1_[5.497787143782138].qasm,PureState_7,"{'100101': 55, '010011': 25, '001101': 66, '001110': 68, '001011': 22, '010110': 70, '100011': 25, '010101': 79, '000111': 335, '000001': 106, '100110': 67, '000010': 106}","DensityMatrix([[ 0.00000000e+00+0.00000000e+00j,
                 0.00000000e+00-0.00000000e+00j,
                 0.00000000e+00+0.00000000e+00j, ...,
                 0.00000000e+00-0.00000000e+00j,
                 0.00000000e+00+0.00000000e+00j,
                 0.00000000e+00+0.00000000e+00j],
               [ 0.00000000e+00+0.00000000e+00j,
                 9.55372175e-02+0.00000000e+00j,
                -9.55372175e-02-6.93889390e-18j, ...,
                 1.24419146e-17-2.26692272e-18j,
                -3.48047705e-18+1.27895656e-18j,
                 0.00000000e+00+0.00000000e+00j],
               [ 0.00000000e+00-0.00000000e+00j,
                -9.55372175e-02+6.93889390e-18j,
                 9.55372175e-02+0.00000000e+00j, ...,
                -1.24419146e-17+2.26692272e-18j,
                 3.48047705e-18-1.27895656e-18j,
                 0.00000000e+00-0.00000000e+00j],
               ...,
               [ 0.00000000e+00+0.00000000e+00j,
                 1.24419146e-17+2.26692272e-18j,
                -1.24419146e-17-2.26692272e-18j, ...,
                 1.67411383e-33+0.00000000e+00j,
                -4.83613559e-34+8.39745595e-35j,
                 0.00000000e+00+0.00000000e+00j],
               [ 0.00000000e+00-0.00000000e+00j,
                -3.48047705e-18-1.27895656e-18j,
                 3.48047705e-18+1.27895656e-18j, ...,
                -4.83613559e-34-8.39745595e-35j,
                 1.43917216e-34+0.00000000e+00j,
                 0.00000000e+00-0.00000000e+00j],
               [ 0.00000000e+00+0.00000000e+00j,
                 0.00000000e+00-0.00000000e+00j,
                 0.00000000e+00+0.00000000e+00j, ...,
                 0.00000000e+00-0.00000000e+00j,
                 0.00000000e+00+0.00000000e+00j,
                 0.00000000e+00+0.00000000e+00j]],
              dims=(2, 2, 2, 2, 2, 2))","{'000000': 1, '011110': 2, '101110': 8, '110110': 4, '001111': 4, '111101': 1, '011011': 1, '101101': 3, '111110': 1, '101111': 2, '001001': 3, '110011': 3, '101010': 1, '010010': 4, '001100': 1, '100100': 1, '100011': 29, '010110': 43, '011101': 3, '000110': 13, '010101': 64, '000101': 13, '100110': 66, '010111': 8, '001101': 60, '110111': 3, '001110': 52, '010011': 21, '101000': 1, '001010': 2, '100001': 6, '010000': 1, '110001': 1, '100111': 28, '110101': 7, '000010': 84, '101011': 2, '010001': 4, '100010': 4, '100101': 64, '000001': 87, '000011': 14, '000111': 277, '001011': 24, '000100': 3}","DensityMatrix([[ 1.50708216e-04+1.63846099e-19j,
                 4.62087966e-09-8.16504026e-06j,
                -1.12950937e-08+8.33731976e-06j, ...,
                 1.53523216e-09+1.66935979e-09j,
                -1.54752359e-09-1.69765128e-09j,
                 9.10625145e-09-8.29541207e-09j],
               [ 4.62087966e-09+8.16504026e-06j,
                 9.45882394e-02-2.84809887e-17j,
                -9.18925664e-02-1.57884062e-05j, ...,
                -1.91114557e-05+1.74022838e-05j,
                 1.88265108e-05-1.72946873e-05j,
                -6.31151916e-09-1.71300494e-08j],
               [-1.12950937e-08-8.33731976e-06j,
                -9.18925664e-02+1.57884062e-05j,
                 9.38232649e-02+2.66605574e-17j, ...,
                 1.88203921e-05-1.73012720e-05j,
                -1.90867419e-05+1.74425200e-05j,
                 6.30664382e-09+1.70984725e-08j],
               ...,
               [ 1.53523216e-09-1.66935979e-09j,
                -1.91114557e-05-1.74022838e-05j,
                 1.88203921e-05+1.73012720e-05j, ...,
                 4.30174940e-04-2.17954084e-18j,
                -4.24206453e-04-7.43002196e-08j,
                -4.28502701e-08-2.46812324e-09j],
               [-1.54752359e-09+1.69765128e-09j,
                 1.88265108e-05+1.72946873e-05j,
                -1.90867419e-05-1.74425200e-05j, ...,
                -4.24206453e-04+7.43002196e-08j,
                 4.29751171e-04+6.14618110e-18j,
                 4.27219291e-08+1.71676334e-09j],
               [ 9.10625145e-09+8.29541207e-09j,
                -6.31151916e-09+1.71300494e-08j,
                 6.30664382e-09-1.70984725e-08j, ...,
                -4.28502701e-08+2.46812324e-09j,
                 4.27219291e-08-1.71676334e-09j,
                 4.11693091e-06+9.80008832e-21j]],
              dims=(2, 2, 2, 2, 2, 2))"
data/selected_mutant_qc/mutants_wstate_6/wstate_6_Mutant_Add_rx_P14_Q1_[5.497787143782138].qasm,PureState_8,"{'001101': 12, '000100': 4, '111101': 281, '110010': 35, '110001': 58, '001110': 6, '111110': 266, '001000': 3, '000001': 2, '110100': 122, '011010': 18, '111000': 90, '011001': 26, '011100': 101}","DensityMatrix([[ 0.        +0.00000000e+00j,  0.        -0.00000000e+00j,
                 0.        -0.00000000e+00j, ...,
                -0.        +0.00000000e+00j, -0.        +0.00000000e+00j,
                 0.        +0.00000000e+00j],
               [ 0.        +0.00000000e+00j,  0.00159229+0.00000000e+00j,
                 0.00159229+7.58941521e-19j, ...,
                 0.01778236-1.04166667e-02j,  0.01778236-1.04166667e-02j,
                 0.        +0.00000000e+00j],
               [ 0.        +0.00000000e+00j,  0.00159229-7.58941521e-19j,
                 0.00159229+0.00000000e+00j, ...,
                 0.01778236-1.04166667e-02j,  0.01778236-1.04166667e-02j,
                 0.        +0.00000000e+00j],
               ...,
               [-0.        +0.00000000e+00j,  0.01778236+1.04166667e-02j,
                 0.01778236+1.04166667e-02j, ...,
                 0.26673543+0.00000000e+00j,  0.26673543-2.35396292e-18j,
                -0.        +0.00000000e+00j],
               [-0.        +0.00000000e+00j,  0.01778236+1.04166667e-02j,
                 0.01778236+1.04166667e-02j, ...,
                 0.26673543+2.35396292e-18j,  0.26673543+0.00000000e+00j,
                -0.        +0.00000000e+00j],
               [ 0.        +0.00000000e+00j,  0.        -0.00000000e+00j,
                 0.        -0.00000000e+00j, ...,
                -0.        +0.00000000e+00j, -0.        +0.00000000e+00j,
                 0.        +0.00000000e+00j]],
              dims=(2, 2, 2, 2, 2, 2))","{'101010': 1, '011111': 1, '010001': 1, '100010': 1, '110101': 5, '001101': 7, '000000': 1, '101000': 3, '000100': 4, '010100': 14, '110111': 1, '001110': 11, '111010': 4, '011000': 7, '100100': 3, '001100': 1, '110000': 4, '111110': 237, '111100': 20, '101100': 4, '101001': 1, '011011': 2, '101101': 4, '001000': 4, '010000': 1, '100001': 2, '110001': 37, '011001': 21, '000110': 1, '011101': 15, '011010': 19, '000001': 3, '110010': 36, '111101': 225, '110011': 1, '111111': 7, '101110': 8, '110100': 98, '111001': 14, '000010': 4, '111000': 91, '110110': 4, '011100': 76, '011110': 20}","DensityMatrix([[ 2.99218319e-05+2.25067252e-20j,
                -5.64354006e-08-3.40130425e-07j,
                -5.66227560e-08-3.34416175e-07j, ...,
                -1.20622671e-06+1.47630863e-06j,
                -1.20796452e-06+1.49106000e-06j,
                 8.01490891e-06-4.68473890e-06j],
               [-5.64354006e-08+3.40130425e-07j,
                 1.85131160e-03-7.40208221e-19j,
                 1.81688166e-03-3.11205609e-07j, ...,
                 1.67900116e-02-9.73680070e-03j,
                 1.66050922e-02-9.69495802e-03j,
                -8.63540661e-07-1.48768294e-06j],
               [-5.66227560e-08+3.34416175e-07j,
                 1.81688166e-03+3.11205609e-07j,
                 1.86241852e-03-2.24568125e-18j, ...,
                 1.66085219e-02-9.68915564e-03j,
                 1.67659468e-02-9.68273513e-03j,
                -8.59185888e-07-1.47212332e-06j],
               ...,
               [-1.20622671e-06-1.47630863e-06j,
                 1.67900116e-02+9.73680070e-03j,
                 1.66085219e-02+9.68915564e-03j, ...,
                 2.57278701e-01+2.39107257e-17j,
                 2.54466309e-01-4.44350738e-05j,
                 2.51072081e-08-2.28258344e-05j],
               [-1.20796452e-06-1.49106000e-06j,
                 1.66050922e-02+9.69495802e-03j,
                 1.67659468e-02+9.68273513e-03j, ...,
                 2.54466309e-01+4.44350738e-05j,
                 2.56981412e-01-3.10938875e-17j,
                 2.80596746e-08-2.25818400e-05j],
               [ 8.01490891e-06+4.68473890e-06j,
                -8.63540661e-07+1.48768294e-06j,
                -8.59185888e-07+1.47212332e-06j, ...,
                 2.51072081e-08+2.28258344e-05j,
                 2.80596746e-08+2.25818400e-05j,
                 3.37688492e-04+1.31110180e-20j]],
              dims=(2, 2, 2, 2, 2, 2))"
data/selected_mutant_qc/mutants_wstate_6/wstate_6_Mutant_Add_rx_P14_Q1_[5.497787143782138].qasm,PureState_9,"{'010100': 91, '010001': 76, '011101': 61, '011110': 52, '010010': 91, '011000': 653}","DensityMatrix([[2.18889094e-35+0.00000000e+00j,
                0.00000000e+00+0.00000000e+00j,
                0.00000000e+00+0.00000000e+00j, ...,
                0.00000000e+00+0.00000000e+00j,
                0.00000000e+00+0.00000000e+00j,
                1.09652806e-35-8.21249397e-36j],
               [0.00000000e+00-0.00000000e+00j,
                0.00000000e+00+0.00000000e+00j,
                0.00000000e+00+0.00000000e+00j, ...,
                0.00000000e+00+0.00000000e+00j,
                0.00000000e+00+0.00000000e+00j,
                0.00000000e+00-0.00000000e+00j],
               [0.00000000e+00-0.00000000e+00j,
                0.00000000e+00+0.00000000e+00j,
                0.00000000e+00+0.00000000e+00j, ...,
                0.00000000e+00+0.00000000e+00j,
                0.00000000e+00+0.00000000e+00j,
                0.00000000e+00-0.00000000e+00j],
               ...,
               [0.00000000e+00-0.00000000e+00j,
                0.00000000e+00+0.00000000e+00j,
                0.00000000e+00+0.00000000e+00j, ...,
                0.00000000e+00+0.00000000e+00j,
                0.00000000e+00+0.00000000e+00j,
                0.00000000e+00-0.00000000e+00j],
               [0.00000000e+00-0.00000000e+00j,
                0.00000000e+00+0.00000000e+00j,
                0.00000000e+00+0.00000000e+00j, ...,
                0.00000000e+00+0.00000000e+00j,
                0.00000000e+00+0.00000000e+00j,
                0.00000000e+00-0.00000000e+00j],
               [1.09652806e-35+8.21249397e-36j,
                0.00000000e+00+0.00000000e+00j,
                0.00000000e+00+0.00000000e+00j, ...,
                0.00000000e+00+0.00000000e+00j,
                0.00000000e+00+0.00000000e+00j,
                8.57431648e-36+0.00000000e+00j]],
              dims=(2, 2, 2, 2, 2, 2))","{'010111': 1, '101100': 2, '001100': 1, '111110': 1, '111100': 4, '011011': 1, '000100': 1, '110100': 4, '100100': 1, '010110': 1, '111010': 1, '010011': 1, '001110': 1, '110000': 1, '001001': 3, '110010': 5, '011010': 16, '000001': 3, '010101': 9, '110011': 2, '111001': 4, '000010': 2, '111000': 36, '010100': 81, '001000': 13, '010001': 62, '101000': 2, '011101': 60, '110001': 2, '010000': 11, '011001': 11, '111101': 2, '111011': 1, '011000': 544, '011100': 23, '010010': 62, '011110': 49}","DensityMatrix([[ 9.08341876e-04+3.19160642e-19j,
                 2.50485067e-08-3.88745482e-09j,
                 2.50614319e-08+7.69833195e-08j, ...,
                -4.71729425e-10+6.45689188e-11j,
                -4.70394602e-10+7.31245065e-11j,
                 5.57465250e-10-1.85581383e-09j],
               [ 2.50485067e-08+3.88745482e-09j,
                 8.25903725e-05+5.72894150e-20j,
                 8.14327903e-05-1.34766558e-08j, ...,
                 1.18651739e-06-3.81918457e-06j,
                 1.13881467e-06-3.80201381e-06j,
                -3.66029750e-10-1.79252027e-10j],
               [ 2.50614319e-08-7.69833195e-08j,
                 8.14327903e-05+1.34766558e-08j,
                 8.51108821e-05-5.83840487e-20j, ...,
                 1.14016012e-06-3.80163972e-06j,
                 1.20711553e-06-3.79789699e-06j,
                -3.65870922e-10-1.63952205e-10j],
               ...,
               [-4.71729425e-10-6.45689188e-11j,
                 1.18651739e-06+3.81918457e-06j,
                 1.14016012e-06+3.80163972e-06j, ...,
                 1.94714639e-04+7.77365073e-20j,
                 1.86848497e-04-2.87230791e-08j,
                 2.01044220e-11-1.88937307e-08j],
               [-4.70394602e-10-7.31245065e-11j,
                 1.13881467e-06+3.80201381e-06j,
                 1.20711553e-06+3.79789699e-06j, ...,
                 1.86848497e-04+2.87230791e-08j,
                 2.05300229e-04-3.60877502e-20j,
                -3.51742055e-12-1.65252993e-08j],
               [ 5.57465252e-10+1.85581383e-09j,
                -3.66029750e-10+1.79252027e-10j,
                -3.65870922e-10+1.63952205e-10j, ...,
                 2.01044220e-11+1.88937307e-08j,
                -3.51742055e-12+1.65252993e-08j,
                 2.25726706e-05-2.56949241e-19j]],
              dims=(2, 2, 2, 2, 2, 2))"
data/selected_mutant_qc/mutants_wstate_6/wstate_6_Mutant_Add_rx_P14_Q1_[5.497787143782138].qasm,Quratest_0,"{'111011': 2, '101010': 1, '010010': 3, '110001': 5, '000101': 15, '000000': 1, '110011': 2, '101101': 1, '111110': 1, '100100': 5, '000110': 9, '101110': 7, '001111': 4, '100011': 2, '010111': 13, '010001': 3, '010110': 6, '000100': 20, '110010': 2, '101011': 4, '010011': 71, '001110': 32, '011111': 5, '100101': 2, '000001': 80, '011010': 22, '001001': 19, '001011': 23, '010101': 11, '011000': 10, '001101': 13, '101001': 1, '000011': 77, '100111': 36, '101100': 4, '100010': 16, '001000': 130, '101000': 32, '001100': 59, '011100': 32, '001010': 42, '010000': 1, '111001': 1, '100001': 10, '110111': 1, '011001': 10, '010100': 2, '000111': 127, '111000': 8, '000010': 41}","DensityMatrix([[ 7.02431793e-04+0.00000000e+00j,
                -3.27114128e-03-6.70203944e-03j,
                 5.59661363e-03+2.43022108e-03j, ...,
                 1.30668656e-04+3.74327070e-04j,
                 5.38876009e-04+4.41013359e-04j,
                -1.86381950e-04-8.34430580e-05j],
               [-3.27114128e-03+6.70203944e-03j,
                 7.91787880e-02+0.00000000e+00j,
                -4.92499796e-02+4.20811374e-02j, ...,
                -4.18003635e-03-4.96461363e-04j,
                -6.71727637e-03+3.08777491e-03j,
                 1.66410514e-03-1.38972234e-03j],
               [ 5.59661363e-03-2.43022108e-03j,
                -4.92499796e-02-4.20811374e-02j,
                 5.29988236e-02+0.00000000e+00j, ...,
                 2.33616920e-03+2.53036705e-03j,
                 5.81927074e-03+1.64940361e-03j,
                -1.77368515e-03-2.00008181e-05j],
               ...,
               [ 1.30668656e-04-3.74327070e-04j,
                -4.18003635e-03+4.96461363e-04j,
                 2.33616920e-03-2.53036705e-03j, ...,
                 2.23786928e-04+0.00000000e+00j,
                 3.35260227e-04-2.05129176e-04j,
                -7.91383234e-05+8.38009011e-05j],
               [ 5.38876009e-04-4.41013359e-04j,
                -6.71727637e-03-3.08777491e-03j,
                 5.81927074e-03-1.64940361e-03j, ...,
                 3.35260227e-04+2.05129176e-04j,
                 6.90287855e-04+0.00000000e+00j,
                -1.95373083e-04+5.30036769e-05j],
               [-1.86381950e-04+8.34430580e-05j,
                 1.66410514e-03+1.38972234e-03j,
                -1.77368515e-03+2.00008181e-05j, ...,
                -7.91383234e-05-8.38009011e-05j,
                -1.95373083e-04-5.30036769e-05j,
                 5.93665830e-05+0.00000000e+00j]],
              dims=(2, 2, 2, 2, 2, 2))","{'010010': 3, '110100': 1, '111011': 1, '010000': 1, '100110': 1, '011110': 3, '111110': 1, '101010': 7, '000001': 87, '100101': 2, '000101': 12, '110001': 5, '000000': 4, '100001': 12, '111001': 2, '100010': 13, '001111': 11, '011011': 1, '001001': 21, '001011': 25, '110111': 7, '011001': 8, '000100': 22, '011000': 11, '101101': 5, '110011': 2, '101111': 1, '011100': 34, '101110': 12, '010100': 2, '000111': 116, '010101': 7, '001010': 33, '001100': 44, '101000': 37, '100100': 6, '001101': 4, '010001': 7, '010110': 7, '010111': 17, '001110': 32, '010011': 49, '101100': 4, '100111': 41, '111000': 4, '000010': 43, '111100': 1, '111010': 1, '001000': 120, '101001': 2, '000011': 79, '101011': 6, '110010': 1, '011010': 14, '100011': 14, '011111': 4, '000110': 14}","DensityMatrix([[ 1.83467038e-03-4.11750947e-18j,
                -3.09639452e-03-6.11356887e-03j,
                 5.11324530e-03+2.35364603e-03j, ...,
                 1.06434506e-04+3.50589262e-04j,
                 5.03049493e-04+4.14590245e-04j,
                -1.86242434e-04-1.05262065e-04j],
               [-3.09639452e-03+6.11356887e-03j,
                 7.75957197e-02+2.71389051e-17j,
                -4.68585352e-02+4.00316357e-02j, ...,
                -3.84149623e-03-4.65236599e-04j,
                -6.21608278e-03+2.84791320e-03j,
                 1.54896571e-03-1.28504595e-03j],
               [ 5.11324530e-03-2.35364603e-03j,
                -4.68585352e-02-4.00316357e-02j,
                 5.23597889e-02-8.46018191e-18j, ...,
                 2.13445640e-03+2.35861251e-03j,
                 5.37858305e-03+1.55536784e-03j,
                -1.63458551e-03-3.75878081e-05j],
               ...,
               [ 1.06434506e-04-3.50589262e-04j,
                -3.84149623e-03+4.65236599e-04j,
                 2.13445640e-03-2.35861251e-03j, ...,
                 2.94310037e-04-5.99604650e-20j,
                 3.95402408e-04-2.37025603e-04j,
                -7.32917848e-05+7.57336788e-05j],
               [ 5.03049493e-04-4.14590245e-04j,
                -6.21608278e-03-2.84791320e-03j,
                 5.37858305e-03-1.55536784e-03j, ...,
                 3.95402408e-04+2.37025603e-04j,
                 8.52814677e-04-4.66437656e-18j,
                -1.79144538e-04+4.86301288e-05j],
               [-1.86242434e-04+1.05262065e-04j,
                 1.54896571e-03+1.28504595e-03j,
                -1.63458551e-03+3.75878081e-05j, ...,
                -7.32917848e-05-7.57336788e-05j,
                -1.79144538e-04-4.86301288e-05j,
                 1.69191925e-04-4.09784310e-18j]],
              dims=(2, 2, 2, 2, 2, 2))"
data/selected_mutant_qc/mutants_wstate_6/wstate_6_Mutant_Add_rx_P14_Q1_[5.497787143782138].qasm,Quratest_1,"{'010101': 1, '110001': 1, '010000': 4, '011001': 5, '011010': 4, '000001': 15, '110010': 1, '111101': 5, '000010': 7, '111000': 1, '001011': 9, '011100': 11, '100011': 8, '001101': 85, '001110': 62, '001000': 46, '100101': 21, '110100': 5, '000100': 96, '101010': 108, '000111': 11, '100000': 92, '100110': 11, '101100': 244, '101001': 135, '101111': 36}","DensityMatrix([[ 2.15580252e-06+0.00000000e+00j,
                 1.56236994e-04+3.26702170e-05j,
                 8.50319081e-05+1.02342354e-04j, ...,
                 6.09977537e-05-6.67766040e-05j,
                 7.44403064e-05-1.19527987e-05j,
                 1.63316491e-06+1.40575238e-06j],
               [ 1.56236994e-04-3.26702170e-05j,
                 1.18180311e-02+0.00000000e+00j,
                 7.71345075e-03+6.12841419e-03j, ...,
                 3.40870717e-03-5.76387938e-03j,
                 5.21375638e-03-1.99436185e-03j,
                 1.39663539e-04+7.71288983e-05j],
               [ 8.50319081e-05-1.02342354e-04j,
                 7.71345075e-03-6.12841419e-03j,
                 8.21243252e-03+0.00000000e+00j, ...,
                -7.64132809e-04-5.52963252e-03j,
                 2.36873447e-03-4.00536012e-03j,
                 1.31152614e-04-2.20837173e-05j],
               ...,
               [ 6.09977537e-05+6.67766040e-05j,
                 3.40870717e-03+5.76387938e-03j,
                -7.64132809e-04+5.52963252e-03j, ...,
                 3.79433678e-03+0.00000000e+00j,
                 2.47650642e-03+1.96760925e-03j,
                 2.66630210e-06+9.03630743e-05j],
               [ 7.44403064e-05+1.19527987e-05j,
                 5.21375638e-03+1.99436185e-03j,
                 2.36873447e-03+4.00536012e-03j, ...,
                 2.47650642e-03-1.96760925e-03j,
                 2.63671118e-03+0.00000000e+00j,
                 4.85993590e-05+5.75959662e-05j],
               [ 1.63316491e-06-1.40575238e-06j,
                 1.39663539e-04-7.71288983e-05j,
                 1.31152614e-04+2.20837173e-05j, ...,
                 2.66630210e-06-9.03630743e-05j,
                 4.85993590e-05-5.75959662e-05j,
                 2.15389272e-06+0.00000000e+00j]],
              dims=(2, 2, 2, 2, 2, 2))","{'010110': 1, '010100': 1, '000110': 1, '111101': 4, '010101': 2, '100001': 5, '111001': 3, '001001': 9, '001011': 6, '110010': 1, '101011': 3, '011111': 2, '111000': 4, '000010': 6, '001111': 4, '001010': 5, '001100': 20, '101000': 9, '000101': 1, '011101': 2, '110001': 2, '000000': 12, '101110': 11, '110100': 6, '000111': 13, '101100': 219, '100111': 4, '110111': 1, '011001': 6, '010000': 3, '100110': 14, '100100': 11, '000001': 17, '100101': 18, '111011': 1, '101010': 69, '100010': 4, '111010': 3, '111100': 5, '001000': 46, '101111': 27, '011100': 11, '100011': 16, '010011': 2, '001110': 57, '000011': 2, '101001': 115, '100000': 74, '111110': 3, '101101': 13, '110000': 4, '001101': 62, '011010': 5, '000100': 77, '011110': 2}","DensityMatrix([[ 6.64376199e-04+1.20407903e-18j,
                 1.44625682e-04+3.67960617e-05j,
                 7.55409663e-05+9.92518145e-05j, ...,
                 5.30591831e-05-6.07668443e-05j,
                 6.62688769e-05-1.21996543e-05j,
                -6.51416515e-06+8.86350930e-06j],
               [ 1.44625682e-04-3.67960617e-05j,
                 1.26892484e-02-6.15914740e-18j,
                 7.96789917e-03+6.24530726e-03j, ...,
                 3.22730307e-03-5.31184940e-03j,
                 4.79175113e-03-1.82005157e-03j,
                 1.27525159e-04+7.02420729e-05j],
               [ 7.55409663e-05-9.92518145e-05j,
                 7.96789917e-03-6.24530726e-03j,
                 9.16564452e-03-9.62679581e-19j, ...,
                -6.71911134e-04-5.07223001e-03j,
                 2.28082134e-03-3.69314449e-03j,
                 1.19726385e-04-2.06942009e-05j],
               ...,
               [ 5.30591831e-05+6.07668443e-05j,
                 3.22730307e-03+5.31184940e-03j,
                -6.71911134e-04+5.07223001e-03j, ...,
                 5.11222634e-03-4.32053087e-18j,
                 3.30332912e-03+2.61528440e-03j,
                 3.07597014e-06+7.73236717e-05j],
               [ 6.62688769e-05+1.21996543e-05j,
                 4.79175113e-03+1.82005157e-03j,
                 2.28082134e-03+3.69314449e-03j, ...,
                 3.30332912e-03-2.61528440e-03j,
                 3.57088656e-03-5.12711734e-18j,
                 4.23183764e-05+4.87924340e-05j],
               [-6.51416515e-06-8.86350930e-06j,
                 1.27525159e-04-7.02420729e-05j,
                 1.19726385e-04+2.06942009e-05j, ...,
                 3.07597014e-06-7.73236717e-05j,
                 4.23183764e-05-4.87924340e-05j,
                 4.56122964e-05-6.87058110e-18j]],
              dims=(2, 2, 2, 2, 2, 2))"
data/selected_mutant_qc/mutants_wstate_6/wstate_6_Mutant_Add_rx_P14_Q1_[5.497787143782138].qasm,Quratest_2,"{'000011': 2, '011100': 1, '111100': 15, '101110': 2, '100010': 1, '000101': 17, '010101': 2, '000000': 4, '011001': 1, '100001': 3, '010000': 1, '111111': 3, '001001': 27, '110000': 4, '010111': 11, '001101': 104, '111001': 12, '001011': 46, '011110': 70, '001111': 3, '110110': 5, '001010': 44, '011010': 3, '000001': 59, '000110': 1, '011101': 67, '110101': 8, '000010': 71, '000100': 45, '001100': 17, '001110': 111, '000111': 5, '010100': 24, '001000': 60, '101011': 1, '010001': 36, '111010': 30, '010010': 43, '011000': 42, '101101': 2, '011011': 21}","DensityMatrix([[ 7.02651229e-03+0.00000000e+00j,
                 4.49713354e-03-2.08081471e-02j,
                -1.41124312e-02-1.83458337e-02j, ...,
                -3.77027654e-04+7.57174588e-05j,
                 4.54844948e-06+3.88950325e-04j,
                -4.71948164e-03+2.94578852e-03j],
               [ 4.49713354e-03+2.08081471e-02j,
                 6.44990257e-02+0.00000000e+00j,
                 4.52966287e-02-5.35339859e-02j, ...,
                -4.65534478e-04-1.06805981e-03j,
                -1.14891717e-03+2.62407050e-04j,
                -1.17441679e-02-1.20907871e-02j],
               [-1.41124312e-02+1.83458337e-02j,
                 4.52966287e-02+5.35339859e-02j,
                 7.62441318e-02+0.00000000e+00j, ...,
                 5.59548859e-04-1.13647336e-03j,
                -1.02466307e-03-7.69313337e-04j,
                 1.78757447e-03-1.82387873e-02j],
               ...,
               [-3.77027654e-04-7.57174588e-05j,
                -4.65534478e-04+1.06805981e-03j,
                 5.59548859e-04+1.13647336e-03j, ...,
                 2.10464280e-05+0.00000000e+00j,
                 3.94725546e-06-2.09192583e-05j,
                 2.84981030e-04-1.07207751e-04j],
               [ 4.54844948e-06-3.88950325e-04j,
                -1.14891717e-03-2.62407050e-04j,
                -1.02466307e-03+7.69313337e-04j, ...,
                 3.94725546e-06+2.09192583e-05j,
                 2.15331643e-05+0.00000000e+00j,
                 1.60008128e-04+2.63152274e-04j],
               [-4.71948164e-03-2.94578852e-03j,
                -1.17441679e-02+1.20907871e-02j,
                 1.78757447e-03+1.82387873e-02j, ...,
                 2.84981030e-04+1.07207751e-04j,
                 1.60008128e-04-2.63152274e-04j,
                 4.40491323e-03+0.00000000e+00j]],
              dims=(2, 2, 2, 2, 2, 2))","{'111011': 3, '110000': 1, '010101': 3, '010011': 1, '011111': 4, '000011': 4, '100100': 3, '100010': 5, '101010': 3, '101101': 12, '110011': 1, '111111': 5, '110101': 8, '001111': 12, '110110': 5, '101110': 7, '101000': 7, '001100': 14, '001000': 51, '111100': 5, '111010': 16, '001011': 40, '001001': 36, '011011': 23, '101001': 3, '011001': 7, '010000': 2, '100001': 5, '111001': 16, '000100': 38, '110001': 3, '011101': 55, '000000': 9, '000101': 11, '011100': 4, '001010': 42, '010010': 41, '111110': 2, '000111': 5, '010100': 19, '000110': 8, '011000': 32, '111000': 5, '000010': 67, '111101': 4, '110010': 6, '101011': 5, '010110': 4, '010001': 35, '010111': 7, '001101': 99, '100101': 1, '000001': 56, '011010': 8, '011110': 59, '001110': 97}","DensityMatrix([[ 7.39957333e-03+4.27751590e-18j,
                 4.13452123e-03-1.91740440e-02j,
                -1.30416897e-02-1.69311648e-02j, ...,
                -3.50839842e-04+5.59547768e-05j,
                -1.11566006e-05+3.54170045e-04j,
                -4.36672869e-03+2.68758431e-03j],
               [ 4.13452123e-03+1.91740440e-02j,
                 6.30861139e-02-2.71830597e-19j,
                 4.32824899e-02-5.14526122e-02j, ...,
                -4.58307429e-04-1.00835562e-03j,
                -1.06317762e-03+2.60323225e-04j,
                -1.08195540e-02-1.11694304e-02j],
               [-1.30416897e-02+1.69311648e-02j,
                 4.32824899e-02+5.14526122e-02j,
                 7.42580994e-02+1.46854321e-17j, ...,
                 4.93458888e-04-1.06328309e-03j,
                -9.92201735e-04-7.21687114e-04j,
                 1.67751059e-03-1.68584153e-02j],
               ...,
               [-3.50839842e-04-5.59547768e-05j,
                -4.58307429e-04+1.00835562e-03j,
                 4.93458888e-04+1.06328309e-03j, ...,
                 5.56695052e-04+2.48649149e-18j,
                 1.09003868e-04-5.13677309e-04j,
                 2.19126458e-04-8.20946179e-05j],
               [-1.11566006e-05-3.54170045e-04j,
                -1.06317762e-03-2.60323225e-04j,
                -9.92201735e-04+7.21687114e-04j, ...,
                 1.09003868e-04+5.13677309e-04j,
                 5.82105641e-04+2.37696887e-18j,
                 1.21455113e-04+2.02560085e-04j],
               [-4.36672869e-03-2.68758431e-03j,
                -1.08195540e-02+1.11694304e-02j,
                 1.67751059e-03+1.68584153e-02j, ...,
                 2.19126458e-04+8.20946179e-05j,
                 1.21455113e-04-2.02560085e-04j,
                 4.58653899e-03+1.02323000e-18j]],
              dims=(2, 2, 2, 2, 2, 2))"
data/selected_mutant_qc/mutants_wstate_6/wstate_6_Mutant_Add_rx_P14_Q1_[5.497787143782138].qasm,Quratest_3,"{'101101': 1, '011100': 1, '001000': 1, '001001': 2, '100011': 3, '010110': 4, '101000': 2, '000100': 8, '010101': 6, '001101': 1, '100100': 7, '110110': 1, '000001': 1, '110010': 9, '111101': 56, '101111': 1, '111110': 29, '100101': 195, '100000': 134, '100110': 151, '101010': 23, '001110': 2, '010000': 1, '110001': 14, '000010': 1, '111000': 25, '101110': 2, '110100': 78, '101001': 35, '101100': 230}","DensityMatrix([[ 3.52900646e-04+0.00000000e+00j,
                 3.50513627e-04+3.90072590e-04j,
                 3.91141717e-04+3.20226447e-04j, ...,
                 3.79407295e-03+1.53211250e-03j,
                 3.18920695e-03+1.50044133e-03j,
                -3.99855163e-05+3.15929076e-07j],
               [ 3.50513627e-04-3.90072590e-04j,
                 7.79302705e-04+0.00000000e+00j,
                 7.42452767e-04-1.14281257e-04j, ...,
                 5.46190375e-03-2.67196324e-03j,
                 4.82612189e-03-2.03484207e-03j,
                -3.93658476e-05+4.45110869e-05j],
               [ 3.91141717e-04-3.20226447e-04j,
                 7.42452767e-04+1.14281257e-04j,
                 7.24104143e-04+0.00000000e+00j, ...,
                 5.59546483e-03-1.74465361e-03j,
                 4.89631543e-03-1.23089378e-03j,
                -4.40317546e-05+3.66335199e-05j],
               ...,
               [ 3.79407295e-03-1.53211250e-03j,
                 5.46190375e-03+2.67196324e-03j,
                 5.59546483e-03+1.74465361e-03j, ...,
                 4.74421299e-02+0.00000000e+00j,
                 4.08016503e-02+2.28551594e-03j,
                -4.28517002e-04+1.76993066e-04j],
               [ 3.18920695e-03-1.50044133e-03j,
                 4.82612189e-03+2.03484207e-03j,
                 4.89631543e-03+1.23089378e-03j, ...,
                 4.08016503e-02-2.28551594e-03j,
                 3.52007436e-02+0.00000000e+00j,
                -3.60010827e-04+1.72863057e-04j],
               [-3.99855163e-05-3.15929076e-07j,
                -3.93658476e-05-4.45110869e-05j,
                -4.40317546e-05-3.66335199e-05j, ...,
                -4.28517002e-04-1.76993066e-04j,
                -3.60010827e-04-1.72863057e-04j,
                 4.53085405e-06+0.00000000e+00j]],
              dims=(2, 2, 2, 2, 2, 2))","{'011000': 4, '001001': 2, '111010': 1, '111100': 8, '001000': 1, '010100': 2, '110000': 3, '110101': 5, '100001': 8, '111001': 3, '001110': 2, '110111': 1, '101111': 5, '011100': 4, '101000': 11, '001100': 11, '110001': 4, '000101': 14, '011101': 4, '000000': 6, '101100': 197, '100111': 4, '010110': 4, '010111': 1, '001101': 8, '000110': 10, '110110': 4, '101101': 6, '000100': 13, '100100': 16, '100000': 108, '111110': 27, '111011': 1, '000001': 2, '100101': 184, '100010': 13, '101010': 17, '010101': 2, '100110': 136, '010000': 2, '011110': 2, '000010': 1, '111000': 28, '110010': 7, '101110': 6, '110100': 65, '111101': 37, '101001': 21, '100011': 3}","DensityMatrix([[ 6.34521023e-04+1.80689206e-20j,
                 3.37338053e-04+3.48606602e-04j,
                 3.73397790e-04+2.82329990e-04j, ...,
                 3.48528621e-03+1.41715926e-03j,
                 2.93452106e-03+1.38761277e-03j,
                -3.58642846e-05+3.32216978e-09j],
               [ 3.37338053e-04-3.48606602e-04j,
                 1.12110445e-03+7.31630952e-19j,
                 1.02508878e-03-1.56051642e-04j, ...,
                 5.07742828e-03-2.48349949e-03j,
                 4.47827954e-03-1.87144445e-03j,
                -3.56636334e-05+3.96155822e-05j],
               [ 3.73397790e-04-2.82329990e-04j,
                 1.02508878e-03+1.56051642e-04j,
                 1.06378201e-03-6.05350166e-18j, ...,
                 5.18855426e-03-1.59527395e-03j,
                 4.51866157e-03-1.15092824e-03j,
                -3.99485772e-05+3.21995746e-05j],
               ...,
               [ 3.48528621e-03-1.41715926e-03j,
                 5.07742828e-03+2.48349949e-03j,
                 5.18855426e-03+1.59527395e-03j, ...,
                 4.72702769e-02-1.47339062e-17j,
                 4.02002293e-02+2.22663820e-03j,
                -4.00047343e-04+1.55177496e-04j],
               [ 2.93452106e-03-1.38761277e-03j,
                 4.47827954e-03+1.87144445e-03j,
                 4.51866157e-03+1.15092824e-03j, ...,
                 4.02002293e-02-2.22663820e-03j,
                 3.52262876e-02+3.52429168e-21j,
                -3.33144852e-04+1.52054727e-04j],
               [-3.58642846e-05-3.32216977e-09j,
                -3.56636334e-05-3.96155822e-05j,
                -3.99485772e-05-3.21995746e-05j, ...,
                -4.00047343e-04-1.55177496e-04j,
                -3.33144852e-04-1.52054727e-04j,
                 7.38151315e-05+1.16448507e-19j]],
              dims=(2, 2, 2, 2, 2, 2))"
data/selected_mutant_qc/mutants_wstate_6/wstate_6_Mutant_Add_rx_P14_Q1_[5.497787143782138].qasm,Quratest_4,"{'001100': 2, '000000': 3, '111001': 1, '010100': 1, '010101': 1, '000101': 3, '011100': 4, '111101': 5, '110010': 2, '000001': 2, '011010': 2, '111110': 5, '111100': 9, '010110': 4, '111010': 1, '010000': 5, '110001': 4, '100001': 11, '101010': 12, '101100': 108, '101001': 14, '001101': 3, '110110': 23, '000010': 2, '111000': 15, '100100': 73, '000100': 21, '101101': 15, '001001': 1, '110000': 26, '110101': 21, '001110': 6, '101000': 20, '110100': 27, '101110': 8, '100110': 163, '100000': 228, '001000': 4, '100010': 11, '100101': 158}","DensityMatrix([[ 1.62293636e-03+0.00000000e+00j,
                 1.74926603e-03-8.38821079e-04j,
                 1.74926603e-03-8.38821079e-04j, ...,
                 4.03839192e-04+2.95845458e-03j,
                 4.03839192e-04+2.95845458e-03j,
                 5.57315246e-17+3.75589675e-17j],
               [ 1.74926603e-03+8.38821079e-04j,
                 2.31897722e-03+0.00000000e+00j,
                 2.31897722e-03+0.00000000e+00j, ...,
                -1.09381485e-03+3.39746713e-03j,
                -1.09381485e-03+3.39746713e-03j,
                 4.06571761e-17+6.92876237e-17j],
               [ 1.74926603e-03+8.38821079e-04j,
                 2.31897722e-03+0.00000000e+00j,
                 2.31897722e-03+0.00000000e+00j, ...,
                -1.09381485e-03+3.39746713e-03j,
                -1.09381485e-03+3.39746713e-03j,
                 4.06571761e-17+6.92876237e-17j],
               ...,
               [ 4.03839192e-04-2.95845458e-03j,
                -1.09381485e-03-3.39746713e-03j,
                -1.09381485e-03-3.39746713e-03j, ...,
                 5.49346224e-03+0.00000000e+00j,
                 5.49346224e-03+5.48606299e-17j,
                 8.23341424e-17-9.22472409e-17j],
               [ 4.03839192e-04-2.95845458e-03j,
                -1.09381485e-03-3.39746713e-03j,
                -1.09381485e-03-3.39746713e-03j, ...,
                 5.49346224e-03-5.48606299e-17j,
                 5.49346224e-03+0.00000000e+00j,
                 8.23341424e-17-9.22472409e-17j],
               [ 5.57315246e-17-3.75589675e-17j,
                 4.06571761e-17-6.92876237e-17j,
                 4.06571761e-17-6.92876237e-17j, ...,
                 8.23341424e-17+9.22472409e-17j,
                 8.23341424e-17+9.22472409e-17j,
                 2.78302895e-30+0.00000000e+00j]],
              dims=(2, 2, 2, 2, 2, 2))","{'001001': 1, '011100': 6, '011110': 2, '101100': 111, '100111': 4, '001110': 5, '000111': 1, '010100': 5, '101000': 27, '001100': 3, '100010': 13, '001101': 3, '111101': 1, '100001': 18, '111001': 3, '000010': 2, '111000': 12, '001000': 4, '111100': 16, '111010': 5, '100011': 3, '010110': 11, '000000': 14, '011101': 2, '110001': 5, '000101': 4, '010101': 7, '000100': 21, '101101': 12, '110000': 33, '100000': 211, '111110': 7, '101010': 16, '011001': 1, '100110': 137, '010000': 8, '001010': 2, '101110': 10, '110100': 28, '100101': 119, '000001': 4, '110010': 4, '110101': 20, '000110': 12, '101001': 14, '110110': 17, '100100': 59, '011000': 1}","DensityMatrix([[ 2.52763718e-03-2.99700171e-20j,
                 1.53490688e-03-7.42932544e-04j,
                 1.53689178e-03-7.44235083e-04j, ...,
                 3.93816375e-04+2.73267764e-03j,
                 3.94540516e-04+2.73665370e-03j,
                 1.76609466e-06+2.15077545e-06j],
               [ 1.53490688e-03+7.42932544e-04j,
                 2.66408067e-03-1.22023394e-19j,
                 2.58799152e-03-5.21728856e-07j, ...,
                -1.02438433e-03+3.15062413e-03j,
                -9.91113406e-04+3.13583270e-03j,
                 4.17256698e-06+5.26957476e-06j],
               [ 1.53689178e-03+7.44235083e-04j,
                 2.58799152e-03+5.21728856e-07j,
                 2.70914288e-03+1.70457383e-18j, ...,
                -9.92056529e-04+3.13583100e-03j,
                -1.02945617e-03+3.13536291e-03j,
                 6.59113218e-06+8.41456010e-06j],
               ...,
               [ 3.93816375e-04-2.73267764e-03j,
                -1.02438433e-03-3.15062413e-03j,
                -9.92056529e-04-3.13583100e-03j, ...,
                 6.34319851e-03+2.07642923e-17j,
                 6.24038015e-03-5.33561192e-07j,
                 5.27443077e-06-6.49498298e-06j],
               [ 3.94540516e-04-2.73665370e-03j,
                -9.91113406e-04-3.13583270e-03j,
                -1.02945617e-03-3.13536291e-03j, ...,
                 6.24038015e-03+5.33561192e-07j,
                 6.39306220e-03-3.56045126e-18j,
                 9.74614865e-06-1.63603194e-05j],
               [ 1.76609466e-06-2.15077545e-06j,
                 4.17256698e-06-5.26957476e-06j,
                 6.59113218e-06-8.41456010e-06j, ...,
                 5.27443077e-06+6.49498298e-06j,
                 9.74614865e-06+1.63603194e-05j,
                 1.08025793e-04+3.34292290e-18j]],
              dims=(2, 2, 2, 2, 2, 2))"
data/selected_mutant_qc/mutants_wstate_6/wstate_6_Mutant_Add_rx_P14_Q1_[5.497787143782138].qasm,Quratest_5,"{'101010': 5, '011100': 8, '100101': 59, '111011': 7, '101100': 10, '101001': 24, '010011': 190, '001110': 4, '110111': 5, '010101': 74, '011111': 34, '100011': 165, '010110': 27, '110100': 3, '011010': 12, '110010': 2, '000001': 43, '001000': 22, '001011': 59, '100000': 40, '000111': 31, '111110': 1, '101111': 31, '100110': 19, '000100': 10, '111000': 3, '000010': 16, '110001': 7, '011001': 29, '010000': 68, '001101': 16}","DensityMatrix([[ 3.73179273e-30+0.00000000e+00j,
                -3.74611226e-16+1.50355346e-16j,
                 1.93810431e-16+9.22796901e-17j, ...,
                 1.03917942e-16+3.20983216e-17j,
                -2.07773213e-17-5.27762248e-17j,
                 1.51354883e-30+3.49913843e-30j],
               [-3.74611226e-16-1.50355346e-16j,
                 4.36627413e-02+0.00000000e+00j,
                -1.57374277e-02-1.70720741e-02j, ...,
                -9.13841570e-03-7.40904215e-03j,
                -4.06693894e-05+6.13499978e-03j,
                -1.09540423e-17-4.12237980e-16j],
               [ 1.93810431e-16-9.22796901e-17j,
                -1.57374277e-02+1.70720741e-02j,
                 1.23474233e-02+0.00000000e+00j, ...,
                 6.19069865e-03-9.02656218e-04j,
                -2.38411828e-03-2.22714891e-03j,
                 1.65132687e-16+1.44300541e-16j],
               ...,
               [ 1.03917942e-16-3.20983216e-17j,
                -9.13841570e-03+7.40904215e-03j,
                 6.19069865e-03+9.02656218e-04j, ...,
                 3.16985473e-03+0.00000000e+00j,
                -1.03252377e-03-1.29092901e-03j,
                 7.22444598e-17+8.44207889e-17j],
               [-2.07773213e-17+5.27762248e-17j,
                -4.06693894e-05-6.13499978e-03j,
                -2.38411828e-03+2.22714891e-03j, ...,
                -1.03252377e-03+1.29092901e-03j,
                 8.62059394e-04+0.00000000e+00j,
                -5.79128645e-17+1.92311594e-18j],
               [ 1.51354883e-30-3.49913843e-30j,
                -1.09540423e-17+4.12237980e-16j,
                 1.65132687e-16-1.44300541e-16j, ...,
                 7.22444598e-17-8.44207889e-17j,
                -5.79128645e-17-1.92311594e-18j,
                 3.89485721e-30+0.00000000e+00j]],
              dims=(2, 2, 2, 2, 2, 2))","{'101110': 2, '100010': 1, '110110': 1, '010010': 2, '110010': 1, '101011': 6, '110100': 2, '001100': 2, '101000': 2, '001010': 3, '100001': 8, '111001': 4, '111101': 4, '101100': 8, '100111': 7, '001101': 23, '010111': 9, '010110': 19, '010001': 4, '110101': 9, '001111': 8, '001000': 9, '000101': 5, '110001': 5, '011101': 4, '000000': 2, '001011': 31, '001001': 4, '011011': 8, '101010': 4, '111111': 2, '101101': 2, '110011': 17, '110000': 8, '000011': 15, '101001': 19, '100000': 37, '111110': 2, '011100': 8, '101111': 22, '111000': 5, '000010': 8, '000001': 50, '100101': 56, '111011': 6, '011000': 2, '110111': 12, '011001': 29, '100110': 13, '010000': 50, '001110': 7, '010011': 175, '011010': 4, '000100': 9, '011110': 3, '010100': 2, '000111': 41, '000110': 1, '011111': 24, '010101': 69, '100011': 129}","DensityMatrix([[ 2.67114813e-04-4.48269700e-20j,
                 4.61527328e-06+6.40456570e-06j,
                 8.57759648e-07-4.04977628e-06j, ...,
                -7.12670228e-07-1.42573664e-06j,
                -3.49877200e-07+7.49082588e-07j,
                -1.64371273e-06+2.36261451e-06j],
               [ 4.61527328e-06-6.40456570e-06j,
                 4.37725814e-02-1.17363777e-17j,
                -1.55505207e-02-1.68345394e-02j, ...,
                -8.39734594e-03-6.75515740e-03j,
                -7.64078457e-05+5.57841189e-03j,
                -6.02283012e-07-1.11463107e-06j],
               [ 8.57759648e-07+4.04977628e-06j,
                -1.55505207e-02+1.68345394e-02j,
                 1.26979620e-02+2.03743339e-18j, ...,
                 5.65682409e-03-8.22590333e-04j,
                -2.24211388e-03-2.02236345e-03j,
                 6.53441231e-07+1.66641210e-07j],
               ...,
               [-7.12670228e-07+1.42573664e-06j,
                -8.39734594e-03+6.75515740e-03j,
                 5.65682409e-03+8.22590333e-04j, ...,
                 4.06654137e-03-2.25120751e-18j,
                -1.29982813e-03-1.60593153e-03j,
                 4.07051213e-07-1.24370718e-06j],
               [-3.49877200e-07-7.49082588e-07j,
                -7.64078457e-05-5.57841189e-03j,
                -2.24211388e-03+2.02236345e-03j, ...,
                -1.29982813e-03+1.60593153e-03j,
                 1.15173988e-03-2.67145217e-18j,
                 3.59131609e-07+5.67728756e-07j],
               [-1.64371273e-06-2.36261451e-06j,
                -6.02283012e-07+1.11463107e-06j,
                 6.53441231e-07-1.66641210e-07j, ...,
                 4.07051213e-07+1.24370718e-06j,
                 3.59131609e-07-5.67728756e-07j,
                 1.34169275e-04+2.15223681e-20j]],
              dims=(2, 2, 2, 2, 2, 2))"
data/selected_mutant_qc/mutants_wstate_6/wstate_6_Mutant_Add_rx_P14_Q1_[5.497787143782138].qasm,Quratest_6,"{'001111': 1, '110001': 37, '010000': 3, '011001': 2, '111101': 3, '000001': 26, '110010': 4, '000100': 4, '010101': 3, '101100': 3, '101001': 33, '010011': 2, '110111': 67, '100000': 143, '000111': 20, '111110': 1, '101111': 54, '010110': 7, '100011': 92, '111011': 1, '100101': 233, '101010': 6, '000110': 1, '101110': 1, '110100': 8, '100110': 269}","DensityMatrix([[ 2.77006447e-04+0.00000000e+00j,
                -1.90091249e-03-1.09628373e-03j,
                -1.20349267e-04+6.03681205e-04j, ...,
                 1.48412495e-04+5.08035713e-04j,
                -3.72910490e-04-4.02397275e-04j,
                -3.76454950e-05-1.46879809e-04j],
               [-1.90091249e-03+1.09628373e-03j,
                 1.73833728e-02+0.00000000e+00j,
                -1.56325768e-03-4.61896141e-03j, ...,
                -3.02906471e-03-2.89895502e-03j,
                 4.15157051e-03+1.28555241e-03j,
                 8.39629329e-04+8.58953010e-04j],
               [-1.20349267e-04-6.03681205e-04j,
                -1.56325768e-03+4.61896141e-03j,
                 1.36789215e-03+0.00000000e+00j, ...,
                 1.04268431e-03-5.44159031e-04j,
                -7.14929815e-04+9.87512292e-04j,
                -3.03740124e-04+1.45854927e-04j],
               ...,
               [ 1.48412495e-04-5.08035713e-04j,
                -3.02906471e-03+2.89895502e-03j,
                 1.04268431e-03+5.44159031e-04j, ...,
                 1.01126367e-03+0.00000000e+00j,
                -9.37800424e-04+4.68332289e-04j,
                -2.89550123e-04-9.65155560e-06j],
               [-3.72910490e-04+4.02397275e-04j,
                 4.15157051e-03-1.28555241e-03j,
                -7.14929815e-04-9.87512292e-04j, ...,
                -9.37800424e-04-4.68332289e-04j,
                 1.08656605e-03+0.00000000e+00j,
                 2.64045967e-04+1.43045686e-04j],
               [-3.76454950e-05+1.46879809e-04j,
                 8.39629329e-04-8.58953010e-04j,
                -3.03740124e-04-1.45854927e-04j, ...,
                -2.89550123e-04+9.65155560e-06j,
                 2.64045967e-04-1.43045686e-04j,
                 8.29975692e-05+0.00000000e+00j]],
              dims=(2, 2, 2, 2, 2, 2))","{'100001': 11, '111001': 2, '001000': 2, '111000': 2, '000010': 3, '110011': 4, '101101': 5, '101000': 2, '110110': 5, '110101': 9, '001111': 5, '111101': 1, '110010': 4, '101011': 2, '010110': 9, '010111': 7, '010001': 5, '111111': 1, '101100': 9, '100111': 10, '100100': 14, '001001': 1, '110000': 4, '000100': 3, '101010': 3, '010101': 5, '011101': 1, '000000': 10, '110001': 33, '000101': 15, '100110': 212, '010000': 4, '100101': 218, '000001': 18, '101110': 2, '110100': 6, '010011': 2, '011001': 1, '110111': 48, '100010': 13, '111110': 2, '100000': 108, '000111': 29, '001101': 2, '100011': 70, '101111': 50, '000110': 16, '000011': 8, '101001': 28}","DensityMatrix([[ 5.76930756e-04-1.45758279e-18j,
                -1.77584892e-03-9.88562031e-04j,
                -1.29360548e-04+5.58091603e-04j, ...,
                 1.36893175e-04+4.62483266e-04j,
                -3.41281365e-04-3.66461964e-04j,
                -4.94474269e-05-1.36471798e-04j],
               [-1.77584892e-03+9.88562031e-04j,
                 1.87845079e-02+7.81524947e-18j,
                -1.61735826e-03-4.85981242e-03j, ...,
                -2.80049638e-03-2.71619087e-03j,
                 3.81644347e-03+1.20607977e-03j,
                 7.71630788e-04+7.82742431e-04j],
               [-1.29360548e-04-5.58091603e-04j,
                -1.61735826e-03+4.85981242e-03j,
                 1.89021984e-03+2.60666449e-18j, ...,
                 9.64754764e-04-4.95961501e-04j,
                -6.89697749e-04+8.83941271e-04j,
                -2.77535806e-04+1.33946405e-04j],
               ...,
               [ 1.36893175e-04-4.62483266e-04j,
                -2.80049638e-03+2.71619087e-03j,
                 9.64754764e-04+4.95961501e-04j, ...,
                 1.74114206e-03+7.19476941e-18j,
                -1.55304240e-03+7.71788808e-04j,
                -2.63995306e-04-2.51381302e-05j],
               [-3.41281365e-04+3.66461964e-04j,
                 3.81644347e-03-1.20607977e-03j,
                -6.89697749e-04-8.83941271e-04j, ...,
                -1.55304240e-03-7.71788808e-04j,
                 1.85395882e-03-2.69445822e-18j,
                 2.33495602e-04+1.44322423e-04j],
               [-4.94474269e-05+1.36471798e-04j,
                 7.71630788e-04-7.82742431e-04j,
                -2.77535806e-04-1.33946405e-04j, ...,
                -2.63995306e-04+2.51381302e-05j,
                 2.33495602e-04-1.44322423e-04j,
                 2.30367814e-04+1.77484327e-18j]],
              dims=(2, 2, 2, 2, 2, 2))"
data/selected_mutant_qc/mutants_wstate_6/wstate_6_Mutant_Add_rx_P14_Q1_[5.497787143782138].qasm,Quratest_7,"{'101000': 1, '001100': 1, '000101': 4, '111001': 3, '011101': 2, '000110': 1, '110110': 98, '001111': 2, '110011': 157, '111111': 11, '100001': 47, '101110': 14, '000011': 18, '110101': 4, '100111': 32, '001001': 2, '110000': 92, '011011': 62, '101101': 16, '101011': 58, '010001': 11, '100010': 60, '010100': 16, '000000': 10, '111010': 57, '111100': 5, '010010': 152, '010111': 32, '011110': 37, '011000': 19}","DensityMatrix([[ 8.24966201e-03+0.00000000e+00j,
                -9.04089037e-05-2.18079051e-04j,
                 2.47410734e-05+2.57460870e-04j, ...,
                 1.01089737e-04-2.31820558e-05j,
                -3.36020752e-04-1.33306152e-05j,
                -1.58762779e-03-1.03333527e-02j],
               [-9.04089037e-05+2.18079051e-04j,
                 6.75570006e-06+0.00000000e+00j,
                -7.07709424e-06-2.16751246e-06j, ...,
                -4.95037437e-07+2.92635238e-06j,
                 4.03487993e-06-8.73658582e-06j,
                 2.90560198e-04+7.12754928e-05j],
               [ 2.47410734e-05-2.57460870e-04j,
                -7.07709424e-06+2.16751246e-06j,
                 8.10920743e-06+0.00000000e+00j, ...,
                -4.20308574e-07-3.22439883e-06j,
                -1.42377056e-06+1.04467772e-05j,
                -3.27251418e-04+1.85575840e-05j],
               ...,
               [ 1.01089737e-04+2.31820558e-05j,
                -4.95037437e-07-2.92635238e-06j,
                -4.20308574e-07+3.22439883e-06j, ...,
                 1.30387676e-06+0.00000000e+00j,
                -4.08007239e-06-1.10758964e-06j,
                 9.58287540e-06-1.31084204e-04j],
               [-3.36020752e-04+1.33306152e-05j,
                 4.03487993e-06+8.73658582e-06j,
                -1.42377056e-06-1.04467772e-05j, ...,
                -4.08007239e-06+1.10758964e-06j,
                 1.37081556e-05+0.00000000e+00j,
                 8.13640402e-05+4.18327062e-04j],
               [-1.58762779e-03+1.03333527e-02j,
                 2.90560198e-04-7.12754928e-05j,
                -3.27251418e-04-1.85575840e-05j, ...,
                 9.58287540e-06+1.31084204e-04j,
                 8.13640402e-05-4.18327062e-04j,
                 1.32488748e-02+0.00000000e+00j]],
              dims=(2, 2, 2, 2, 2, 2))","{'101001': 1, '100100': 1, '001101': 1, '101010': 2, '000111': 2, '001010': 1, '110101': 1, '010100': 9, '111110': 6, '100000': 1, '010000': 10, '100110': 2, '000011': 10, '101000': 4, '111000': 2, '000010': 8, '010101': 1, '011101': 1, '110001': 4, '000101': 8, '000000': 8, '011000': 11, '111011': 6, '110111': 16, '011001': 2, '111001': 4, '100001': 30, '010011': 11, '001110': 3, '100010': 57, '101101': 17, '110011': 124, '111111': 11, '001011': 2, '001001': 4, '011011': 61, '011110': 36, '011111': 3, '100011': 8, '111100': 7, '111010': 57, '010111': 35, '010001': 13, '010110': 15, '000110': 1, '011010': 7, '101011': 49, '110010': 17, '100101': 3, '000001': 6, '110100': 5, '101110': 17, '011100': 1, '101111': 6, '010010': 115, '110110': 60, '100111': 31, '110000': 90}","DensityMatrix([[ 8.55407961e-03-9.92228549e-18j,
                -8.19026485e-05-1.99436918e-04j,
                 1.92966490e-05+2.32218049e-04j, ...,
                 9.35972323e-05-2.09321630e-05j,
                -3.07116960e-04-1.49543745e-05j,
                -1.47374371e-03-9.39271328e-03j],
               [-8.19026485e-05+1.99436918e-04j,
                 4.66185792e-04-4.18583977e-21j,
                -4.51837939e-04-1.26396971e-04j, ...,
                 1.15930045e-05+1.84547392e-05j,
                 6.47463540e-06+2.02325180e-05j,
                 2.61130376e-04+6.36738124e-05j],
               [ 1.92966490e-05-2.32218049e-04j,
                -4.51837939e-04+1.26396971e-04j,
                 6.10136365e-04+1.62908180e-19j, ...,
                -6.88418406e-07-2.21493907e-05j,
                -1.05213551e-05-3.29582853e-06j,
                -2.93578251e-04+1.71152778e-05j],
               ...,
               [ 9.35972323e-05+2.09321630e-05j,
                 1.15930045e-05-1.84547392e-05j,
                -6.88418406e-07+2.21493907e-05j, ...,
                 1.05710951e-04+8.39653530e-20j,
                -1.41178796e-04-4.75917359e-05j,
                 7.08997238e-06-1.21321665e-04j],
               [-3.07116960e-04+1.49543745e-05j,
                 6.47463540e-06-2.02325180e-05j,
                -1.05213551e-05+3.29582853e-06j, ...,
                -1.41178796e-04+4.75917359e-05j,
                 6.80054000e-04+3.51634531e-20j,
                 7.85676024e-05+3.82074274e-04j],
               [-1.47374371e-03+9.39271328e-03j,
                 2.61130376e-04-6.36738124e-05j,
                -2.93578251e-04-1.71152778e-05j, ...,
                 7.08997238e-06+1.21321665e-04j,
                 7.85676024e-05-3.82074274e-04j,
                 1.32580143e-02-1.81628578e-18j]],
              dims=(2, 2, 2, 2, 2, 2))"
data/selected_mutant_qc/mutants_wstate_6/wstate_6_Mutant_Add_rx_P14_Q1_[5.497787143782138].qasm,Quratest_8,"{'101000': 1, '101100': 1, '000011': 1, '000010': 1, '011000': 1, '110100': 1, '101110': 2, '100110': 2, '110110': 4, '001111': 1, '010110': 7, '100111': 9, '010011': 1, '001110': 8, '011010': 1, '000001': 5, '010010': 2, '010111': 1, '001101': 23, '010100': 25, '000111': 21, '100000': 4, '000101': 157, '010101': 10, '110000': 10, '100101': 5, '010001': 7, '001000': 7, '101101': 13, '110101': 6, '010000': 14, '011001': 1, '100100': 200, '000000': 25, '000110': 45, '001100': 8, '000100': 394}","DensityMatrix([[ 2.41908820e-02+0.00000000e+00j,
                 4.65265133e-03+1.02625467e-02j,
                 2.87680397e-03+6.34548626e-03j, ...,
                 9.62628484e-04-1.39790944e-04j,
                 5.95207602e-04-8.64348337e-05j,
                -5.18615855e-04-3.04792433e-04j],
               [ 4.65265133e-03-1.02625467e-02j,
                 5.24854899e-03+0.00000000e+00j,
                 3.24525641e-03-6.50521303e-19j, ...,
                 1.25839297e-04-4.35263927e-04j,
                 7.78083215e-05-2.69130202e-04j,
                -2.29048503e-04+1.61392483e-04j],
               [ 2.87680397e-03-6.34548626e-03j,
                 3.24525641e-03+6.50521303e-19j,
                 2.00659062e-03+0.00000000e+00j, ...,
                 7.78083215e-05-2.69130202e-04j,
                 4.81100500e-05-1.66407233e-04j,
                -1.41624119e-04+9.97913885e-05j],
               ...,
               [ 9.62628484e-04+1.39790944e-04j,
                 1.25839297e-04+4.35263927e-04j,
                 7.78083215e-05+2.69130202e-04j, ...,
                 3.91137084e-05+0.00000000e+00j,
                 2.41845914e-05-5.92923063e-20j,
                -1.88760034e-05-1.51255203e-05j],
               [ 5.95207602e-04+8.64348337e-05j,
                 7.78083215e-05+2.69130202e-04j,
                 4.81100500e-05+1.66407233e-04j, ...,
                 2.41845914e-05+5.92923063e-20j,
                 1.49536949e-05+0.00000000e+00j,
                -1.16713155e-05-9.35233564e-06j],
               [-5.18615855e-04+3.04792433e-04j,
                -2.29048503e-04-1.61392483e-04j,
                -1.41624119e-04-9.97913885e-05j, ...,
                -1.88760034e-05+1.51255203e-05j,
                -1.16713155e-05+9.35233564e-06j,
                 1.49585630e-05+0.00000000e+00j]],
              dims=(2, 2, 2, 2, 2, 2))","{'001111': 1, '110110': 2, '010001': 2, '010010': 1, '111100': 1, '001010': 1, '101000': 1, '000010': 4, '010011': 1, '001110': 11, '100101': 9, '101100': 2, '000011': 1, '101001': 1, '100111': 14, '011100': 3, '010110': 5, '100011': 2, '110010': 2, '000001': 13, '101110': 5, '110100': 5, '100001': 3, '010000': 16, '001101': 20, '011011': 1, '101101': 17, '110101': 7, '000100': 342, '001100': 14, '000000': 35, '001001': 1, '110000': 9, '000101': 120, '010101': 23, '100000': 12, '010100': 25, '000111': 28, '011101': 2, '000110': 45, '001000': 8, '100010': 4, '100110': 5, '011000': 2, '100100': 198}","DensityMatrix([[ 2.57692114e-02-5.38026070e-19j,
                 3.49392819e-03+9.72433649e-03j,
                 2.16780930e-03+6.02672369e-03j, ...,
                 8.90652265e-04-1.14130506e-04j,
                 5.51588987e-04-7.07811592e-05j,
                -4.71669908e-04-2.81159967e-04j],
               [ 3.49392819e-03-9.72433649e-03j,
                 7.43766283e-03-5.63514261e-18j,
                 3.64300324e-03-9.61120068e-07j, ...,
                 1.07667362e-04-4.08356652e-04j,
                 7.20996618e-05-2.47653371e-04j,
                -2.09233834e-04+1.47523114e-04j],
               [ 2.16780930e-03-6.02672369e-03j,
                 3.64300324e-03+9.61120068e-07j,
                 4.50363296e-03+2.72203342e-17j, ...,
                 7.22920658e-05-2.47592432e-04j,
                 3.42652695e-05-1.61403378e-04j,
                -1.28536532e-04+9.04830795e-05j],
               ...,
               [ 8.90652265e-04+1.14130506e-04j,
                 1.07667362e-04+4.08356652e-04j,
                 7.22920658e-05+2.47592432e-04j, ...,
                 1.51999146e-04-4.32581683e-18j,
                 9.26733365e-05-3.58159479e-08j,
                -1.49980490e-05-1.26348454e-05j],
               [ 5.51588987e-04+7.07811592e-05j,
                 7.20996618e-05+2.47653371e-04j,
                 3.42652695e-05+1.61403378e-04j, ...,
                 9.26733365e-05+3.58159478e-08j,
                 6.07421954e-05-7.96964355e-19j,
                -9.19968934e-06-7.74577518e-06j],
               [-4.71669908e-04+2.81159967e-04j,
                -2.09233834e-04-1.47523114e-04j,
                -1.28536532e-04-9.04830795e-05j, ...,
                -1.49980490e-05+1.26348454e-05j,
                -9.19968934e-06+7.74577518e-06j,
                 4.17143598e-05-2.67644270e-18j]],
              dims=(2, 2, 2, 2, 2, 2))"
data/selected_mutant_qc/mutants_wstate_6/wstate_6_Mutant_Add_rx_P14_Q1_[5.497787143782138].qasm,Quratest_9,"{'001101': 1, '011111': 2, '001000': 6, '000100': 3, '110001': 18, '010000': 4, '011001': 10, '100110': 35, '100000': 25, '101100': 72, '101001': 48, '110100': 28, '011010': 80, '110010': 110, '000001': 5, '011100': 20, '111110': 69, '101111': 28, '010011': 1, '001110': 11, '110111': 4, '111101': 11, '111000': 28, '000010': 15, '100101': 6, '111011': 15, '101010': 362, '010110': 7}","DensityMatrix([[ 7.12828716e-30+0.00000000e+00j,
                -1.19728685e-16+6.01796088e-17j,
                -2.44141932e-16+2.72978272e-16j, ...,
                -2.20263965e-16-3.17880649e-17j,
                -6.32812033e-16+1.87586383e-16j,
                 6.36029377e-30-1.98956077e-30j],
               [-1.19728685e-16-6.01796088e-17j,
                 2.51905443e-03+0.00000000e+00j,
                 6.40525797e-03-2.52388310e-03j, ...,
                 3.43124807e-03+2.39347014e-03j,
                 1.22125590e-02+2.19167793e-03j,
                -1.23625855e-16-2.02787139e-17j],
               [-2.44141932e-16-2.72978272e-16j,
                 6.40525797e-03+2.52388310e-03j,
                 1.88155186e-02+0.00000000e+00j, ...,
                 6.32665577e-03+9.52375719e-03j,
                 2.88572773e-02+1.78087990e-02j,
                -2.94028737e-16-1.75425984e-16j],
               ...,
               [-2.20263965e-16+3.17880649e-17j,
                 3.43124807e-03-2.39347014e-03j,
                 6.32665577e-03-9.52375719e-03j, ...,
                 6.94790969e-03+0.00000000e+00j,
                 1.87173547e-02-8.61839446e-03j,
                -1.87660683e-16+8.98406534e-17j],
               [-6.32812033e-16-1.87586383e-16j,
                 1.22125590e-02-2.19167793e-03j,
                 2.88572773e-02-1.78087990e-02j, ...,
                 1.87173547e-02+8.61839446e-03j,
                 6.11142216e-02+0.00000000e+00j,
                -6.16990428e-16+9.24675049e-18j],
               [ 6.36029377e-30+1.98956077e-30j,
                -1.23625855e-16+2.02787139e-17j,
                -2.94028737e-16+1.75425984e-16j, ...,
                -1.87660683e-16-8.98406534e-17j,
                -6.16990428e-16-9.24675049e-18j,
                 6.23034509e-30+0.00000000e+00j]],
              dims=(2, 2, 2, 2, 2, 2))","{'111111': 1, '111001': 2, '010101': 1, '110011': 1, '101101': 2, '000100': 4, '001011': 2, '001001': 2, '011011': 3, '101000': 9, '001100': 2, '001101': 2, '000110': 8, '110010': 110, '101011': 3, '010110': 8, '010001': 3, '110000': 4, '100100': 6, '110110': 5, '110101': 1, '001111': 3, '010010': 5, '011110': 4, '111110': 52, '100000': 18, '001000': 3, '111100': 3, '111010': 16, '100011': 7, '101111': 23, '011100': 23, '001010': 22, '010011': 2, '001110': 9, '011001': 15, '110111': 11, '100110': 30, '010000': 2, '000000': 2, '110001': 13, '100101': 3, '000001': 4, '011010': 61, '000010': 21, '111000': 37, '101001': 31, '101100': 58, '100010': 11, '011000': 4, '111011': 9, '111101': 6, '011111': 4, '101010': 300, '110100': 19, '101110': 11, '010100': 3}","DensityMatrix([[ 1.06053902e-04+6.53442775e-20j,
                 4.43732755e-07+1.21410479e-06j,
                 2.32507775e-06+2.65243987e-06j, ...,
                -9.32974203e-07+2.18876186e-06j,
                 1.90776231e-07+7.06931649e-06j,
                 1.95687409e-05+1.51686892e-06j],
               [ 4.43732755e-07-1.21410479e-06j,
                 2.92186457e-03+1.54823685e-17j,
                 6.99963489e-03-2.75711296e-03j, ...,
                 3.34461597e-03+2.32670067e-03j,
                 1.12143162e-02+2.00725981e-03j,
                 2.60949939e-07-9.26883882e-07j],
               [ 2.32507775e-06-2.65243987e-06j,
                 6.99963489e-03+2.75711296e-03j,
                 2.06919467e-02+3.44658736e-18j, ...,
                 5.83664099e-03+8.72973931e-03j,
                 2.66445205e-02+1.64228293e-02j,
                 1.53212173e-06-2.05881724e-06j],
               ...,
               [-9.32974203e-07-2.18876186e-06j,
                 3.34461597e-03-2.32670067e-03j,
                 5.83664099e-03-8.72973931e-03j, ...,
                 7.37985746e-03-1.88187108e-17j,
                 1.82947460e-02-8.35902918e-03j,
                 8.65643764e-08-1.90519525e-06j],
               [ 1.90776231e-07-7.06931649e-06j,
                 1.12143162e-02-2.00725981e-03j,
                 2.66445205e-02-1.64228293e-02j, ...,
                 1.82947460e-02+8.35902918e-03j,
                 6.00525735e-02+3.27589787e-17j,
                 2.50968235e-06-4.88564143e-06j],
               [ 1.95687409e-05-1.51686892e-06j,
                 2.60949939e-07+9.26883882e-07j,
                 1.53212173e-06+2.05881724e-06j, ...,
                 8.65643764e-08+1.90519525e-06j,
                 2.50968235e-06+4.88564143e-06j,
                 9.35466503e-05+4.62594208e-20j]],
              dims=(2, 2, 2, 2, 2, 2))"
