,Name,Input,Ideal_chisquare,Noisy_chisquare,Ideal_hellinger,Noisy_hellinger,Ideal_jensenshannon,Noisy_jensenshannon,Ideal_trace,Noisy_trace,Ideal_fidelity,Noisy_fidelity,Ideal_expectation,Noisy_expectation,Killed_IC,Killed_NC,Killed_IH,Killed_NH,Killed_IJ,Killed_NJ,Killed_IT,Killed_NT,Killed_IF,Killed_NF,Killed_IE,Killed_NE
0,qpeexact_6_Mutant_Add_ch_P10_Q5_[].qasm,PureState_0,0.04778380962776621,0.0,0.013429838959579322,0.5042890127564118,0.01342842072791948,0.4660455495758753,2.5326962749261384e-16,0.8984528369005409,0.5000000000000071,0.041284177295929377,0.0,0.560546875,True,True,False,True,False,True,False,True,True,True,False,True
1,qpeexact_6_Mutant_Add_ch_P10_Q5_[].qasm,Quratest_0,0.0,0.0,0.5169211164845722,0.8095001557347774,0.471399626711041,0.7363175705129303,0.49585008696278643,0.965829630312953,0.06605078950652941,0.003996506725882292,0.6435546875,0.26708984375,True,True,True,True,True,True,True,True,True,True,True,True
2,qpeexact_6_Mutant_Add_ch_P10_Q5_[].qasm,PureState_1,0.0,0.0,0.2760219854939735,0.9958010867161773,0.2729140054992301,0.830339932017866,0.3535533905932735,0.9993046878843478,0.5000000000000087,9.186005078432494e-07,0.001953125,0.625,True,True,True,True,True,True,True,True,True,True,True,True
3,qpeexact_6_Mutant_Add_ch_P10_Q5_[].qasm,Quratest_1,0.0,0.0,0.2161571437612469,0.7964794604644435,0.2132039689999862,0.714308281089984,0.205954269050048,0.9346534963338595,0.04654797587224811,0.020141033911052132,0.1318359375,0.8740234375,True,True,True,True,True,True,True,True,True,True,True,True
4,qpeexact_6_Mutant_Add_ch_P10_Q5_[].qasm,PureState_2,0.0,0.0,0.2727145640017079,0.991755958693512,0.26969336819508755,0.8286872693782652,0.3535533905932735,0.9993045785146708,0.5000000000000089,4.612078220217712e-06,0.01123046875,0.63818359375,True,True,True,True,True,True,True,True,True,True,True,True
5,qpeexact_6_Mutant_Add_ch_P10_Q5_[].qasm,Quratest_2,0.0,0.0,0.2706965470552712,0.8141203304037105,0.2659755628144944,0.7248507391573029,0.2829356122785419,0.9358433433430763,0.08069025947561732,0.03524853283507067,0.076171875,0.6708984375,True,True,True,True,True,True,True,True,True,True,True,True
6,qpeexact_6_Mutant_Add_ch_P10_Q5_[].qasm,PureState_3,0.33308510886308523,0.0,0.009807241187013363,0.9117986762931152,0.009804631711957317,0.7913778447606834,1.7932703932910243e-16,0.9951687180558676,0.5000000000000094,0.00042312880048175563,0.0,0.98828125,False,True,False,True,False,True,False,True,True,True,False,True
7,qpeexact_6_Mutant_Add_ch_P10_Q5_[].qasm,Quratest_3,0.0,0.0,0.4304961686587238,0.9098923231672985,0.38867686595324824,0.784586637990437,0.37967386965553007,0.976700470473108,0.3714430850644882,0.002893859484371863,0.14990234375,0.5126953125,True,True,True,True,True,True,True,True,True,True,True,True
8,qpeexact_6_Mutant_Add_ch_P10_Q5_[].qasm,PureState_4,0.012361340547921922,0.0,0.015411167344381924,0.8627486362122255,0.015407416788027766,0.768646409872646,6.76542155630955e-17,0.9817123933687785,0.5000000000000085,0.0019204983906613053,0.0,0.71044921875,True,True,False,True,False,True,False,True,True,True,False,True
9,qpeexact_6_Mutant_Add_ch_P10_Q5_[].qasm,Quratest_4,0.0,0.0,0.1700124212810307,0.9028764657108882,0.16896123446896671,0.7824010313871446,0.17062709633063128,0.9745090199768853,0.0311823786450509,0.0018756964009356677,0.015625,0.642578125,True,True,True,True,True,True,True,True,True,True,True,True
10,qpeexact_6_Mutant_Add_ch_P10_Q5_[].qasm,PureState_5,0.0,0.0,0.2812893124677518,0.9418153266104771,0.2780669023806981,0.8054291448168331,0.3535533905932736,0.999304578514671,0.5000000000000085,0.00027788746988977926,0.01123046875,0.67626953125,True,True,True,True,True,True,True,True,True,True,True,True
11,qpeexact_6_Mutant_Add_ch_P10_Q5_[].qasm,Quratest_5,0.0,0.0,0.21611087816006253,0.8585494052509993,0.20965582351544573,0.7604664759749311,0.17549156234711816,0.9565595274927357,0.1678530786073577,0.013149256448814694,0.06396484375,0.68701171875,True,True,True,True,True,True,True,True,True,True,True,True
12,qpeexact_6_Mutant_Add_ch_P10_Q5_[].qasm,PureState_6,1.3748932583971074e-05,0.0,0.024534790790340436,0.9923364385391608,0.024522162004827375,0.8295783016102592,1.902537643486829e-16,0.9998110891985442,1.0000000000000107,5.305763429374901e-06,0.0,1.173828125,True,True,False,True,False,True,False,True,False,True,False,True
13,qpeexact_6_Mutant_Add_ch_P10_Q5_[].qasm,Quratest_6,0.0,0.0,0.24614315418539587,0.6205483561693245,0.24040058076803292,0.5486599302463802,0.2342675719386917,0.6631331015514826,0.5965646348954942,0.27672926220674227,0.0048828125,0.4072265625,True,True,True,True,True,True,True,True,True,True,True,True
14,qpeexact_6_Mutant_Add_ch_P10_Q5_[].qasm,PureState_7,0.31211502705354516,0.0,0.014412549549020746,0.9941816883827502,0.014408628612351574,0.8305952904763103,1.3513733047084558e-16,0.9998110891985442,1.000000000000011,5.285054733189257e-06,0.0,1.173828125,True,True,False,True,False,True,False,True,False,True,False,True
15,qpeexact_6_Mutant_Add_ch_P10_Q5_[].qasm,Quratest_7,0.0,0.0,0.22907522662065527,0.9179390773063018,0.22172323235891514,0.7910718415117715,0.17798960922687415,0.9892623889795168,0.39549156963254983,0.0004184941026326459,0.04638671875,0.65185546875,True,True,True,True,True,True,True,True,True,True,True,True
16,qpeexact_6_Mutant_Add_ch_P10_Q5_[].qasm,PureState_8,0.0,0.0,0.2668744477392842,0.9952101928834169,0.26411549764574527,0.8309765520805095,0.3535533905932735,0.9998253413384633,0.5000000000000093,9.784571443538556e-07,0.10791015625,0.45947265625,True,True,True,True,True,True,True,True,True,True,True,True
17,qpeexact_6_Mutant_Add_ch_P10_Q5_[].qasm,Quratest_8,0.0,0.0,0.321475791544939,0.926325620004485,0.3077204643585638,0.791828883110671,0.33268267813646335,0.9800780927444922,0.010508710857002387,0.0004602136812967271,0.095703125,0.583984375,True,True,True,True,True,True,True,True,True,True,True,True
18,qpeexact_6_Mutant_Add_ch_P10_Q5_[].qasm,PureState_9,0.21095936625834774,0.0,0.011270734779468836,0.9530647887266219,0.011268581331268323,0.809527585664025,1.1275702593849246e-16,0.9939803278342346,1.000000000000011,0.0024252216545552724,0.0,0.630859375,True,True,False,True,False,True,False,True,False,True,False,True
19,qpeexact_6_Mutant_Add_ch_P10_Q5_[].qasm,Quratest_9,0.0,0.0,0.3790859331347339,0.8505095064881655,0.35892101339904986,0.7500903414336364,0.3855512927875054,0.9627906781054858,0.2914268752338358,0.0034474111874087747,0.2744140625,0.85107421875,True,True,True,True,True,True,True,True,True,True,True,True
20,qpeexact_6_Mutant_Add_ch_P10_Q5_[].qasm,PureState_10,0.15754380089096606,0.0,0.008041909078649802,0.9481771875552303,0.008041803513523377,0.8093325359655825,6.938893903907228e-17,0.9940209969767114,1.000000000000011,0.002520613715693278,0.0,1.34326171875,True,True,False,True,False,True,False,True,False,True,False,True
21,qpeexact_6_Mutant_Add_ch_P10_Q5_[].qasm,Quratest_10,0.0,0.0,0.14024720707976931,0.8174567098693352,0.1386761985692508,0.7345091374743922,0.15557417166429774,0.9554030226227206,0.28395324066804056,0.010359058259604759,0.140625,0.5380859375,True,True,True,True,True,True,True,True,True,True,True,True
22,qpeexact_6_Mutant_Add_ch_P10_Q5_[].qasm,PureState_11,0.15000688066001372,0.0,0.0167570900732014,0.9919648513966224,0.016290858446995904,0.8291982194068683,7.150482734131353e-17,0.9970910946110926,1.000000000000011,3.207632953230469e-05,0.0,0.1552734375,True,True,False,True,False,True,False,True,False,True,False,True
23,qpeexact_6_Mutant_Add_ch_P10_Q5_[].qasm,Quratest_11,0.0,0.0,0.21036756768878845,0.9114550620836154,0.2061086968893396,0.7895533743104645,0.20394008291552196,0.9810372167155854,0.6464389326118373,0.0008667176228708204,0.07470703125,0.5869140625,True,True,True,True,True,True,True,True,True,True,True,True
24,qpeexact_6_Mutant_Add_ch_P10_Q5_[].qasm,PureState_12,0.0,0.0,0.5355730211036893,0.993865425161768,0.4594152789715127,0.8317960920947832,0.4999999999999996,0.9999953649742795,0.5000000000000089,2.317559570059522e-06,0.34521484375,0.63525390625,True,True,True,True,True,True,True,True,True,True,True,True
25,qpeexact_6_Mutant_Add_ch_P10_Q5_[].qasm,Quratest_12,5.826673983758352e-140,0.0,0.07554617975942464,0.8856127886105021,0.07469770707100375,0.7752110054536565,0.036779203317397875,0.9681780406995937,0.8207948432973943,0.0062657389731724765,0.03369140625,1.046875,True,True,False,True,False,True,True,True,True,True,True,True
26,qpeexact_6_Mutant_Add_ch_P10_Q5_[].qasm,PureState_13,0.0,0.0,0.5411100860569241,0.998181756783344,0.46447117479974026,0.8321460929020588,0.49999999999999967,0.9999953334468636,0.5000000000000092,3.617445514882236e-07,0.88232421875,0.0810546875,True,True,True,True,True,True,True,True,True,True,True,True
27,qpeexact_6_Mutant_Add_ch_P10_Q5_[].qasm,Quratest_13,0.0,0.0,0.4472244436092747,0.9560595695139041,0.4306476614697038,0.813170839872292,0.541037322375735,0.9884865990542394,0.2488822292419688,0.00025082063677819367,0.068359375,0.51025390625,True,True,True,True,True,True,True,True,True,True,True,True
28,qpeexact_6_Mutant_Add_ch_P10_Q5_[].qasm,PureState_14,0.020629034088183777,0.0,0.013832261398284078,0.9862641962949403,0.013825706704924865,0.8283153625395562,6.440160904563896e-17,0.9970919135931804,1.000000000000011,3.7212570421919676e-05,0.0,0.66748046875,True,True,False,True,False,True,False,True,False,True,False,True
29,qpeexact_6_Mutant_Add_ch_P10_Q5_[].qasm,Quratest_14,2.197857339146274e-109,0.0,0.0783837070888565,0.8526008371122477,0.07802500496477872,0.7501726938164655,0.04935501664799961,0.9618199665957563,0.31043160783037826,0.0028073364195834384,0.01611328125,0.56494140625,True,True,False,True,False,True,True,True,True,True,True,True
30,qpeexact_6_Mutant_Add_ch_P10_Q5_[].qasm,PureState_15,0.6557617419434454,0.0,0.01193940653479338,0.9929193726660386,0.01193139233743331,0.829992305270201,1.8973538018496328e-16,0.9991611559915962,1.000000000000011,9.227495978640972e-06,0.0,1.15478515625,False,True,False,True,False,True,False,True,False,True,False,True
31,qpeexact_6_Mutant_Add_ch_P10_Q5_[].qasm,Quratest_15,0.0,0.0,0.22940925296726664,0.9808289735005064,0.22732956278588273,0.8217784763977969,0.2842019982187025,0.9932245941506312,0.2696028976961744,8.563441044603393e-05,0.14697265625,0.85498046875,True,True,True,True,True,True,True,True,True,True,True,True
32,qpeexact_6_Mutant_Add_ch_P10_Q5_[].qasm,PureState_16,0.0005407348570097803,0.0,0.022418235123759265,0.9879106117888767,0.022061376726154006,0.8244664956620221,1.4586584978076855e-16,0.9939393820619817,1.000000000000011,0.00010469947398326972,0.0,0.73486328125,True,True,False,True,False,True,False,True,False,True,False,True
33,qpeexact_6_Mutant_Add_ch_P10_Q5_[].qasm,Quratest_16,0.0,0.0,0.24401271960955742,0.8847221972828174,0.23452501963286404,0.7670006903758001,0.21416845693059783,0.9694842860885149,0.028719369399677775,0.00209604218812361,0.15673828125,0.5556640625,True,True,True,True,True,True,True,True,True,True,True,True
34,qpeexact_6_Mutant_Add_ch_P10_Q5_[].qasm,PureState_17,0.0,0.0,0.543873445152151,0.991301917643818,0.46692540450926345,0.8317333700469753,0.4999999999999995,0.9999953956785439,0.5000000000000087,4.6043872832009756e-06,0.8466796875,1.64794921875,True,True,True,True,True,True,True,True,True,True,True,True
35,qpeexact_6_Mutant_Add_ch_P10_Q5_[].qasm,Quratest_17,0.0,0.0,0.09624624801543182,0.839386718512984,0.09428522238416251,0.7480622165997043,0.04921515212186087,0.9627185573618005,0.7592904762781105,0.005831585682248364,0.0380859375,0.67431640625,True,True,False,True,False,True,True,True,True,True,True,True
36,qpeexact_6_Mutant_Add_ch_P10_Q5_[].qasm,PureState_18,0.0,0.0,0.2766891386277139,0.976681146133967,0.27355578838112726,0.8187148429654942,0.35355339059327334,0.9993045785146704,0.5000000000000087,4.868978094522869e-05,0.029296875,0.6357421875,True,True,True,True,True,True,True,True,True,True,True,True
37,qpeexact_6_Mutant_Add_ch_P10_Q5_[].qasm,Quratest_18,0.0,0.0,0.15833556536794557,0.9225194227791376,0.15607245877536902,0.7970227586844438,0.16402364662696828,0.9845081982997163,0.8164719132782314,0.0006661211150110923,0.18994140625,0.40234375,True,True,True,True,True,True,True,True,True,True,True,True
38,qpeexact_6_Mutant_Add_ch_P10_Q5_[].qasm,PureState_19,1.4825415314052536e-07,0.0,0.02344446690115716,0.9792879006664864,0.023437162620867424,0.8230833394498507,1.4051260155412137e-16,0.9939803278342345,1.000000000000011,0.00011512359116802587,0.0,0.6298828125,True,True,False,True,False,True,False,True,False,True,False,True
39,qpeexact_6_Mutant_Add_ch_P10_Q5_[].qasm,Quratest_19,0.0,0.0,0.11653318123699859,0.9016386454625871,0.11526783672069645,0.785575611989431,0.10770534372591162,0.9758564478798936,0.7906521473484738,0.006752906804965655,0.02001953125,0.478515625,True,True,False,True,False,True,True,True,True,True,True,True
40,qpeexact_6_Mutant_Add_ch_P10_Q5_[].qasm,PureState_20,0.0,0.0,0.015884769410014044,0.984289626640668,0.01539296013064674,0.8239077899492085,1.091791587692903e-16,0.9939393820619817,1.000000000000011,0.00010447400050528962,0.0,0.73486328125,True,True,False,True,False,True,False,True,False,True,False,True
41,qpeexact_6_Mutant_Add_ch_P10_Q5_[].qasm,Quratest_20,0.0,0.0,0.19963008620211484,0.8124825451003148,0.194817937170309,0.7252550448448875,0.1115863984655913,0.9324234236576106,0.6290503555490743,0.04429421118355683,0.11083984375,0.802734375,True,True,True,True,True,True,True,True,True,True,True,True
42,qpeexact_6_Mutant_Add_ch_P10_Q5_[].qasm,PureState_21,0.10265319523684463,0.0,0.016132780217688932,0.9546163588512326,0.016127115067332165,0.8095948219678455,1.249000902703301e-16,0.993939382061982,1.000000000000011,0.00240035587162471,0.0,1.32861328125,True,True,False,True,False,True,False,True,False,True,False,True
43,qpeexact_6_Mutant_Add_ch_P10_Q5_[].qasm,Quratest_21,1.5524855414945053e-160,0.0,0.09431289412050914,0.8447101189457219,0.09380373017549754,0.7528995039921129,0.06591511457803034,0.959308143736004,0.7009083701009398,0.004256852153457063,0.0048828125,0.68359375,True,True,False,True,False,True,True,True,True,True,True,True
44,qpeexact_6_Mutant_Add_ch_P10_Q5_[].qasm,PureState_22,0.2914880461131933,0.0,0.010191781740726392,0.7893311281051785,0.010190831864059988,0.7125755480677977,1.6761765586625899e-16,0.927519205537593,0.5000000000000078,0.007234783693030008,0.0,0.328125,True,True,False,True,False,True,False,True,True,True,False,True
45,qpeexact_6_Mutant_Add_ch_P10_Q5_[].qasm,Quratest_22,0.0,0.0,0.43581241082987043,0.8611503114463896,0.42283338851042046,0.7591939938088447,0.5366985210680006,0.9770859880563427,0.09265602906750739,0.004826604867486613,0.33056640625,0.76904296875,True,True,True,True,True,True,True,True,True,True,True,True
46,qpeexact_6_Mutant_Add_ch_P10_Q5_[].qasm,PureState_23,0.04976717213084913,0.0,0.018065514825573944,0.9910220474695934,0.018056580866128272,0.8284516210780339,1.8908485888147197e-16,0.9958937211130603,1.000000000000011,4.025288730683984e-05,0.0,0.07177734375,True,True,False,True,False,True,False,True,False,True,False,True
47,qpeexact_6_Mutant_Add_ch_P10_Q5_[].qasm,Quratest_23,0.0,0.0,0.2615517567738829,0.8201887898627879,0.2499861027529308,0.7283159075402069,0.21102084689691322,0.9286579377261988,0.1385965152076307,0.03953510352416762,0.27783203125,0.552734375,True,True,True,True,True,True,True,True,True,True,True,True
48,qpeexact_6_Mutant_Add_ch_P10_Q5_[].qasm,PureState_24,0.0,0.0,0.5422254715329563,0.998053884106943,0.4654545445692864,0.8321379446832969,0.49999999999999956,0.9999953334468634,0.5000000000000085,3.659815520210848e-07,0.35400390625,0.0810546875,True,True,True,True,True,True,True,True,True,True,True,True
49,qpeexact_6_Mutant_Add_ch_P10_Q5_[].qasm,Quratest_24,0.0,0.0,0.22569877623239148,0.8537711101395851,0.22098312577718063,0.7602231685925126,0.22961226352652664,0.9724859358585367,0.7711119198069314,0.003378442761647544,0.29296875,0.546875,True,True,True,True,True,True,True,True,True,True,True,True
50,qpeexact_6_Mutant_Add_ch_P10_Q5_[].qasm,PureState_25,0.0,0.0,0.27558485075399186,0.9883943836172463,0.2725375180827195,0.8281953231763718,0.3535533905932736,0.9993045785146709,0.500000000000009,4.613403802313042e-06,0.01123046875,0.63818359375,True,True,True,True,True,True,True,True,True,True,True,True
51,qpeexact_6_Mutant_Add_ch_P10_Q5_[].qasm,Quratest_25,0.0,0.0,0.12523489555550468,0.9662200774448619,0.1241591752045443,0.8169806875750861,0.14310603788422246,0.9923923086448818,0.5591759851041221,9.052935200540081e-05,0.08154296875,0.546875,True,True,False,True,True,True,True,True,True,True,True,True
52,qpeexact_6_Mutant_Add_ch_P10_Q5_[].qasm,PureState_26,0.0,0.0,0.2834851453738533,0.9818061004857975,0.2802094651719415,0.8223446334055239,0.3535533905932735,0.9993045785146704,0.5000000000000087,1.205835644164924e-05,0.08544921875,0.80517578125,True,True,True,True,True,True,True,True,True,True,True,True
53,qpeexact_6_Mutant_Add_ch_P10_Q5_[].qasm,Quratest_26,0.0,0.0,0.3413227852158822,0.9698308785875126,0.3356525479388769,0.8178681016897499,0.43378253306626413,0.9957516694720512,0.05251130645873957,5.8132662305762817e-05,0.14111328125,0.8056640625,True,True,True,True,True,True,True,True,True,True,True,True
54,qpeexact_6_Mutant_Add_ch_P10_Q5_[].qasm,PureState_27,6.504588954752196e-06,0.0,0.0194527581397821,0.5008894818791818,0.01942545088199058,0.4635416417149786,1.5092094240998224e-16,0.8984528369005407,0.5000000000000075,0.041134840146890776,0.0,0.560546875,True,True,False,True,False,True,False,True,True,True,False,True
55,qpeexact_6_Mutant_Add_ch_P10_Q5_[].qasm,Quratest_27,0.0,0.0,0.49295619097045407,0.6307434863228142,0.4781959182026599,0.5690610046008803,0.6171472605997235,0.8967113623922611,0.19270186573771783,0.02095788718525446,0.05810546875,0.65380859375,True,True,True,True,True,True,True,True,True,True,True,True
56,qpeexact_6_Mutant_Add_ch_P10_Q5_[].qasm,PureState_28,0.0006598195661741926,0.0,0.01773950636166914,0.9812418030733336,0.01773765911163155,0.8233315888616912,3.642919299551295e-17,0.9939803278342347,1.000000000000011,0.00011466937674797626,0.0,0.6298828125,True,True,False,True,False,True,False,True,False,True,False,True
57,qpeexact_6_Mutant_Add_ch_P10_Q5_[].qasm,Quratest_28,0.0,0.0,0.3815457390355179,0.8923157653448951,0.3664235235108165,0.7764442046158699,0.34743323733928966,0.9662079561383401,0.18081073618044,0.0021935498227453826,0.19482421875,0.5517578125,True,True,True,True,True,True,True,True,True,True,True,True
58,qpeexact_6_Mutant_Add_ch_P10_Q5_[].qasm,PureState_29,,0.0,0.0,0.21559268242494373,0.0,0.18041308959615057,2.6454442440945084e-32,0.13283047847017232,1.000000000000011,0.8671695386859986,0.0,0.35205078125,False,True,False,True,False,True,False,True,False,True,False,True
59,qpeexact_6_Mutant_Add_ch_P10_Q5_[].qasm,Quratest_29,0.0,0.0,0.4081486675181084,0.8511499539190736,0.3970392620059315,0.7504548910554394,0.4704876465435127,0.9746462737417864,0.04490837581197564,0.002244609964486565,0.0234375,0.4814453125,True,True,True,True,True,True,True,True,True,True,True,True
60,qpeexact_6_Mutant_Add_ch_P10_Q5_[].qasm,PureState_30,0.005563566589574352,0.0,0.012248487264091754,0.9718971123193003,0.01224704758105668,0.8181525364660596,1.1102230246251565e-16,0.9940209969767113,1.000000000000011,0.0004634605128980778,0.0,0.0810546875,True,True,False,True,False,True,False,True,False,True,False,True
61,qpeexact_6_Mutant_Add_ch_P10_Q5_[].qasm,Quratest_30,0.0006842594508316632,0.0,0.02216768455366558,0.646709384674943,0.02216628889937865,0.5897027912874708,0.023019135245834182,0.7771570277525841,0.5179240725652636,0.17118769187713756,0.00146484375,0.7021484375,True,True,False,True,False,True,True,True,True,True,True,True
62,qpeexact_6_Mutant_Add_ch_P10_Q5_[].qasm,PureState_31,0.15732066341301626,0.0,0.008062885032544053,0.9555966024640767,0.008062833172361087,0.8123945757345882,1.0408340855860844e-16,0.9940209969767113,1.000000000000011,0.0025260422189668694,0.0,1.34326171875,True,True,False,True,False,True,False,True,False,True,False,True
63,qpeexact_6_Mutant_Add_ch_P10_Q5_[].qasm,Quratest_31,0.0,0.0,0.32837538466719135,0.9129237419157793,0.30836206407797995,0.7853564634679133,0.22056120086917896,0.9726649383306349,0.611468699235664,0.0023622457061416445,0.0791015625,0.357421875,True,True,True,True,True,True,True,True,True,True,True,True
64,qpeexact_6_Mutant_Add_ch_P9_Q5_[].qasm,PureState_0,0.0,0.0,0.27544573696968655,0.501518063086108,0.2724499022592463,0.463814079270066,0.3535533905932735,0.8984528369005402,0.5000000000000081,0.04128417729592936,0.10888671875,0.560546875,True,True,True,True,True,True,True,True,True,True,True,True
65,qpeexact_6_Mutant_Add_ch_P9_Q5_[].qasm,Quratest_0,0.0,0.0,0.2087340916190567,0.8065175375589823,0.2066408362893783,0.7365847605223437,0.2604358721110731,0.9658296303129528,0.7294793062811128,0.003996506725882296,0.23583984375,0.26708984375,True,True,True,True,True,True,True,True,True,True,True,True
66,qpeexact_6_Mutant_Add_ch_P9_Q5_[].qasm,PureState_1,0.0,0.0,0.19646960090257243,0.9946366297207642,0.192366526490368,0.8304281413898706,0.2309698831278216,0.9993046878843481,0.5000000000000082,9.186005078434372e-07,0.00537109375,0.625,True,True,True,True,True,True,True,True,True,True,True,True
67,qpeexact_6_Mutant_Add_ch_P9_Q5_[].qasm,Quratest_1,0.0,0.0,0.2670136529663885,0.7962828396465784,0.2626787806547691,0.7156918310892904,0.2440292666999483,0.9346534963338595,0.4834673738195073,0.020141033911052153,0.1552734375,0.8740234375,True,True,True,True,True,True,True,True,True,True,True,True
68,qpeexact_6_Mutant_Add_ch_P9_Q5_[].qasm,PureState_2,0.0,0.0,0.38568026383351794,0.9876751933086345,0.3703243481983223,0.8275584045248611,0.42231159931036627,0.9993045785146708,0.500000000000009,4.612078220217712e-06,0.0859375,0.63818359375,True,True,True,True,True,True,True,True,True,True,True,True
69,qpeexact_6_Mutant_Add_ch_P9_Q5_[].qasm,Quratest_2,0.0,0.0,0.25417711264204396,0.8164341117099861,0.24624177966300392,0.7250459713768563,0.2337721654613929,0.9358433433430763,0.36691467297266495,0.03524853283507065,0.021484375,0.6708984375,True,True,True,True,True,True,True,True,True,True,True,True
70,qpeexact_6_Mutant_Add_ch_P9_Q5_[].qasm,PureState_3,0.0,0.0,0.27142455488870193,0.9133532611298033,0.2685567500073047,0.7925840039128038,0.3535533905932735,0.9951687180558676,0.5000000000000085,0.00042312880048175563,0.125,0.98828125,True,True,True,True,True,True,True,True,True,True,True,True
71,qpeexact_6_Mutant_Add_ch_P9_Q5_[].qasm,Quratest_3,0.0,0.0,0.29734362631738387,0.9110554364272287,0.292859497840297,0.7859390305439407,0.3611807295970948,0.976700470473108,0.2592992566152492,0.002893859484371861,0.31005859375,0.5126953125,True,True,True,True,True,True,True,True,True,True,True,True
72,qpeexact_6_Mutant_Add_ch_P9_Q5_[].qasm,PureState_4,0.0,0.0,0.27741970989570264,0.8583015448729746,0.27429429068088973,0.7652823014412299,0.3535533905932735,0.9817123933687778,0.5000000000000084,0.0019204983906613033,0.15283203125,0.71044921875,True,True,True,True,True,True,True,True,True,True,True,True
73,qpeexact_6_Mutant_Add_ch_P9_Q5_[].qasm,Quratest_4,0.0,0.0,0.1805998625407124,0.9031818224200457,0.17923406336444286,0.7821657520965236,0.1955438785807146,0.9745090199768853,0.7299901997315719,0.0018756964009356742,0.0009765625,0.642578125,True,True,True,True,True,True,True,True,True,True,True,True
74,qpeexact_6_Mutant_Add_ch_P9_Q5_[].qasm,PureState_5,0.0,0.0,0.38775198792843946,0.9463420165038521,0.371840096058926,0.807821564038208,0.4223115993103664,0.999304578514671,0.5000000000000085,0.00027788746988977926,0.0537109375,0.67626953125,True,True,True,True,True,True,True,True,True,True,True,True
75,qpeexact_6_Mutant_Add_ch_P9_Q5_[].qasm,Quratest_5,0.0,0.0,0.17838358172148883,0.8599981886160976,0.17459167091572877,0.760111576397044,0.1288326760249104,0.9565595274927357,0.2408474455475628,0.013149256448814699,0.091796875,0.68701171875,True,True,True,True,True,True,True,True,True,True,True,True
76,qpeexact_6_Mutant_Add_ch_P9_Q5_[].qasm,PureState_6,0.0,0.0,0.018152166830660867,0.9905759656921078,0.017721527483165397,0.8295853268624042,1.9978966126887182e-16,0.9998110891985442,1.000000000000011,5.305763429374819e-06,0.0,1.173828125,True,True,False,True,False,True,False,True,False,True,False,True
77,qpeexact_6_Mutant_Add_ch_P9_Q5_[].qasm,Quratest_6,0.0,0.0,0.22264909506902308,0.616342306163368,0.21585868389095292,0.5454303843941948,0.16605522560812075,0.6631331015514823,0.8653158416285136,0.27672926220674227,0.03564453125,0.4072265625,True,True,True,True,True,True,True,True,True,True,True,True
78,qpeexact_6_Mutant_Add_ch_P9_Q5_[].qasm,PureState_7,0.003513562005420983,0.0,0.020890553529273624,0.9895944253024709,0.020515546681584874,0.8292313831886067,1.1179140837862256e-16,0.9998110891985442,1.000000000000011,5.2850547331890955e-06,0.0,1.173828125,True,True,False,True,False,True,False,True,False,True,False,True
79,qpeexact_6_Mutant_Add_ch_P9_Q5_[].qasm,Quratest_7,0.0,0.0,0.23138111728673255,0.9174998127836882,0.22823115205530636,0.7919095457333385,0.24119145275407558,0.9892623889795165,0.6254140694086552,0.00041849410263260846,0.0498046875,0.65185546875,True,True,True,True,True,True,True,True,True,True,True,True
80,qpeexact_6_Mutant_Add_ch_P9_Q5_[].qasm,PureState_8,0.0,0.0,0.3817656893034678,0.9923764924599722,0.36581295668755137,0.8301458732784441,0.42231159931036627,0.9998253413384637,0.500000000000009,9.78457144353663e-07,0.0927734375,0.45947265625,True,True,True,True,True,True,True,True,True,True,True,True
81,qpeexact_6_Mutant_Add_ch_P9_Q5_[].qasm,Quratest_8,0.0,0.0,0.3774537109154226,0.9298589313878294,0.35807429175196875,0.7942921411231796,0.3899962347021632,0.9800780927444922,0.0020842224751873107,0.0004602136812967198,0.39306640625,0.583984375,True,True,True,True,True,True,True,True,True,True,True,True
82,qpeexact_6_Mutant_Add_ch_P9_Q5_[].qasm,PureState_9,0.39520291129101176,0.0,0.009588279804817607,0.9543743448234852,0.00958788955912286,0.8101061665808371,1.1449174941446927e-16,0.9939803278342346,1.000000000000011,0.002425221654555274,0.0,0.630859375,False,True,False,True,False,True,False,True,False,True,False,True
83,qpeexact_6_Mutant_Add_ch_P9_Q5_[].qasm,Quratest_9,0.0,0.0,0.43255302096263476,0.8554743459554953,0.4179767375409319,0.7521919422637304,0.5120563579013623,0.9627906781054858,0.07630749956584698,0.003447411187408769,0.26513671875,0.85107421875,True,True,True,True,True,True,True,True,True,True,True,True
84,qpeexact_6_Mutant_Add_ch_P9_Q5_[].qasm,PureState_10,0.0983975733767904,0.0,0.008703994221130376,0.9503374162973796,0.008703415985827703,0.8083780792805315,5.551115123125783e-17,0.9940209969767121,1.000000000000011,0.002520613715693277,0.0,1.34326171875,True,True,False,True,False,True,False,True,False,True,False,True
85,qpeexact_6_Mutant_Add_ch_P9_Q5_[].qasm,Quratest_10,0.0,0.0,0.2599057617763881,0.8161931423501797,0.2517741078023323,0.7339478201415462,0.2587513603157739,0.9554030226227206,0.4367207784651951,0.010359058259604762,0.1298828125,0.5380859375,True,True,True,True,True,True,True,True,True,True,True,True
86,qpeexact_6_Mutant_Add_ch_P9_Q5_[].qasm,PureState_11,0.024608984741538643,0.0,0.018679881598612343,0.9869735131887585,0.01825866106253857,0.8285130761530196,1.5749222401478108e-16,0.9970910946110925,1.000000000000011,3.207632953230459e-05,0.0,0.1552734375,True,True,False,True,False,True,False,True,False,True,False,True
87,qpeexact_6_Mutant_Add_ch_P9_Q5_[].qasm,Quratest_11,0.0,0.0,0.3444624776070369,0.9102885998377087,0.3339018632400819,0.7885909804080091,0.36924143345200483,0.9810372167155845,0.4673240676762073,0.0008667176228708197,0.08349609375,0.5869140625,True,True,True,True,True,True,True,True,True,True,True,True
88,qpeexact_6_Mutant_Add_ch_P9_Q5_[].qasm,PureState_12,0.0,0.0,0.5418528722887703,0.9999999999999999,0.46509657931270365,0.8325546111576977,0.49999999999999967,0.9999953649742795,0.500000000000009,2.317559570059522e-06,0.46923828125,0.63525390625,True,True,True,True,True,True,True,True,True,True,True,True
89,qpeexact_6_Mutant_Add_ch_P9_Q5_[].qasm,Quratest_12,1.6354973524011332e-30,0.0,0.051345849118566524,0.8847743485632855,0.05121769282962769,0.7743948049859876,0.03205590416131369,0.9681780406995936,0.7786569034591375,0.0062657389731724635,0.0048828125,1.046875,True,True,False,True,False,True,True,True,True,True,True,True
90,qpeexact_6_Mutant_Add_ch_P9_Q5_[].qasm,PureState_13,0.07810640774418375,0.0,0.009131806418855368,0.9977726599319818,0.00913144198073919,0.8319782425245625,3.8163916471489756e-16,0.9999953334468629,0.500000000000009,3.6174455148822545e-07,0.0,0.0810546875,True,True,False,True,False,True,False,True,True,True,False,True
91,qpeexact_6_Mutant_Add_ch_P9_Q5_[].qasm,Quratest_13,0.0,0.0,0.41077754892223267,0.9545531775550277,0.3837013577448032,0.8117535060251965,0.37873905753633197,0.9884865990542394,0.013186853867925005,0.0002508206367781941,0.57080078125,0.51025390625,True,True,True,True,True,True,True,True,True,True,True,True
92,qpeexact_6_Mutant_Add_ch_P9_Q5_[].qasm,PureState_14,0.19672702204807455,0.0,0.010425576093966705,0.9874133113343718,0.010414906264844889,0.828694733676002,5.963111948670274e-17,0.9970919135931804,1.000000000000011,3.721257042191997e-05,0.0,0.66748046875,True,True,False,True,False,True,False,True,False,True,False,True
93,qpeexact_6_Mutant_Add_ch_P9_Q5_[].qasm,Quratest_14,0.0,0.0,0.11895404503803554,0.849026347544907,0.11789007046492042,0.749004338094116,0.08616090188599271,0.9618199665957563,0.7935481816607053,0.0028073364195834393,0.00927734375,0.56494140625,True,True,False,True,True,True,True,True,True,True,True,True
94,qpeexact_6_Mutant_Add_ch_P9_Q5_[].qasm,PureState_15,0.3191040324428576,0.0,0.014014870074482466,0.9921053446285144,0.014000213776694408,0.8301363336501594,1.1497964039208775e-16,0.9991611559915962,1.000000000000011,9.227495978640734e-06,0.0,1.15478515625,False,True,False,True,False,True,False,True,False,True,False,True
95,qpeexact_6_Mutant_Add_ch_P9_Q5_[].qasm,Quratest_15,0.0,0.0,0.3327797873380102,0.98104249075614,0.31682573582935813,0.8221923899096133,0.31905184465250047,0.9932245941506312,0.37274202973052084,8.563441044602279e-05,0.314453125,0.85498046875,True,True,True,True,True,True,True,True,True,True,True,True
96,qpeexact_6_Mutant_Add_ch_P9_Q5_[].qasm,PureState_16,0.003278239125928745,0.0,0.01910865087001059,0.9818509513887943,0.019057800378147152,0.8221283175828884,2.283871876340715e-16,0.993939382061982,1.000000000000011,0.00010469947398326972,0.0,0.73486328125,True,True,False,True,False,True,False,True,False,True,False,True
97,qpeexact_6_Mutant_Add_ch_P9_Q5_[].qasm,Quratest_16,0.0,0.0,0.20088979135332946,0.8841405369662829,0.19884789826980714,0.7662633921369716,0.19145746032812735,0.9694842860885149,0.10534040241578424,0.0020960421881236085,0.0078125,0.5556640625,True,True,True,True,True,True,True,True,True,True,True,True
98,qpeexact_6_Mutant_Add_ch_P9_Q5_[].qasm,PureState_17,0.0,0.0,0.5320357759047818,0.991301917643818,0.4562190271535855,0.8317333700469753,0.49999999999999944,0.9999953956785439,0.5000000000000089,4.604387283200929e-06,0.49462890625,1.64794921875,True,True,True,True,True,True,True,True,True,True,True,True
99,qpeexact_6_Mutant_Add_ch_P9_Q5_[].qasm,Quratest_17,0.0,0.0,0.09432960390375868,0.8463567211591125,0.0927288882808652,0.7530045104737573,0.10011351579869526,0.9627185573618007,0.5443733328155912,0.005831585682248355,0.03076171875,0.67431640625,True,True,False,True,False,True,True,True,True,True,True,True
100,qpeexact_6_Mutant_Add_ch_P9_Q5_[].qasm,PureState_18,0.0,0.0,0.20053059267100132,0.9740312909221396,0.19513224844711122,0.8168458714085751,0.2309698831278215,0.9993045785146704,0.5000000000000085,4.868978094522869e-05,0.0556640625,0.6357421875,True,True,True,True,True,True,True,True,True,True,True,True
101,qpeexact_6_Mutant_Add_ch_P9_Q5_[].qasm,Quratest_18,0.0,0.0,0.32907962725534995,0.9256711190840133,0.3077777749513308,0.7980094735165768,0.301675552938807,0.9845081982997156,0.04426936194950418,0.0006661211150110942,0.08544921875,0.40234375,True,True,True,True,True,True,True,True,True,True,True,True
102,qpeexact_6_Mutant_Add_ch_P9_Q5_[].qasm,PureState_19,0.0005135422180002949,0.0,0.017561237257597066,0.9811049317828539,0.017557682462219896,0.8233534044458368,2.5847379792054426e-16,0.9939803278342345,1.000000000000011,0.00011512359116802628,0.0,0.6298828125,True,True,False,True,False,True,False,True,False,True,False,True
103,qpeexact_6_Mutant_Add_ch_P9_Q5_[].qasm,Quratest_19,2.0796005111761546e-48,0.0,0.05910234806598684,0.899769594943256,0.05852765197136207,0.7850213382430756,0.04695223615345711,0.9758564478798936,0.9233874851738493,0.006752906804965657,0.009765625,0.478515625,True,True,False,True,False,True,True,True,True,True,True,True
104,qpeexact_6_Mutant_Add_ch_P9_Q5_[].qasm,PureState_20,0.0,0.0,0.01605757167552154,0.9830582858879175,0.015569903503630292,0.8229491256463486,1.4924042904262969e-16,0.993939382061982,1.000000000000011,0.00010447400050528905,0.0,0.73486328125,True,True,False,True,False,True,False,True,False,True,False,True
105,qpeexact_6_Mutant_Add_ch_P9_Q5_[].qasm,Quratest_20,2.4376502643633065e-284,0.0,0.12235811103445228,0.8107354982677983,0.11872281336889765,0.7238729580487419,0.05733977329877194,0.9324234236576106,0.5269865877474277,0.04429421118355683,0.00146484375,0.802734375,True,True,False,True,True,True,True,True,True,True,True,True
106,qpeexact_6_Mutant_Add_ch_P9_Q5_[].qasm,PureState_21,0.0014371692115497858,0.0,0.021540208085041434,0.9522460088217543,0.02151624645915803,0.80836816195185,7.589415207398531e-17,0.9939393820619826,1.000000000000011,0.002400355871624712,0.0,1.32861328125,True,True,False,True,False,True,False,True,False,True,False,True
107,qpeexact_6_Mutant_Add_ch_P9_Q5_[].qasm,Quratest_21,1.7167418476676787e-218,0.0,0.09447153172106296,0.8418572764549236,0.09337559102874048,0.750663975472653,0.0661540369434592,0.9593081437360036,0.7434670321195374,0.0042568521534570814,0.03125,0.68359375,True,True,False,True,False,True,True,True,True,True,True,True
108,qpeexact_6_Mutant_Add_ch_P9_Q5_[].qasm,PureState_22,0.0,0.0,0.28372261548688704,0.7951372134199007,0.28044030654913055,0.7158497461200904,0.3535533905932734,0.9275192055375928,0.5000000000000079,0.007234783693029999,0.12353515625,0.328125,True,True,True,True,True,True,True,True,True,True,True,True
109,qpeexact_6_Mutant_Add_ch_P9_Q5_[].qasm,Quratest_22,0.0,0.0,0.22049944093051937,0.857015631256068,0.2166793030734106,0.7571944862889629,0.24635183067079952,0.9770859880563425,0.7761060675962962,0.0048266048674866,0.1923828125,0.76904296875,True,True,True,True,True,True,True,True,True,True,True,True
110,qpeexact_6_Mutant_Add_ch_P9_Q5_[].qasm,PureState_23,0.20628685323093188,0.0,0.01485514059244222,0.9940772110600883,0.01484511680776514,0.8287047135041711,1.93421667571414e-16,0.9958937211130606,1.000000000000011,4.025288730683897e-05,0.0,0.07177734375,True,True,False,True,False,True,False,True,False,True,False,True
111,qpeexact_6_Mutant_Add_ch_P9_Q5_[].qasm,Quratest_23,0.0,0.0,0.4443275621481946,0.8195841447161745,0.42537881826339075,0.7285955517184127,0.4261351283680673,0.9286579377261988,0.37421672052654886,0.039535103524167586,0.0205078125,0.552734375,True,True,True,True,True,True,True,True,True,True,True,True
112,qpeexact_6_Mutant_Add_ch_P9_Q5_[].qasm,PureState_24,0.31985058264883337,0.0,0.006529699273054241,0.997615982049247,0.006529451983232339,0.8319660263320058,2.220446049250313e-16,0.9999953334468628,0.5000000000000089,3.6598155202109056e-07,0.0,0.0810546875,False,True,False,True,False,True,False,True,True,True,False,True
113,qpeexact_6_Mutant_Add_ch_P9_Q5_[].qasm,Quratest_24,0.0,0.0,0.3915219585416507,0.8544128178096566,0.37826746141243245,0.7608804648956934,0.3905783697914373,0.9724859358585367,0.0016785777973410704,0.003378442761647552,0.203125,0.546875,True,True,True,True,True,True,True,True,True,True,True,True
114,qpeexact_6_Mutant_Add_ch_P9_Q5_[].qasm,PureState_25,0.0,0.0,0.38762550852676525,0.9872726144546236,0.3710313361604707,0.8277157373249087,0.42231159931036644,0.9993045785146709,0.5000000000000085,4.613403802313042e-06,0.0859375,0.63818359375,True,True,True,True,True,True,True,True,True,True,True,True
115,qpeexact_6_Mutant_Add_ch_P9_Q5_[].qasm,Quratest_25,0.0,0.0,0.5430459021383169,0.9662576226058638,0.5161122052559984,0.8166678020456063,0.6194408583265086,0.992392308644882,0.006969916446699313,9.052935200539915e-05,0.00341796875,0.546875,True,True,True,True,True,True,True,True,True,True,True,True
116,qpeexact_6_Mutant_Add_ch_P9_Q5_[].qasm,PureState_26,0.0,0.0,0.3766169261920603,0.9847177837422202,0.36133681748472346,0.82383181250249,0.4223115993103663,0.9993045785146707,0.5000000000000085,1.2058356441649258e-05,0.0751953125,0.80517578125,True,True,True,True,True,True,True,True,True,True,True,True
117,qpeexact_6_Mutant_Add_ch_P9_Q5_[].qasm,Quratest_26,0.0,0.0,0.17603398544940888,0.9697215618473914,0.16975890139130745,0.8183672816789302,0.13137796663921625,0.9957516694720512,0.25026952139729425,5.8132662305761204e-05,0.06103515625,0.8056640625,True,True,True,True,True,True,True,True,True,True,True,True
118,qpeexact_6_Mutant_Add_ch_P9_Q5_[].qasm,PureState_27,0.0,0.0,0.2748413177882465,0.500202330124307,0.2719030730425017,0.4626733976332205,0.35355339059327356,0.8984528369005401,0.5000000000000075,0.041134840146890755,0.10888671875,0.560546875,True,True,True,True,True,True,True,True,True,True,True,True
119,qpeexact_6_Mutant_Add_ch_P9_Q5_[].qasm,Quratest_27,0.0,0.0,0.4677440253913886,0.6339530091652751,0.44732996105542244,0.5735164205165263,0.5441790496143293,0.8967113623922607,0.039576778154719584,0.020957887185254386,0.04736328125,0.65380859375,True,True,True,True,True,True,True,True,True,True,True,True
120,qpeexact_6_Mutant_Add_ch_P9_Q5_[].qasm,PureState_28,0.044123979667670274,0.0,0.013379881816068006,0.9873766536356526,0.013378405211860962,0.8240823196684949,1.3357370765021415e-16,0.9939803278342347,1.000000000000011,0.00011466937674797644,0.0,0.6298828125,True,True,False,True,False,True,False,True,False,True,False,True
121,qpeexact_6_Mutant_Add_ch_P9_Q5_[].qasm,Quratest_28,0.0,0.0,0.21820251015195383,0.8903721213872556,0.2138358136114828,0.7765128924184171,0.1705302135187058,0.9662079561383392,0.3102212199258911,0.0021935498227453796,0.0458984375,0.5517578125,True,True,True,True,True,True,True,True,True,True,True,True
122,qpeexact_6_Mutant_Add_ch_P9_Q5_[].qasm,PureState_29,,0.0,0.0,0.2076778825189267,0.0,0.1737261158094121,2.5974684499831466e-32,0.13283047847017188,1.000000000000011,0.8671695386859994,0.0,0.35205078125,False,True,False,True,False,True,False,True,False,True,False,True
123,qpeexact_6_Mutant_Add_ch_P9_Q5_[].qasm,Quratest_29,0.0,0.0,0.2667733367613622,0.8573469937739225,0.2631301456858397,0.7527573293734708,0.308725502451977,0.9746462737417869,0.2764598497966313,0.0022446099644865707,0.00732421875,0.4814453125,True,True,True,True,True,True,True,True,True,True,True,True
124,qpeexact_6_Mutant_Add_ch_P9_Q5_[].qasm,PureState_30,0.018437272802600834,0.0,0.011106796613053325,0.9752606823998118,0.011106393495753897,0.8205636926547031,1.1102230246251565e-16,0.9940209969767113,1.000000000000011,0.00046346051289807764,0.0,0.0810546875,True,True,False,True,False,True,False,True,False,True,False,True
125,qpeexact_6_Mutant_Add_ch_P9_Q5_[].qasm,Quratest_30,2.285617362241925e-99,0.0,0.07562953290383946,0.6523501511816573,0.07534229436284935,0.5947273627535636,0.045297297098180145,0.7771570277525839,0.9679543256812274,0.1711876918771377,0.01416015625,0.7021484375,True,True,False,True,False,True,True,True,True,True,True,True
126,qpeexact_6_Mutant_Add_ch_P9_Q5_[].qasm,PureState_31,0.5810650330976916,0.0,0.004928886054614104,0.953808949415005,0.00492884592737935,0.8109017507409514,7.632783294297951e-17,0.9940209969767113,1.000000000000011,0.002526042218966868,0.0,1.34326171875,False,True,False,True,False,True,False,True,False,True,False,True
127,qpeexact_6_Mutant_Add_ch_P9_Q5_[].qasm,Quratest_31,2.022883920078348e-06,0.0,0.03095327234512778,0.9142584832788886,0.030911251697048735,0.7852851792761587,0.006748174138160696,0.9726649383306349,0.23467229572556678,0.0023622457061416497,0.00244140625,0.357421875,True,True,False,True,False,True,True,True,True,True,True,True
128,qpeexact_6_Mutant_Add_cz_P18_Q3_[].qasm,PureState_0,0.09085497855347134,0.0,0.012531258782333854,0.4980636022692824,0.012530597611627158,0.4621966798184351,2.8366036577404628e-33,0.8984528369005402,1.0000000000000098,0.041284177295929377,0.0,0.560546875,True,True,False,True,False,True,False,True,False,True,False,True
129,qpeexact_6_Mutant_Add_cz_P18_Q3_[].qasm,Quratest_0,0.0,0.0,0.1580961901647357,0.8079435219238582,0.14446265147547382,0.7361492294110434,0.03793863788158921,0.965829630312953,0.9212762656741792,0.003996506725882337,0.02978515625,0.26708984375,True,True,True,True,True,True,True,True,True,True,True,True
130,qpeexact_6_Mutant_Add_cz_P18_Q3_[].qasm,PureState_1,0.0,0.0,0.3912964283630415,0.9932790503704249,0.3730805609106418,0.8297391084724879,0.4619397662556433,0.9993046878843483,3.9068782734622763e-16,9.186005078434361e-07,0.0029296875,0.625,True,True,True,True,True,True,True,True,True,True,True,True
131,qpeexact_6_Mutant_Add_cz_P18_Q3_[].qasm,Quratest_1,0.0,0.0,0.19302591179930242,0.7958573214367314,0.1893361625721477,0.7149638039618355,0.12011019311652679,0.9346534963338599,0.41370811873938446,0.020141033911052163,0.10205078125,0.8740234375,True,True,True,True,True,True,True,True,True,True,True,True
132,qpeexact_6_Mutant_Add_cz_P18_Q3_[].qasm,PureState_2,0.0,0.0,0.7317520492243109,0.9878911961154548,0.6801586477746306,0.8279549126659261,0.844623198620733,0.9993045785146709,3.9744948982090385e-16,4.61207822021771e-06,0.1787109375,0.63818359375,True,True,True,True,True,True,True,True,True,True,True,True
133,qpeexact_6_Mutant_Add_cz_P18_Q3_[].qasm,Quratest_2,0.0,0.0,0.327259206144888,0.8207084958267957,0.31737791298478973,0.7272464008081765,0.32348031911567954,0.9358433433430767,0.1805674420088626,0.03524853283507071,0.07421875,0.6708984375,True,True,True,True,True,True,True,True,True,True,True,True
134,qpeexact_6_Mutant_Add_cz_P18_Q3_[].qasm,PureState_3,0.274572894336468,0.0,0.010977493243381266,0.9140286229562167,0.01096919085245247,0.7923396370422391,1.8521815956281448e-33,0.9951687180558676,1.000000000000011,0.00042312880048175563,0.0,0.98828125,True,True,False,True,False,True,False,True,False,True,False,True
135,qpeexact_6_Mutant_Add_cz_P18_Q3_[].qasm,Quratest_3,1.9514071368788812e-11,0.0,0.03189048712096532,0.911084367156026,0.031878743502529845,0.78614497957016,5.861172945822758e-29,0.976700470473108,1.000000000000011,0.0028938594843718694,0.0,0.5126953125,True,True,False,True,False,True,False,True,False,True,False,True
136,qpeexact_6_Mutant_Add_cz_P18_Q3_[].qasm,PureState_4,0.06623844569198971,0.0,0.013372719946995605,0.8599219306687327,0.013367056485497814,0.7667209895662482,1.826193909806413e-33,0.9817123933687779,1.000000000000011,0.0019204983906613046,0.0,0.71044921875,True,True,False,True,False,True,False,True,False,True,False,True
137,qpeexact_6_Mutant_Add_cz_P18_Q3_[].qasm,Quratest_4,0.0,0.0,0.15946198322395017,0.9005416099067668,0.15900790780881044,0.7807514397791409,0.1924462034289049,0.9745090199768853,0.9118969422323026,0.001875696400935664,0.00341796875,0.642578125,True,True,True,True,True,True,True,True,True,True,True,True
138,qpeexact_6_Mutant_Add_cz_P18_Q3_[].qasm,PureState_5,0.0,0.0,0.7379848914174589,0.950399542013416,0.6848874852618433,0.8099554242769998,0.844623198620733,0.999304578514671,3.965197859819126e-16,0.00027788746988977915,0.12890625,0.67626953125,True,True,True,True,True,True,True,True,True,True,True,True
139,qpeexact_6_Mutant_Add_cz_P18_Q3_[].qasm,Quratest_5,3.52847222881485e-225,0.0,0.11752991406315746,0.8629874927795214,0.11708691281425636,0.7604879186236684,0.11915651774280078,0.9565595274927355,0.026403982771716492,0.013149256448814687,0.1015625,0.68701171875,True,True,False,True,False,True,True,True,True,True,True,True
140,qpeexact_6_Mutant_Add_cz_P18_Q3_[].qasm,PureState_6,0.0,0.0,0.39110253053213756,0.9942886266335699,0.3729882214888052,0.830597726130387,0.4619397662556433,0.9998110891985443,3.8294802638651583e-16,5.305763429374878e-06,0.01904296875,1.173828125,True,True,True,True,True,True,True,True,True,True,True,True
141,qpeexact_6_Mutant_Add_cz_P18_Q3_[].qasm,Quratest_6,0.0,0.0,0.5368372610746452,0.619532644585431,0.4998486255736158,0.5463515964615236,0.46010322688394595,0.663133101551482,0.3582738107570936,0.27672926220674204,0.0458984375,0.4072265625,True,True,True,True,True,True,True,True,True,True,True,True
142,qpeexact_6_Mutant_Add_cz_P18_Q3_[].qasm,PureState_7,0.0,0.0,0.3916905057749064,0.9950163774583671,0.3753757934828631,0.8310331095002271,0.46193976625564326,0.9998110891985442,3.5910207563331073e-16,5.285054733189069e-06,0.01904296875,1.173828125,True,True,True,True,True,True,True,True,True,True,True,True
143,qpeexact_6_Mutant_Add_cz_P18_Q3_[].qasm,Quratest_7,0.0,0.0,0.16191253633647154,0.9160405332297072,0.15882461070707443,0.7906244704603093,0.09993341353010246,0.9892623889795167,0.5115371223242487,0.0004184941026326117,0.005859375,0.65185546875,True,True,True,True,True,True,True,True,True,True,True,True
144,qpeexact_6_Mutant_Add_cz_P18_Q3_[].qasm,PureState_8,0.0,0.0,0.7301965055094553,0.9942457052862055,0.6786824672232165,0.8309944811269896,0.844623198620733,0.9998253413384638,3.9583959076866835e-16,9.784571443536617e-07,0.1787109375,0.45947265625,True,True,True,True,True,True,True,True,True,True,True,True
145,qpeexact_6_Mutant_Add_cz_P18_Q3_[].qasm,Quratest_8,0.0,0.0,0.27535987704193726,0.9275244525261885,0.2651202037166005,0.7929730681922785,0.27371835556710167,0.9800780927444928,0.3020627122329938,0.0004602136812967155,0.044921875,0.583984375,True,True,True,True,True,True,True,True,True,True,True,True
146,qpeexact_6_Mutant_Add_cz_P18_Q3_[].qasm,PureState_9,0.02719555273900786,0.0,0.014498175320687857,0.9523045763595902,0.01449466961524325,0.8089340133344192,1.731996708606082e-33,0.9939803278342347,1.000000000000011,0.002425221654555276,0.0,0.630859375,True,True,False,True,False,True,False,True,False,True,False,True
147,qpeexact_6_Mutant_Add_cz_P18_Q3_[].qasm,Quratest_9,0.0,0.0,0.2303306650883503,0.8560382442754478,0.2170099843473428,0.7516179507008804,0.10623107410175966,0.9627906781054858,0.7524023257711623,0.0034474111874087774,0.01318359375,0.85107421875,True,True,True,True,True,True,True,True,True,True,True,True
148,qpeexact_6_Mutant_Add_cz_P18_Q3_[].qasm,PureState_10,0.21530332645675054,0.0,0.00739845021272847,0.9519103143347615,0.0073981950145789645,0.8095573485731025,1.7319967086060823e-33,0.9940209969767115,1.000000000000011,0.0025206137156932817,0.0,1.34326171875,True,True,False,True,False,True,False,True,False,True,False,True
149,qpeexact_6_Mutant_Add_cz_P18_Q3_[].qasm,Quratest_10,0.0,0.0,0.027618665735874796,0.8187207004084857,0.02526582260830019,0.7340934845286268,0.0007728820581628453,0.9554030226227206,0.9997411197852593,0.010359058259604759,0.001953125,0.5380859375,True,True,False,True,False,True,True,True,True,True,True,True
150,qpeexact_6_Mutant_Add_cz_P18_Q3_[].qasm,PureState_11,0.0,0.0,0.3971334894176877,0.9867520973026521,0.3784475854203461,0.8281560985898072,0.4619397662556433,0.9970910946110926,3.888395086942053e-16,3.207632953230463e-05,0.02001953125,0.1552734375,True,True,True,True,True,True,True,True,True,True,True,True
151,qpeexact_6_Mutant_Add_cz_P18_Q3_[].qasm,Quratest_11,0.0,0.0,0.35550504542466993,0.9104829635150491,0.33927018234554013,0.7882643244407891,0.32026106630723583,0.9810372167155859,0.21984898813413745,0.0008667176228708283,0.0576171875,0.5869140625,True,True,True,True,True,True,True,True,True,True,True,True
152,qpeexact_6_Mutant_Add_cz_P18_Q3_[].qasm,PureState_12,0.08912984470489223,0.0,0.00601056654756587,0.99291301790149,0.006010548449483781,0.8315776820501821,2.7373586726289175e-33,0.9999953649742797,1.000000000000012,2.31755957005952e-06,0.0,0.63525390625,True,True,False,True,False,True,False,True,False,True,False,True
153,qpeexact_6_Mutant_Add_cz_P18_Q3_[].qasm,Quratest_12,9.12349966858232e-110,0.0,0.0848726011206917,0.8885277482728122,0.0845847216828583,0.7774033050435094,0.060632218613704034,0.9681780406995939,0.15216894591585262,0.006265738973172446,0.005859375,1.046875,True,True,False,True,False,True,True,True,True,True,True,True
154,qpeexact_6_Mutant_Add_cz_P18_Q3_[].qasm,PureState_13,0.3348795841542163,0.0,0.006417114297364792,0.9987146506806971,0.006416851727600799,0.8323295805800264,1.762182725808969e-33,0.999995333446863,1.0000000000000115,3.6174455148822545e-07,0.0,0.0810546875,False,True,False,True,False,True,False,True,False,True,False,True
155,qpeexact_6_Mutant_Add_cz_P18_Q3_[].qasm,Quratest_13,0.0,0.0,0.3863933921734811,0.9574580038624813,0.37062303079072184,0.8138398594264498,0.4749843012634092,0.9884865990542397,0.0007799875542223159,0.00025082063677818743,0.43505859375,0.51025390625,True,True,True,True,True,True,True,True,True,True,True,True
156,qpeexact_6_Mutant_Add_cz_P18_Q3_[].qasm,PureState_14,2.7310894484205724e-08,0.0,0.02051899790226649,0.9897327268243725,0.02040735737269651,0.8292567245322068,1.731996708606083e-33,0.9970919135931806,1.000000000000011,3.7212570421919737e-05,0.0,0.66748046875,True,True,False,True,False,True,False,True,False,True,False,True
157,qpeexact_6_Mutant_Add_cz_P18_Q3_[].qasm,Quratest_14,0.0,0.0,0.20982655182216228,0.8540485773583444,0.20356809737363743,0.7506453523003978,0.16929757296704218,0.9618199665957559,0.32062574584770964,0.0028073364195834068,0.046875,0.56494140625,True,True,True,True,True,True,True,True,True,True,True,True
158,qpeexact_6_Mutant_Add_cz_P18_Q3_[].qasm,PureState_15,0.0,0.0,0.3855070422526485,0.9937779739062385,0.3677198737046767,0.8302872427070809,0.46193976625564326,0.9991611559915959,4.132924705652238e-16,9.22749597864062e-06,0.01904296875,1.15478515625,True,True,True,True,True,True,True,True,True,True,True,True
159,qpeexact_6_Mutant_Add_cz_P18_Q3_[].qasm,Quratest_15,0.0,0.0,0.49573099648683616,0.9807412923162968,0.469458654574969,0.8219059413226267,0.5971115121241065,0.9932245941506315,0.004268253946459859,8.563441044602188e-05,0.54736328125,0.85498046875,True,True,True,True,True,True,True,True,True,True,True,True
160,qpeexact_6_Mutant_Add_cz_P18_Q3_[].qasm,PureState_16,0.0,0.0,0.7280831969494567,0.9847335984555486,0.6780285631434403,0.823977625880301,0.8446231986207331,0.9939393820619817,4.0107895883168057e-16,0.00010469947398326985,0.59375,0.73486328125,True,True,True,True,True,True,True,True,True,True,True,True
161,qpeexact_6_Mutant_Add_cz_P18_Q3_[].qasm,Quratest_16,3.882039963134799e-155,0.0,0.09780143860039865,0.8855592637436148,0.09714525965886543,0.7678566302113665,0.0687095036886548,0.9694842860885144,0.27738616554042306,0.0020960421881236033,0.01513671875,0.5556640625,True,True,False,True,False,True,True,True,True,True,True,True
162,qpeexact_6_Mutant_Add_cz_P18_Q3_[].qasm,PureState_17,,0.0,0.0,0.9887564514201673,0.0,0.8312622284547,2.9799615111595356e-33,0.9999953956785432,1.000000000000011,4.604387283200954e-06,0.0,1.64794921875,False,True,False,True,False,True,False,True,False,True,False,True
163,qpeexact_6_Mutant_Add_cz_P18_Q3_[].qasm,Quratest_17,0.0,0.0,0.04119875028228541,0.8501670616882225,0.03766880411951254,0.7547322431217348,0.0008448946502451323,0.9627185573618007,0.9980657470985519,0.0058315856822483345,0.00048828125,0.67431640625,True,True,False,True,False,True,True,True,True,True,True,True
164,qpeexact_6_Mutant_Add_cz_P18_Q3_[].qasm,PureState_18,0.0,0.0,0.3897574449817812,0.9753811854330583,0.3725996802041408,0.8178023670358489,0.46193976625564315,0.9993045785146709,3.733476161803983e-16,4.8689780945228706e-05,0.05517578125,0.6357421875,True,True,True,True,True,True,True,True,True,True,True,True
165,qpeexact_6_Mutant_Add_cz_P18_Q3_[].qasm,Quratest_18,0.0,0.0,0.45744805110100845,0.9187236735424512,0.4249992403681739,0.7947266592927097,0.34108523773730004,0.9845081982997163,0.33492224577561014,0.0006661211150110648,0.09814453125,0.40234375,True,True,True,True,True,True,True,True,True,True,True,True
166,qpeexact_6_Mutant_Add_cz_P18_Q3_[].qasm,PureState_19,0.0007440156394667348,0.0,0.017691330177798843,0.9834666099491606,0.017688854466921845,0.8245305701166953,1.7319967086060823e-33,0.9939803278342346,1.0000000000000107,0.00011512359116802645,0.0,0.6298828125,True,True,False,True,False,True,False,True,False,True,False,True
167,qpeexact_6_Mutant_Add_cz_P18_Q3_[].qasm,Quratest_19,0.0,0.0,0.49239767247027855,0.904534619983786,0.4795741593645434,0.7861243256270886,0.6427459449548426,0.9758564478798933,0.14581058809827216,0.006752906804965651,0.1689453125,0.478515625,True,True,True,True,True,True,True,True,True,True,True,True
168,qpeexact_6_Mutant_Add_cz_P18_Q3_[].qasm,PureState_20,0.0,0.0,0.7334069140224411,0.9830374825783351,0.6814833393448878,0.8228769283955628,0.8446231986207331,0.9939393820619817,4.010729010116065e-16,0.00010447400050528958,0.59375,0.73486328125,True,True,True,True,True,True,True,True,True,True,True,True
169,qpeexact_6_Mutant_Add_cz_P18_Q3_[].qasm,Quratest_20,0.0,0.0,0.08209857720499891,0.8109330548676029,0.08095271685224817,0.7242117920186738,0.03820850098324487,0.9324234236576106,0.3746931061815844,0.04429421118355686,0.00244140625,0.802734375,True,True,False,True,False,True,True,True,True,True,True,True
170,qpeexact_6_Mutant_Add_cz_P18_Q3_[].qasm,PureState_21,0.0,0.0,0.7396823963158914,0.957436986656205,0.6859954847998587,0.8114840829751119,0.8446231986207329,0.993939382061982,4.013124748582837e-16,0.002400355871624707,0.59375,1.32861328125,True,True,True,True,True,True,True,True,True,True,True,True
171,qpeexact_6_Mutant_Add_cz_P18_Q3_[].qasm,Quratest_21,0.00013656410087871097,0.0,0.023626977425787406,0.8478896246638822,0.023622028329823012,0.7540968504931785,2.7609643457178533e-28,0.9593081437360044,1.0000000000000115,0.0042568521534570814,0.0,0.68359375,True,True,False,True,False,True,False,True,False,True,False,True
172,qpeexact_6_Mutant_Add_cz_P18_Q3_[].qasm,PureState_22,0.10669872173195512,0.0,0.012318246356151289,0.7885179269441657,0.012315711071608572,0.7128821153766762,1.4128801165182852e-33,0.927519205537593,1.0000000000000098,0.007234783693030013,0.0,0.328125,True,True,False,True,False,True,False,True,False,True,False,True
173,qpeexact_6_Mutant_Add_cz_P18_Q3_[].qasm,Quratest_22,0.0,0.0,0.15487964430683118,0.8566524854783575,0.1522864526205209,0.7568905148691705,0.09246910212047059,0.9770859880563425,0.8959419753013786,0.004826604867486611,0.021484375,0.76904296875,True,True,True,True,True,True,True,True,True,True,True,True
174,qpeexact_6_Mutant_Add_cz_P18_Q3_[].qasm,PureState_23,0.0,0.0,0.7348570245976174,0.9941504176728481,0.682202013643344,0.828730117849167,0.8446231986207331,0.9958937211130604,3.961839532095168e-16,4.0252887306839996e-05,0.61279296875,0.07177734375,True,True,True,True,True,True,True,True,True,True,True,True
175,qpeexact_6_Mutant_Add_cz_P18_Q3_[].qasm,Quratest_23,0.0,0.0,0.11390694865954024,0.8196414314105842,0.10753807187572771,0.7279116995281845,0.026250126677868975,0.9286579377261988,0.9503881893513264,0.03953510352416766,0.00634765625,0.552734375,True,True,False,True,False,True,True,True,True,True,True,True
176,qpeexact_6_Mutant_Add_cz_P18_Q3_[].qasm,PureState_24,0.10978285219571585,0.0,0.008535143041990498,0.9972466641538856,0.00853461060091939,0.8318042455933375,1.9576654686679344e-33,0.9999953334468628,1.000000000000011,3.6598155202109056e-07,0.0,0.0810546875,True,True,False,True,False,True,False,True,False,True,False,True
177,qpeexact_6_Mutant_Add_cz_P18_Q3_[].qasm,Quratest_24,7.439889057434954e-33,0.0,0.048822076042165395,0.8560298758586131,0.0481722209726648,0.7613436658729126,0.0073450591108765225,0.9724859358585374,0.9254413642226444,0.003378442761647601,0.00732421875,0.546875,True,True,False,True,False,True,True,True,True,True,True,True
178,qpeexact_6_Mutant_Add_cz_P18_Q3_[].qasm,PureState_25,0.0,0.0,0.7340336646168941,0.9911554712375834,0.6818964661836111,0.8284889947210768,0.8446231986207332,0.9993045785146711,3.928164056630397e-16,4.61340380231304e-06,0.1787109375,0.63818359375,True,True,True,True,True,True,True,True,True,True,True,True
179,qpeexact_6_Mutant_Add_cz_P18_Q3_[].qasm,Quratest_25,0.0,0.0,0.5766371981541063,0.9679053721220977,0.5428892641128181,0.8173924689389662,0.6750748676139315,0.9923923086448818,0.003947440537155227,9.052935200539837e-05,0.05810546875,0.546875,True,True,True,True,True,True,True,True,True,True,True,True
180,qpeexact_6_Mutant_Add_cz_P18_Q3_[].qasm,PureState_26,0.0,0.0,0.7350570799158002,0.9866975223999022,0.6828386035918974,0.8242192352116487,0.8446231986207329,0.9993045785146707,3.9924799692033406e-16,1.2058356441649254e-05,0.12890625,0.80517578125,True,True,True,True,True,True,True,True,True,True,True,True
181,qpeexact_6_Mutant_Add_cz_P18_Q3_[].qasm,Quratest_26,0.0,0.0,0.3067183143323552,0.9692535216189676,0.3009141576521516,0.8180424540224958,0.37913677594445194,0.9957516694720517,0.4755629989648287,5.813266230576045e-05,0.16064453125,0.8056640625,True,True,True,True,True,True,True,True,True,True,True,True
182,qpeexact_6_Mutant_Add_cz_P18_Q3_[].qasm,PureState_27,0.07620674726698759,0.0,0.012460706573574787,0.5030785925782452,0.012457520296881871,0.4646343104905777,1.8070400473779074e-33,0.8984528369005402,1.0000000000000093,0.04113484014689076,0.0,0.560546875,True,True,False,True,False,True,False,True,False,True,False,True
183,qpeexact_6_Mutant_Add_cz_P18_Q3_[].qasm,Quratest_27,0.0,0.0,0.34601017427223096,0.6325875428156323,0.32695762735670364,0.5712819829291582,0.24193160461260627,0.896711362392262,0.26713514915083414,0.020957887185254476,0.10400390625,0.65380859375,True,True,True,True,True,True,True,True,True,True,True,True
184,qpeexact_6_Mutant_Add_cz_P18_Q3_[].qasm,PureState_28,8.445539907325493e-06,0.0,0.02131398747281064,0.9839663501643051,0.021308446287494783,0.8242697979535658,3.166829761986483e-33,0.9939803278342347,1.000000000000011,0.00011466937674797637,0.0,0.6298828125,True,True,False,True,False,True,False,True,False,True,False,True
185,qpeexact_6_Mutant_Add_cz_P18_Q3_[].qasm,Quratest_28,0.0,0.0,0.03002003311837107,0.8968122309592156,0.027062028256151532,0.7803945668058719,0.0005202777494915607,0.9662079561383397,0.997815825118313,0.0021935498227453757,0.00244140625,0.5517578125,True,True,False,True,False,True,True,True,True,True,True,True
186,qpeexact_6_Mutant_Add_cz_P18_Q3_[].qasm,PureState_29,,0.0,0.0,0.21498384653332575,0.0,0.1798984443238085,3.166829761986484e-33,0.13283047847017226,1.000000000000011,0.8671695386859994,0.0,0.35205078125,False,True,False,True,False,True,False,True,False,True,False,True
187,qpeexact_6_Mutant_Add_cz_P18_Q3_[].qasm,Quratest_29,0.0,0.0,0.29119611454274147,0.85403808338423,0.27251480884380497,0.7526929463175638,0.1960586418683583,0.9746462737417869,0.1573625842230075,0.0022446099644865677,0.0849609375,0.4814453125,True,True,True,True,True,True,True,True,True,True,True,True
188,qpeexact_6_Mutant_Add_cz_P18_Q3_[].qasm,PureState_30,0.5827147642225132,0.0,0.004894140770497698,0.9704471349080684,0.00489405390656915,0.8187438297341443,1.7319967086060823e-33,0.9940209969767114,1.000000000000011,0.00046346051289807824,0.0,0.0810546875,False,True,False,True,False,True,False,True,False,True,False,True
189,qpeexact_6_Mutant_Add_cz_P18_Q3_[].qasm,Quratest_30,0.7766552954878442,0.0,0.011627855584575367,0.651098935886061,0.011627282556783655,0.5937284093864948,4.9941396818840755e-29,0.7771570277525839,1.0000000000000107,0.1711876918771377,0.0,0.7021484375,False,True,False,True,False,True,False,True,False,True,False,True
190,qpeexact_6_Mutant_Add_cz_P18_Q3_[].qasm,PureState_31,0.015720264499161137,0.0,0.011329392529469596,0.9544230484361681,0.011329069339932957,0.81140701768442,1.7319967086060823e-33,0.9940209969767111,1.000000000000011,0.002526042218966865,0.0,1.34326171875,True,True,False,True,False,True,False,True,False,True,False,True
191,qpeexact_6_Mutant_Add_cz_P18_Q3_[].qasm,Quratest_31,0.0,0.0,0.14790968080238293,0.9110937998856737,0.14490089082024984,0.7839452305710435,0.08782756302422873,0.972664938330635,0.3822751934700074,0.0023622457061416753,0.06787109375,0.357421875,True,True,True,True,True,True,True,True,True,True,True,True
192,qpeexact_6_Mutant_Add_rx_P14_Q1_[3.141592653589793].qasm,PureState_0,0.18693265865787292,0.0,0.011323669240205232,0.5016410395545978,0.011322749909141231,0.4645782612965165,2.602085213965212e-17,0.8984528369005413,1.0000000000000089,0.04128417729592947,0.0,0.560546875,True,True,False,True,False,True,False,True,False,True,False,True
193,qpeexact_6_Mutant_Add_rx_P14_Q1_[3.141592653589793].qasm,Quratest_0,0.0009854444668710644,0.0,0.028241908837477434,0.807541093793158,0.028172877538607047,0.7373570196575787,2.580157648543165e-17,0.9658296303129534,0.8517319956621717,0.003996506725882311,0.0,0.26708984375,True,True,False,True,False,True,False,True,True,True,False,True
194,qpeexact_6_Mutant_Add_rx_P14_Q1_[3.141592653589793].qasm,PureState_1,0.23885961261406183,0.0,0.01572599708812024,0.9917079259932154,0.015682067815581808,0.8300502151231419,2.8980724070537534e-16,0.9993046878843495,3.899458663563162e-16,9.186005078432431e-07,0.0,0.625,True,True,False,True,False,True,False,True,True,True,False,True
195,qpeexact_6_Mutant_Add_rx_P14_Q1_[3.141592653589793].qasm,Quratest_1,0.060466577465693214,0.0,0.023218599223676497,0.7902041811721484,0.023210059121600537,0.7115243064409453,1.4598570494280504e-16,0.9346534963338609,0.09540548947324022,0.0201410339110522,0.0,0.8740234375,True,True,False,True,False,True,False,True,True,True,False,True
196,qpeexact_6_Mutant_Add_rx_P14_Q1_[3.141592653589793].qasm,PureState_2,0.03227818351579688,0.0,0.018835777555488587,0.9859772963666564,0.01882477792312644,0.8271293988696088,3.729655473350135e-17,0.9993045785146721,3.918724648052156e-16,4.612078220217738e-06,0.0,0.63818359375,True,True,False,True,False,True,False,True,True,True,False,True
197,qpeexact_6_Mutant_Add_rx_P14_Q1_[3.141592653589793].qasm,Quratest_2,1.927289181068485e-05,0.0,0.03033214932413262,0.8175213927497137,0.03031518655877368,0.7252081875809647,2.0836332876098005e-16,0.935843343343077,0.011662868584293176,0.0352485328350707,0.0,0.6708984375,True,True,False,True,False,True,False,True,True,True,False,True
198,qpeexact_6_Mutant_Add_rx_P14_Q1_[3.141592653589793].qasm,PureState_3,0.051572710212720634,0.0,0.013682045935225099,0.9134282316649164,0.01367440722246577,0.7918146301502058,4.033232081646078e-17,0.9951687180558688,1.000000000000011,0.00042312880048175693,0.0,0.98828125,True,True,False,True,False,True,False,True,False,True,False,True
199,qpeexact_6_Mutant_Add_rx_P14_Q1_[3.141592653589793].qasm,Quratest_3,0.001515248492227519,0.0,0.021269988589796267,0.9082277812422781,0.02126587445704323,0.7831191359265274,1.785104995679493e-16,0.9767004704731089,0.42764267257436656,0.002893859484371871,0.0,0.5126953125,True,True,False,True,False,True,False,True,True,True,False,True
200,qpeexact_6_Mutant_Add_rx_P14_Q1_[3.141592653589793].qasm,PureState_4,0.034177868850732575,0.0,0.014115597625315458,0.8615520827263249,0.014112545967353046,0.7675144766827583,2.255140518769851e-17,0.9817123933687791,1.000000000000011,0.0019204983906613087,0.0,0.71044921875,True,True,False,True,False,True,False,True,False,True,False,True
201,qpeexact_6_Mutant_Add_rx_P14_Q1_[3.141592653589793].qasm,Quratest_4,1.7025368834257423e-06,0.0,0.03148676024442674,0.9064788887477367,0.03147643882601289,0.7838145659302315,2.56847494661816e-16,0.9745090199768858,0.006933092050092328,0.0018756964009356677,0.0,0.642578125,True,True,False,True,False,True,False,True,True,True,False,True
202,qpeexact_6_Mutant_Add_rx_P14_Q1_[3.141592653589793].qasm,PureState_5,0.12519017797835902,0.0,0.015964566304493385,0.9473882848072531,0.015958997881043994,0.8086816917314511,3.252606517456513e-17,0.9993045785146724,4.016878018062004e-16,0.0002778874698897808,0.0,0.67626953125,True,True,False,True,False,True,False,True,True,True,False,True
203,qpeexact_6_Mutant_Add_rx_P14_Q1_[3.141592653589793].qasm,Quratest_5,0.0015578678953027789,0.0,0.027420530560285133,0.8555177273717158,0.027377020879088054,0.7591365684116067,2.1375892863498974e-16,0.9565595274927361,0.055280257349280514,0.013149256448814716,0.0,0.68701171875,True,True,False,True,False,True,False,True,True,True,False,True
204,qpeexact_6_Mutant_Add_rx_P14_Q1_[3.141592653589793].qasm,PureState_6,0.001997273910245509,0.0,0.01885067639810501,0.9922235192356834,0.01882261369488879,0.8305565499882621,1.6918636088457395e-16,0.9998110891985454,3.957436992464646e-16,5.305763429374937e-06,0.0,1.173828125,True,True,False,True,False,True,False,True,True,True,False,True
205,qpeexact_6_Mutant_Add_rx_P14_Q1_[3.141592653589793].qasm,Quratest_6,0.002450800419108072,0.0,0.028138686678714882,0.6194863287642689,0.028012479774786103,0.547128716079884,1.3156454549932695e-16,0.6631331015514831,0.010917531246170658,0.27672926220674265,0.0,0.4072265625,True,True,False,True,False,True,False,True,True,True,False,True
206,qpeexact_6_Mutant_Add_rx_P14_Q1_[3.141592653589793].qasm,PureState_7,0.12899700393345803,0.0,0.01606397119462706,0.9908358612089035,0.016059555828755675,0.8296490656291253,6.642940592136576e-17,0.9998110891985454,3.8892771231378693e-16,5.2850547331889955e-06,0.0,1.173828125,True,True,False,True,False,True,False,True,True,True,False,True
207,qpeexact_6_Mutant_Add_rx_P14_Q1_[3.141592653589793].qasm,Quratest_7,0.01972802815771919,0.0,0.025700058130322587,0.9199780704153139,0.025643277562688364,0.7936214673280823,1.4757118231465983e-16,0.9892623889795172,0.1595187334632326,0.00041849410263268013,0.0,0.65185546875,True,True,False,True,False,True,False,True,True,True,False,True
208,qpeexact_6_Mutant_Add_rx_P14_Q1_[3.141592653589793].qasm,PureState_8,0.0,0.0,0.021409029723200426,0.9931919739522587,0.020287957368468418,0.8303433066867755,1.8191557201591158e-16,0.999825341338465,3.938531917280754e-16,9.784571443538933e-07,0.0,0.45947265625,True,True,False,True,False,True,False,True,True,True,False,True
209,qpeexact_6_Mutant_Add_rx_P14_Q1_[3.141592653589793].qasm,Quratest_8,0.09160245277871036,0.0,0.02287920166684373,0.9319419333124133,0.022868523420613088,0.7946063422217149,1.7045172222865347e-16,0.9800780927444936,0.03359526128866413,0.0004602136812967152,0.0,0.583984375,True,True,False,True,False,True,False,True,True,True,False,True
210,qpeexact_6_Mutant_Add_rx_P14_Q1_[3.141592653589793].qasm,PureState_9,0.05001730921426616,0.0,0.013281244320715839,0.9541276596938225,0.013280198680882318,0.8103195150769658,6.162975822039151e-33,0.9939803278342361,1.000000000000011,0.002425221654555278,0.0,0.630859375,True,True,False,True,False,True,False,True,False,True,False,True
211,qpeexact_6_Mutant_Add_rx_P14_Q1_[3.141592653589793].qasm,Quratest_9,0.003481695370273448,0.0,0.02737265743770124,0.8524679346848777,0.02730609989400737,0.7524040401193408,1.1545397884255015e-16,0.9627906781054865,0.3861635287184243,0.0034474111874087795,0.0,0.85107421875,True,True,False,True,False,True,False,True,True,True,False,True
212,qpeexact_6_Mutant_Add_rx_P14_Q1_[3.141592653589793].qasm,PureState_10,0.028750844309234365,0.0,0.010382014959410784,0.9527799010267629,0.010380968763012845,0.8099532514773442,6.512489694275075e-33,0.9940209969767129,1.000000000000011,0.002520613715693283,0.0,1.34326171875,True,True,False,True,False,True,False,True,False,True,False,True
213,qpeexact_6_Mutant_Add_rx_P14_Q1_[3.141592653589793].qasm,Quratest_10,0.0,0.0,0.03439005524672101,0.816619451574712,0.03243754081281681,0.7342363090247861,1.2814981158181004e-16,0.9554030226227213,0.2297421846416607,0.010359058259604764,0.0,0.5380859375,True,True,False,True,False,True,False,True,True,True,False,True
214,qpeexact_6_Mutant_Add_rx_P14_Q1_[3.141592653589793].qasm,PureState_11,0.006779631100870712,0.0,0.01963399340133451,0.9893728192183321,0.019629894832351898,0.8290705481038178,2.0978295598057806e-16,0.9970910946110938,4.07863071991943e-16,3.207632953230469e-05,0.0,0.1552734375,True,True,False,True,False,True,False,True,True,True,False,True
215,qpeexact_6_Mutant_Add_rx_P14_Q1_[3.141592653589793].qasm,Quratest_11,0.012421146450520788,0.0,0.025211276028137757,0.9040842299449886,0.025203196267112014,0.786443531743196,1.2043283850651096e-16,0.9810372167155867,2.37292065833109e-06,0.0008667176228708214,0.0,0.5869140625,True,True,False,True,False,True,False,True,True,True,False,True
216,qpeexact_6_Mutant_Add_rx_P14_Q1_[3.141592653589793].qasm,PureState_12,0.18024387243719764,0.0,0.0047376818410344215,0.9949939740827594,0.004737672978660191,0.8320246488223718,2.7755575615628926e-17,0.999995364974281,1.000000000000011,2.31755957005951e-06,0.0,0.63525390625,True,True,False,True,False,True,False,True,False,True,False,True
217,qpeexact_6_Mutant_Add_rx_P14_Q1_[3.141592653589793].qasm,Quratest_12,1.440035001568668e-06,0.0,0.030701359628577864,0.8842817507539912,0.030675718695336397,0.7732742900317661,1.1326185757505602e-16,0.9681780406995949,0.3456878685507564,0.0062657389731724565,0.0,1.046875,True,True,False,True,False,True,False,True,True,True,False,True
218,qpeexact_6_Mutant_Add_rx_P14_Q1_[3.141592653589793].qasm,PureState_13,0.002155609803688405,0.0,0.013702392103898939,0.9987146506806971,0.013700685991485124,0.8323295805800264,1.3877787807814472e-17,0.9999953334468643,1.000000000000011,3.6174455148821735e-07,0.0,0.0810546875,True,True,False,True,False,True,False,True,False,True,False,True
219,qpeexact_6_Mutant_Add_rx_P14_Q1_[3.141592653589793].qasm,Quratest_13,0.0,0.0,0.03282918007012626,0.9544930762536399,0.03181628710604014,0.8119830112978238,7.99683805502785e-17,0.9884865990542409,0.04099921457116162,0.00025082063677818906,0.0,0.51025390625,True,True,False,True,False,True,False,True,True,True,False,True
220,qpeexact_6_Mutant_Add_rx_P14_Q1_[3.141592653589793].qasm,PureState_14,0.002379317409192543,0.0,0.016015349875823006,0.9905112079397801,0.016005429417739987,0.8293400084331154,1.084202172485511e-18,0.9970919135931815,1.0000000000000107,3.7212570421920116e-05,0.0,0.66748046875,True,True,False,True,False,True,False,True,False,True,False,True
221,qpeexact_6_Mutant_Add_rx_P14_Q1_[3.141592653589793].qasm,Quratest_14,2.310196535256666e-08,0.0,0.03655327591178438,0.8530381620446953,0.036081733072333845,0.7491028763181322,1.2233714274515633e-16,0.9618199665957563,0.14310593517530915,0.002807336419583412,0.0,0.56494140625,True,True,False,True,False,True,False,True,True,True,False,True
222,qpeexact_6_Mutant_Add_rx_P14_Q1_[3.141592653589793].qasm,PureState_15,0.8287291000981408,0.0,0.010867808119376186,0.9920547706713725,0.010849728748428999,0.8294545863283319,1.4804780665289563e-16,0.9991611559915969,4.0875468537033985e-16,9.227495978641207e-06,0.0,1.15478515625,False,True,False,True,False,True,False,True,True,True,False,True
223,qpeexact_6_Mutant_Add_rx_P14_Q1_[3.141592653589793].qasm,Quratest_15,0.08614600499576647,0.0,0.016924205801796988,0.9803245291546901,0.016922808401334366,0.8219558261276733,1.3385022875231664e-16,0.9932245941506317,0.09247193963159407,8.563441044602347e-05,0.0,0.85498046875,True,True,False,True,False,True,False,True,True,True,False,True
224,qpeexact_6_Mutant_Add_rx_P14_Q1_[3.141592653589793].qasm,PureState_16,0.0007456413507490163,0.0,0.02170021664996083,0.9833355307644819,0.021692413817001342,0.8227907768389935,1.2183721913305856e-16,0.9939393820619828,4.211048687770715e-16,0.00010469947398326978,0.0,0.73486328125,True,True,False,True,False,True,False,True,True,True,False,True
225,qpeexact_6_Mutant_Add_rx_P14_Q1_[3.141592653589793].qasm,Quratest_16,0.0024572081004270332,0.0,0.026735500605826468,0.8856878061823891,0.02672855954370008,0.7675310764336557,1.603128437291379e-16,0.9694842860885153,0.0018343994865791422,0.0020960421881236115,0.0,0.5556640625,True,True,False,True,False,True,False,True,True,True,False,True
226,qpeexact_6_Mutant_Add_rx_P14_Q1_[3.141592653589793].qasm,PureState_17,,0.0,0.0,0.991301917643818,0.0,0.8317333700469752,1.1102230246251565e-16,0.9999953956785446,1.000000000000011,4.604387283200962e-06,0.0,1.64794921875,False,True,False,True,False,True,False,True,False,True,False,True
227,qpeexact_6_Mutant_Add_rx_P14_Q1_[3.141592653589793].qasm,Quratest_17,0.0,0.0,0.03164468666599569,0.8438393074752634,0.028850973209172424,0.7516523086904691,1.8084216951350356e-16,0.9627185573618017,0.026944243355722344,0.005831585682248345,0.0,0.67431640625,True,True,False,True,False,True,False,True,True,True,False,True
228,qpeexact_6_Mutant_Add_rx_P14_Q1_[3.141592653589793].qasm,PureState_18,0.0010715399851175325,0.0,0.019992560570802186,0.9763297404540833,0.019873916738253245,0.8182611004298045,1.2874900798265365e-16,0.9993045785146722,4.0771133036243635e-16,4.8689780945228936e-05,0.0,0.6357421875,True,True,False,True,False,True,False,True,True,True,False,True
229,qpeexact_6_Mutant_Add_rx_P14_Q1_[3.141592653589793].qasm,Quratest_18,0.11881676417296297,0.0,0.023426037683261264,0.9178211197078415,0.02338989699153698,0.7954200955589926,1.0043359652844885e-16,0.9845081982997167,0.0017432073406944155,0.0006661211150110607,0.0,0.40234375,True,True,False,True,False,True,False,True,True,True,False,True
230,qpeexact_6_Mutant_Add_rx_P14_Q1_[3.141592653589793].qasm,PureState_19,0.017837324826321225,0.0,0.014616446016997698,0.9853227099063289,0.014614922904625674,0.8245558000471409,1.2836953722228372e-16,0.993980327834236,1.000000000000011,0.0001151235911680265,0.0,0.6298828125,True,True,False,True,False,True,False,True,False,True,False,True
231,qpeexact_6_Mutant_Add_rx_P14_Q1_[3.141592653589793].qasm,Quratest_19,0.00012371768177609572,0.0,0.03224124549649595,0.9013628810642401,0.031416906180596976,0.7851005978923856,1.748292943791821e-16,0.9758564478798946,0.007859025538592461,0.0067529068049656665,0.0,0.478515625,True,True,False,True,False,True,False,True,True,True,False,True
232,qpeexact_6_Mutant_Add_rx_P14_Q1_[3.141592653589793].qasm,PureState_20,0.0,0.0,0.022415580494620353,0.9892154003895398,0.021691349137541477,0.8250041306830226,1.6978606021123e-16,0.9939393820619828,3.659715429731846e-16,0.00010447400050528948,0.0,0.73486328125,True,True,False,True,False,True,False,True,True,True,False,True
233,qpeexact_6_Mutant_Add_rx_P14_Q1_[3.141592653589793].qasm,Quratest_20,0.0,0.0,0.036563503063344625,0.8101240931235403,0.036303088184539346,0.7232338090563357,1.1706028418278933e-16,0.9324234236576112,0.0019942124479610536,0.04429421118355686,0.0,0.802734375,True,True,False,True,False,True,False,True,True,True,False,True
234,qpeexact_6_Mutant_Add_rx_P14_Q1_[3.141592653589793].qasm,PureState_21,0.21191057192287294,0.0,0.015495337442488565,0.9540213039666302,0.01549036355102729,0.80946637240847,7.546047120499111e-17,0.9939393820619833,3.2246894202872625e-16,0.0024003558716247167,0.0,1.32861328125,True,True,False,True,False,True,False,True,True,True,False,True
235,qpeexact_6_Mutant_Add_rx_P14_Q1_[3.141592653589793].qasm,Quratest_21,0.0034126831375197618,0.0,0.020759056628700315,0.8408708917410973,0.020757498788673116,0.7498633213826769,1.9203930980149497e-16,0.9593081437360053,0.00010959765953578444,0.004256852153457087,0.0,0.68359375,True,True,False,True,False,True,False,True,True,True,False,True
236,qpeexact_6_Mutant_Add_rx_P14_Q1_[3.141592653589793].qasm,PureState_22,0.23884742653581584,0.0,0.010670919245406592,0.7893998753491165,0.010670748386522662,0.7123636268606723,6.96057794735694e-17,0.9275192055375944,1.000000000000011,0.00723478369303003,0.0,0.328125,True,True,False,True,False,True,False,True,False,True,False,True
237,qpeexact_6_Mutant_Add_rx_P14_Q1_[3.141592653589793].qasm,Quratest_22,6.096379448596588e-07,0.0,0.0327714473963234,0.8599829025868156,0.03274931167619106,0.7581758887632483,1.7226278454900157e-16,0.9770859880563436,0.14329476245149453,0.004826604867486619,0.0,0.76904296875,True,True,False,True,False,True,False,True,True,True,False,True
238,qpeexact_6_Mutant_Add_rx_P14_Q1_[3.141592653589793].qasm,PureState_23,0.0019920508240165993,0.0,0.02082703133365751,0.9863354888390733,0.020812963045994313,0.8273682176061217,1.2663481374630692e-16,0.9958937211130614,3.9546879173412026e-16,4.025288730683961e-05,0.0,0.07177734375,True,True,False,True,False,True,False,True,True,True,False,True
239,qpeexact_6_Mutant_Add_rx_P14_Q1_[3.141592653589793].qasm,Quratest_23,0.05338787650440996,0.0,0.022757169810785544,0.8201188683662911,0.022722764406737643,0.7288928280346342,1.531937435657028e-16,0.9286579377261992,0.15338019159805444,0.03953510352416771,0.0,0.552734375,True,True,False,True,False,True,False,True,True,True,False,True
240,qpeexact_6_Mutant_Add_rx_P14_Q1_[3.141592653589793].qasm,PureState_24,0.8244459145661494,0.0,0.003344096133776352,0.998624280990116,0.0033440677357070956,0.8323255044974438,9.020562075079398e-17,0.9999953334468641,1.000000000000011,3.659815520210853e-07,0.0,0.0810546875,False,True,False,True,False,True,False,True,False,True,False,True
241,qpeexact_6_Mutant_Add_rx_P14_Q1_[3.141592653589793].qasm,Quratest_24,0.007623165427424289,0.0,0.026487107396874633,0.8569660730158567,0.026328738144627682,0.7622958996540227,3.8949963046541747e-17,0.972485935858538,0.38105373223483824,0.0033784427616475494,0.0,0.546875,True,True,False,True,False,True,False,True,True,True,False,True
242,qpeexact_6_Mutant_Add_rx_P14_Q1_[3.141592653589793].qasm,PureState_25,0.3768971188886152,0.0,0.014045170876824971,0.9899099592438486,0.014041480968038823,0.8288978082090654,1.201296007113939e-16,0.9993045785146722,3.048553116069218e-16,4.613403802313037e-06,0.0,0.63818359375,False,True,False,True,False,True,False,True,True,True,False,True
243,qpeexact_6_Mutant_Add_rx_P14_Q1_[3.141592653589793].qasm,Quratest_25,0.0,0.0,0.027045378820730104,0.9650487455558547,0.024970783533529516,0.815903702753114,1.851529319403175e-16,0.992392308644882,0.07613534722704425,9.052935200540018e-05,0.0,0.546875,True,True,False,True,False,True,False,True,True,True,False,True
244,qpeexact_6_Mutant_Add_rx_P14_Q1_[3.141592653589793].qasm,PureState_26,0.0,0.0,0.023597486146576196,0.9809753044029526,0.0232560654207661,0.8219731378468289,9.141179566768409e-17,0.9993045785146721,3.9423104718308495e-16,1.2058356441649258e-05,0.0,0.80517578125,True,True,False,True,False,True,False,True,True,True,False,True
245,qpeexact_6_Mutant_Add_rx_P14_Q1_[3.141592653589793].qasm,Quratest_26,0.0,0.0,0.02817982215756257,0.9723977299414027,0.026154751739256986,0.818715346296142,1.6952337411846275e-16,0.9957516694720527,7.158610878180955e-07,5.813266230576694e-05,0.0,0.8056640625,True,True,False,True,False,True,False,True,True,True,False,True
246,qpeexact_6_Mutant_Add_rx_P14_Q1_[3.141592653589793].qasm,PureState_27,0.021039814038180924,0.0,0.014133260318164332,0.49840301359320244,0.014129052818171055,0.46199238728082515,1.231653667943533e-16,0.8984528369005411,1.0000000000000089,0.04113484014689085,0.0,0.560546875,True,True,False,True,False,True,False,True,False,True,False,True
247,qpeexact_6_Mutant_Add_rx_P14_Q1_[3.141592653589793].qasm,Quratest_27,6.319158857503192e-08,0.0,0.03275664664310714,0.6360018396364289,0.03273944816201602,0.5748826301588665,1.565050071147562e-16,0.8967113623922625,0.014521668546830872,0.020957887185254532,0.0,0.65380859375,True,True,False,True,False,True,False,True,True,True,False,True
248,qpeexact_6_Mutant_Add_rx_P14_Q1_[3.141592653589793].qasm,PureState_28,0.031766386633290386,0.0,0.013600451242987126,0.9901277422906932,0.013597941533991614,0.8255157265999773,1.0408340855860849e-17,0.9939803278342361,1.000000000000011,0.00011466937674797644,0.0,0.6298828125,True,True,False,True,False,True,False,True,False,True,False,True
249,qpeexact_6_Mutant_Add_rx_P14_Q1_[3.141592653589793].qasm,Quratest_28,0.0,0.0,0.025617930058556664,0.8953333847650716,0.023731503385374993,0.7782037611491134,1.5993443175995204e-16,0.9662079561383401,0.0007112091337033663,0.0021935498227453774,0.0,0.5517578125,True,True,False,True,False,True,False,True,True,True,False,True
250,qpeexact_6_Mutant_Add_rx_P14_Q1_[3.141592653589793].qasm,PureState_29,,0.0,0.0,0.21005579956662507,0.0,0.17573438665486288,6.512489694275077e-33,0.13283047847017138,1.000000000000011,0.8671695386860014,0.0,0.35205078125,False,True,False,True,False,True,False,True,False,True,False,True
251,qpeexact_6_Mutant_Add_rx_P14_Q1_[3.141592653589793].qasm,Quratest_29,0.0004073158233775334,0.0,0.028180598520892518,0.8474471809985892,0.028172974370183353,0.7482398995155461,1.9556921373005886e-16,0.9746462737417878,0.033655202923948885,0.0022446099644865573,0.0,0.4814453125,True,True,False,True,False,True,False,True,True,True,False,True
252,qpeexact_6_Mutant_Add_rx_P14_Q1_[3.141592653589793].qasm,PureState_30,0.6643015237101604,0.0,0.004470557709321607,0.9695687972199283,0.004470518733996028,0.817360679311048,6.938893903907228e-17,0.9940209969767128,1.000000000000011,0.00046346051289807857,0.0,0.0810546875,False,True,False,True,False,True,False,True,False,True,False,True
253,qpeexact_6_Mutant_Add_rx_P14_Q1_[3.141592653589793].qasm,Quratest_30,0.008472161925139724,0.0,0.0194785705062881,0.652628575902248,0.019475729876918115,0.5928706920064131,1.0048521259867216e-16,0.7771570277525846,0.21760974156140211,0.17118769187713798,0.0,0.7021484375,True,True,False,True,False,True,False,True,True,True,False,True
254,qpeexact_6_Mutant_Add_rx_P14_Q1_[3.141592653589793].qasm,PureState_31,0.07179287136905084,0.0,0.009417669388267156,0.9550389278571847,0.009417394435787695,0.8115494289602533,4.1633363423443376e-17,0.9940209969767121,1.000000000000011,0.002526042218966868,0.0,1.34326171875,True,True,False,True,False,True,False,True,False,True,False,True
255,qpeexact_6_Mutant_Add_rx_P14_Q1_[3.141592653589793].qasm,Quratest_31,0.0038459634889354247,0.0,0.027030200625138535,0.911975921669697,0.027006070873450888,0.7836844941176427,1.5347220564711217e-16,0.9726649383306357,0.030217867791945324,0.0023622457061416614,0.0,0.357421875,True,True,False,True,False,True,False,True,True,True,False,True
256,qpeexact_6_Mutant_Add_rzz_P19_Q3_[3.141592653589793].qasm,PureState_0,0.0,0.0,0.5389658425311672,0.500519289286165,0.5239224114269708,0.46325287980230345,0.7071067811865474,0.8984528369005402,3.094508552878614e-16,0.041284177295929377,0.232421875,0.560546875,True,True,True,True,True,True,True,True,True,True,True,True
257,qpeexact_6_Mutant_Add_rzz_P19_Q3_[3.141592653589793].qasm,Quratest_0,0.0,0.0,0.5152281634295501,0.80409049114133,0.500854470385289,0.7357602647296287,0.6897862242265074,0.9658296303129521,0.047078819318131564,0.003996506725882277,0.64697265625,0.26708984375,True,True,True,True,True,True,True,True,True,True,True,True
258,qpeexact_6_Mutant_Add_rzz_P19_Q3_[3.141592653589793].qasm,PureState_1,0.0,0.0,0.3933296324874796,0.9941395640122704,0.37582654425193845,0.8301199986227767,0.46193976625564326,0.9993046878843481,3.946979828145113e-16,9.186005078433254e-07,0.0029296875,0.625,True,True,True,True,True,True,True,True,True,True,True,True
259,qpeexact_6_Mutant_Add_rzz_P19_Q3_[3.141592653589793].qasm,Quratest_1,0.0,0.0,0.4257669011598364,0.7974754710448178,0.416329481381527,0.7164775144959462,0.5563904311111612,0.9346534963338593,0.003270775094888946,0.02014103391105214,0.33935546875,0.8740234375,True,True,True,True,True,True,True,True,True,True,True,True
260,qpeexact_6_Mutant_Add_rzz_P19_Q3_[3.141592653589793].qasm,PureState_2,0.0,0.0,0.7257577925984544,0.9914654246145732,0.6756794375844333,0.8285741035798748,0.844623198620733,0.9993045785146707,3.9863743766352354e-16,4.612078220217696e-06,0.1787109375,0.63818359375,True,True,True,True,True,True,True,True,True,True,True,True
261,qpeexact_6_Mutant_Add_rzz_P19_Q3_[3.141592653589793].qasm,Quratest_2,0.0,0.0,0.3940359410858846,0.8144466180584451,0.38088681765041965,0.7232556804085111,0.5000973516078476,0.9358433433430756,1.047678820945815e-07,0.03524853283507059,0.02734375,0.6708984375,True,True,True,True,True,True,True,True,True,True,True,True
262,qpeexact_6_Mutant_Add_rzz_P19_Q3_[3.141592653589793].qasm,PureState_3,0.0,0.0,0.5369345534540102,0.9146116759397542,0.5220805679758401,0.7913511431403795,0.7071067811865475,0.9951687180558675,3.9323499344295154e-16,0.0004231288004817558,0.27783203125,0.98828125,True,True,True,True,True,True,True,True,True,True,True,True
263,qpeexact_6_Mutant_Add_rzz_P19_Q3_[3.141592653589793].qasm,Quratest_3,0.0,0.0,0.40329541033148086,0.9133212090663348,0.39212521673817563,0.7872080360328817,0.502850179276336,0.9767004704731074,0.05695081707901206,0.002893859484371863,0.2763671875,0.5126953125,True,True,True,True,True,True,True,True,True,True,True,True
264,qpeexact_6_Mutant_Add_rzz_P19_Q3_[3.141592653589793].qasm,PureState_4,0.0,0.0,0.5415814687126105,0.8549420041860385,0.5262773155763415,0.7644173783349503,0.7071067811865474,0.9817123933687777,3.883344206433533e-16,0.0019204983906613046,0.27783203125,0.71044921875,True,True,True,True,True,True,True,True,True,True,True,True
265,qpeexact_6_Mutant_Add_rzz_P19_Q3_[3.141592653589793].qasm,Quratest_4,0.0,0.0,0.17007650939094804,0.9043110126446009,0.16957054032608815,0.7824426281467634,0.2338531724274163,0.9745090199768842,0.006200234815998769,0.0018756964009356634,0.0185546875,0.642578125,True,True,True,True,True,True,True,True,True,True,True,True
266,qpeexact_6_Mutant_Add_rzz_P19_Q3_[3.141592653589793].qasm,PureState_5,0.0,0.0,0.7405468442925353,0.9516319218014794,0.6863553548110637,0.8107275240951688,0.844623198620733,0.9993045785146708,3.9746073268239373e-16,0.00027788746988977904,0.12890625,0.67626953125,True,True,True,True,True,True,True,True,True,True,True,True
267,qpeexact_6_Mutant_Add_rzz_P19_Q3_[3.141592653589793].qasm,Quratest_5,0.0,0.0,0.1569167311898411,0.857561009550637,0.15581881396492323,0.7593775038642769,0.19234947489048626,0.956559527492735,0.041087240055845034,0.013149256448814674,0.1513671875,0.68701171875,True,True,True,True,True,True,True,True,True,True,True,True
268,qpeexact_6_Mutant_Add_rzz_P19_Q3_[3.141592653589793].qasm,PureState_6,0.0,0.0,0.3892932516603392,0.9926771447957582,0.37054344863460664,0.8308022003558351,0.46193976625564337,0.9998110891985442,3.951844205119217e-16,5.3057634293745515e-06,0.01904296875,1.173828125,True,True,True,True,True,True,True,True,True,True,True,True
269,qpeexact_6_Mutant_Add_rzz_P19_Q3_[3.141592653589793].qasm,Quratest_6,0.0,0.0,0.7700344018486276,0.6227091920600678,0.7075302687546927,0.548389979589522,0.8675423442502774,0.6631331015514818,9.154320450708083e-05,0.27672926220674227,0.1708984375,0.4072265625,True,True,True,True,True,True,True,True,True,True,True,True
270,qpeexact_6_Mutant_Add_rzz_P19_Q3_[3.141592653589793].qasm,PureState_7,0.0,0.0,0.3935263658940244,0.9939694806838612,0.37645602803315303,0.8304176605667326,0.46193976625564337,0.9998110891985442,3.9671531782860476e-16,5.285054733189006e-06,0.01904296875,1.173828125,True,True,True,True,True,True,True,True,True,True,True,True
271,qpeexact_6_Mutant_Add_rzz_P19_Q3_[3.141592653589793].qasm,Quratest_7,0.0,0.0,0.4444170201376008,0.9178560036483369,0.4338032506780798,0.7925841974202804,0.5857847422012615,0.9892623889795157,0.03185093005050814,0.0004184941026326424,0.05859375,0.65185546875,True,True,True,True,True,True,True,True,True,True,True,True
272,qpeexact_6_Mutant_Add_rzz_P19_Q3_[3.141592653589793].qasm,PureState_8,0.0,0.0,0.7307487175917758,0.9946711177001396,0.6792529784902541,0.8312532268244371,0.844623198620733,0.9998253413384636,3.9666372658285487e-16,9.784571443538114e-07,0.1787109375,0.45947265625,True,True,True,True,True,True,True,True,True,True,True,True
273,qpeexact_6_Mutant_Add_rzz_P19_Q3_[3.141592653589793].qasm,Quratest_8,0.0,0.0,0.40646850662727807,0.9263318630003272,0.3915670033145967,0.7923039015004123,0.5842708797362701,0.980078092744492,3.2602999482771887e-05,0.00046021368129670417,0.205078125,0.583984375,True,True,True,True,True,True,True,True,True,True,True,True
274,qpeexact_6_Mutant_Add_rzz_P19_Q3_[3.141592653589793].qasm,PureState_9,0.0,0.0,0.543976047218932,0.9521557641305285,0.5284179089191506,0.8088874261423613,0.7071067811865472,0.9939803278342346,3.9953757764885364e-16,0.002425221654555278,0.0283203125,0.630859375,True,True,True,True,True,True,True,True,True,True,True,True
275,qpeexact_6_Mutant_Add_rzz_P19_Q3_[3.141592653589793].qasm,Quratest_9,0.0,0.0,0.5107620297732262,0.8534522133801469,0.4897600556641298,0.7519558410251128,0.6145632900579168,0.9627906781054849,0.026539764888726128,0.0034474111874087713,0.31787109375,0.85107421875,True,True,True,True,True,True,True,True,True,True,True,True
276,qpeexact_6_Mutant_Add_rzz_P19_Q3_[3.141592653589793].qasm,PureState_10,0.38477558729687544,0.0,0.00615298549647231,0.9511864707049208,0.006152934915909301,0.8092332962303852,4.163336342344339e-17,0.9940209969767113,3.3935001478847304e-16,0.002520613715693278,0.0,1.34326171875,False,True,False,True,False,True,False,True,True,True,False,True
277,qpeexact_6_Mutant_Add_rzz_P19_Q3_[3.141592653589793].qasm,Quratest_10,0.0,0.0,0.08344639276625025,0.8198416613576555,0.08288227301262256,0.7349263590689935,0.08755841254397542,0.9554030226227199,0.2227358766730899,0.010359058259604747,0.03369140625,0.5380859375,True,True,False,True,False,True,True,True,True,True,True,True
278,qpeexact_6_Mutant_Add_rzz_P19_Q3_[3.141592653589793].qasm,PureState_11,0.0,0.0,0.40213542939343694,0.9862798913368277,0.38276443049351927,0.8281851863454611,0.46193976625564337,0.9970910946110925,3.65983466083226e-16,3.207632953230476e-05,0.02001953125,0.1552734375,True,True,True,True,True,True,True,True,True,True,True,True
279,qpeexact_6_Mutant_Add_rzz_P19_Q3_[3.141592653589793].qasm,Quratest_11,0.0,0.0,0.5314691593393748,0.9107256943009175,0.5036767549108423,0.7889953525162319,0.594749614739966,0.9810372167155851,1.5855527154592495e-10,0.0008667176228708172,0.109375,0.5869140625,True,True,True,True,True,True,True,True,True,True,True,True
280,qpeexact_6_Mutant_Add_rzz_P19_Q3_[3.141592653589793].qasm,PureState_12,0.0,0.0,1.0,0.993865425161768,0.8325546111576977,0.8317960920947831,0.9999999999999997,0.9999953649742794,3.9968053257261674e-16,2.3175595700595173e-06,0.9873046875,0.63525390625,True,True,True,True,True,True,True,True,True,True,True,True
281,qpeexact_6_Mutant_Add_rzz_P19_Q3_[3.141592653589793].qasm,Quratest_12,0.0,0.0,0.1657053932793699,0.8847105373522379,0.16517106931465952,0.7762203606135749,0.21502289726644302,0.9681780406995932,0.30901241988992956,0.00626573897317247,0.0498046875,1.046875,True,True,True,True,True,True,True,True,True,True,True,True
282,qpeexact_6_Mutant_Add_rzz_P19_Q3_[3.141592653589793].qasm,PureState_13,0.020642064672674015,0.0,0.01086070395462615,0.9971235817858595,0.010859875942110268,0.8316703286109961,4.8572257327350623e-17,0.9999953334468628,3.9422476634714675e-16,3.617445514882269e-07,0.0,0.0810546875,True,True,False,True,False,True,False,True,True,True,False,True
283,qpeexact_6_Mutant_Add_rzz_P19_Q3_[3.141592653589793].qasm,Quratest_13,0.0,0.0,0.3955651973937818,0.9556901122483521,0.3774495751653362,0.8129220253028258,0.4990129810972318,0.9884865990542391,1.4563401428051969e-05,0.00025082063677819063,0.40966796875,0.51025390625,True,True,True,True,True,True,True,True,True,True,True,True
284,qpeexact_6_Mutant_Add_rzz_P19_Q3_[3.141592653589793].qasm,PureState_14,0.0,0.0,0.5378440121210923,0.9892444038184228,0.5228663516628882,0.8290957449256741,0.7071067811865471,0.9970919135931804,3.993101697314537e-16,3.721257042191995e-05,0.03759765625,0.66748046875,True,True,True,True,True,True,True,True,True,True,True,True
285,qpeexact_6_Mutant_Add_rzz_P19_Q3_[3.141592653589793].qasm,Quratest_14,0.0,0.0,0.4639554796096904,0.8530139454025223,0.45145972424126807,0.7504785803354099,0.6003578246690443,0.9618199665957547,0.0039786913896090285,0.0028073364195834046,0.3837890625,0.56494140625,True,True,True,True,True,True,True,True,True,True,True,True
286,qpeexact_6_Mutant_Add_rzz_P19_Q3_[3.141592653589793].qasm,PureState_15,0.0,0.0,0.3928059703393848,0.9931884456039267,0.3753561795797329,0.8299412286539818,0.46193976625564337,0.9991611559915957,4.024022636263349e-16,9.227495978640841e-06,0.01904296875,1.15478515625,True,True,True,True,True,True,True,True,True,True,True,True
287,qpeexact_6_Mutant_Add_rzz_P19_Q3_[3.141592653589793].qasm,Quratest_15,0.0,0.0,0.49211521537586,0.9795431170316424,0.4666451836768876,0.8220062388511622,0.5971434382635005,0.9932245941506301,0.00039411802412346174,8.563441044602417e-05,0.54736328125,0.85498046875,True,True,True,True,True,True,True,True,True,True,True,True
288,qpeexact_6_Mutant_Add_rzz_P19_Q3_[3.141592653589793].qasm,PureState_16,0.0,0.0,0.7321352899518977,0.9835734921862561,0.6808864725597625,0.8229297873834831,0.8446231986207331,0.9939393820619817,4.1238928859684636e-16,0.0001046994739832696,0.59375,0.73486328125,True,True,True,True,True,True,True,True,True,True,True,True
289,qpeexact_6_Mutant_Add_rzz_P19_Q3_[3.141592653589793].qasm,Quratest_16,0.0,0.0,0.2194985045162367,0.8807856694915832,0.21787365532780428,0.7664956000775538,0.27127866750368523,0.9694842860885142,0.0012660848307550307,0.0020960421881236024,0.01171875,0.5556640625,True,True,True,True,True,True,True,True,True,True,True,True
290,qpeexact_6_Mutant_Add_rzz_P19_Q3_[3.141592653589793].qasm,PureState_17,0.0,0.0,1.0,0.9929037538333052,0.8325546111576977,0.8319828431172546,0.9999999999999996,0.9999953956785432,3.9968053251732903e-16,4.604387283200966e-06,1.0126953125,1.64794921875,True,True,True,True,True,True,True,True,True,True,True,True
291,qpeexact_6_Mutant_Add_rzz_P19_Q3_[3.141592653589793].qasm,Quratest_17,0.0,0.0,0.39352432582791,0.8466170785690915,0.3861232755297582,0.7520547132928718,0.6130424113879839,0.9627185573618001,0.013276992538270528,0.005831585682248349,0.14990234375,0.67431640625,True,True,True,True,True,True,True,True,True,True,True,True
292,qpeexact_6_Mutant_Add_rzz_P19_Q3_[3.141592653589793].qasm,PureState_18,0.0,0.0,0.3909494588524835,0.9729684798504455,0.3742487224294574,0.8168274893738634,0.46193976625564304,0.9993045785146708,3.619755294215494e-16,4.868978094522865e-05,0.05517578125,0.6357421875,True,True,True,True,True,True,True,True,True,True,True,True
293,qpeexact_6_Mutant_Add_rzz_P19_Q3_[3.141592653589793].qasm,Quratest_18,0.0,0.0,0.7452066673967045,0.9240994363686683,0.6790700809112642,0.7973895696427018,0.8345636792368223,0.9845081982997151,2.381904131350385e-08,0.0006661211150110654,0.1669921875,0.40234375,True,True,True,True,True,True,True,True,True,True,True,True
294,qpeexact_6_Mutant_Add_rzz_P19_Q3_[3.141592653589793].qasm,PureState_19,0.0,0.0,0.5414212790821915,0.98303578606563,0.5261078436275884,0.8237210559272322,0.7071067811865472,0.9939803278342345,3.884953603615851e-16,0.00011512359116802643,0.03759765625,0.6298828125,True,True,True,True,True,True,True,True,True,True,True,True
295,qpeexact_6_Mutant_Add_rzz_P19_Q3_[3.141592653589793].qasm,Quratest_19,0.0,0.0,0.5116485369786351,0.9009852159381861,0.4971631081214621,0.7858764503119338,0.6792562958782402,0.9758564478798931,0.022238101913925168,0.006752906804965655,0.14501953125,0.478515625,True,True,True,True,True,True,True,True,True,True,True,True
296,qpeexact_6_Mutant_Add_rzz_P19_Q3_[3.141592653589793].qasm,PureState_20,0.0,0.0,0.731675499588676,0.9839326884430137,0.680132481536125,0.8235307977325537,0.8446231986207331,0.9939393820619817,3.9031824102191997e-16,0.0001044740005052892,0.59375,0.73486328125,True,True,True,True,True,True,True,True,True,True,True,True
297,qpeexact_6_Mutant_Add_rzz_P19_Q3_[3.141592653589793].qasm,Quratest_20,0.0,0.0,0.2525713679840769,0.8117064281938123,0.24897669897253275,0.7250787148864257,0.28656739249051283,0.9324234236576099,0.009614642264846821,0.04429421118355675,0.115234375,0.802734375,True,True,True,True,True,True,True,True,True,True,True,True
298,qpeexact_6_Mutant_Add_rzz_P19_Q3_[3.141592653589793].qasm,PureState_21,0.0,0.0,0.7318465077350066,0.9530298274792282,0.6805059009032518,0.8090874654566664,0.8446231986207329,0.9939393820619817,3.955454652831415e-16,0.002400355871624712,0.59375,1.32861328125,True,True,True,True,True,True,True,True,True,True,True,True
299,qpeexact_6_Mutant_Add_rzz_P19_Q3_[3.141592653589793].qasm,Quratest_21,0.0,0.0,0.4066472561501231,0.8449290366119538,0.3898359750167263,0.752172065309496,0.5122002060194251,0.9593081437360036,1.9914583022485944e-05,0.004256852153457085,0.306640625,0.68359375,True,True,True,True,True,True,True,True,True,True,True,True
300,qpeexact_6_Mutant_Add_rzz_P19_Q3_[3.141592653589793].qasm,PureState_22,0.0,0.0,0.5436139569785035,0.7920615367782707,0.5281481413191852,0.7143823347124412,0.7071067811865474,0.927519205537593,2.9187874010687803e-16,0.007234783693030013,0.232421875,0.328125,True,True,True,True,True,True,True,True,True,True,True,True
301,qpeexact_6_Mutant_Add_rzz_P19_Q3_[3.141592653589793].qasm,Quratest_22,0.0,0.0,0.3339472747828542,0.8557561606327803,0.3238715812450622,0.7560013190098839,0.36955608884730046,0.9770859880563418,0.09558831988957564,0.004826604867486611,0.06396484375,0.76904296875,True,True,True,True,True,True,True,True,True,True,True,True
302,qpeexact_6_Mutant_Add_rzz_P19_Q3_[3.141592653589793].qasm,PureState_23,0.0,0.0,0.733692204087367,0.9941157233368941,0.6817133479022114,0.8286485690799003,0.8446231986207331,0.9958937211130603,3.9552395596517126e-16,4.025288730683917e-05,0.61279296875,0.07177734375,True,True,True,True,True,True,True,True,True,True,True,True
303,qpeexact_6_Mutant_Add_rzz_P19_Q3_[3.141592653589793].qasm,Quratest_23,0.0,0.0,0.5469563439178396,0.8154366681003312,0.5210607561940898,0.725468898976232,0.6081760026767741,0.9286579377261981,0.05364908619156203,0.03953510352416758,0.05712890625,0.552734375,True,True,True,True,True,True,True,True,True,True,True,True
304,qpeexact_6_Mutant_Add_rzz_P19_Q3_[3.141592653589793].qasm,PureState_24,0.7126242709222843,0.0,0.004135425442398303,0.998053884106943,0.004135418833317055,0.832137944683297,1.249000902703301e-16,0.9999953334468628,3.1298582155889155e-16,3.659815520210848e-07,0.0,0.0810546875,False,True,False,True,False,True,False,True,True,True,False,True
305,qpeexact_6_Mutant_Add_rzz_P19_Q3_[3.141592653589793].qasm,Quratest_24,0.0,0.0,0.30468004293460116,0.8609855140955369,0.30001342346208815,0.7646087982888758,0.3586668837400706,0.9724859358585367,0.2642775997328858,0.003378442761647544,0.02978515625,0.546875,True,True,True,True,True,True,True,True,True,True,True,True
306,qpeexact_6_Mutant_Add_rzz_P19_Q3_[3.141592653589793].qasm,PureState_25,0.0,0.0,0.7304087782308537,0.9868989590157731,0.6787968513797953,0.8283321016546887,0.8446231986207332,0.9993045785146709,3.9966257055046896e-16,4.613403802313023e-06,0.1787109375,0.63818359375,True,True,True,True,True,True,True,True,True,True,True,True
307,qpeexact_6_Mutant_Add_rzz_P19_Q3_[3.141592653589793].qasm,Quratest_25,0.0,0.0,0.5958263376450359,0.9657819447662084,0.558768409231692,0.8165073372721916,0.692966831594112,0.9923923086448805,0.00010929015985942963,9.052935200540249e-05,0.05908203125,0.546875,True,True,True,True,True,True,True,True,True,True,True,True
308,qpeexact_6_Mutant_Add_rzz_P19_Q3_[3.141592653589793].qasm,PureState_26,0.0,0.0,0.7344485864348826,0.9850081848383498,0.6826918954657245,0.823451055447431,0.8446231986207329,0.9993045785146707,3.817941947322067e-16,1.2058356441649224e-05,0.12890625,0.80517578125,True,True,True,True,True,True,True,True,True,True,True,True
309,qpeexact_6_Mutant_Add_rzz_P19_Q3_[3.141592653589793].qasm,Quratest_26,0.0,0.0,0.3175484301163448,0.9685763967993144,0.3108307804310073,0.818408148684731,0.380134274856339,0.9957516694720512,0.0005664212520162395,5.81326623057598e-05,0.16064453125,0.8056640625,True,True,True,True,True,True,True,True,True,True,True,True
310,qpeexact_6_Mutant_Add_rzz_P19_Q3_[3.141592653589793].qasm,PureState_27,0.0,0.0,0.5419166736169233,0.5064420581323726,0.5266008651911259,0.4669874469339107,0.7071067811865475,0.89845283690054,3.4690261003417725e-16,0.04113484014689076,0.232421875,0.560546875,True,True,True,True,True,True,True,True,True,True,True,True
311,qpeexact_6_Mutant_Add_rzz_P19_Q3_[3.141592653589793].qasm,Quratest_27,0.0,0.0,0.5685662210843038,0.6301660757781022,0.5332790843659567,0.5704404018925258,0.6196105063188875,0.8967113623922611,0.0004463325727610989,0.020957887185254404,0.04052734375,0.65380859375,True,True,True,True,True,True,True,True,True,True,True,True
312,qpeexact_6_Mutant_Add_rzz_P19_Q3_[3.141592653589793].qasm,PureState_28,0.0,0.0,0.5410552332911832,0.9814716226773987,0.5257407921753798,0.8235777890828117,0.7071067811865472,0.9939803278342345,3.908795494755419e-16,0.00011466937674797641,0.03759765625,0.6298828125,True,True,True,True,True,True,True,True,True,True,True,True
313,qpeexact_6_Mutant_Add_rzz_P19_Q3_[3.141592653589793].qasm,Quratest_28,0.0,0.0,0.32794079496248846,0.893430577304293,0.3195297750901055,0.7788480318722784,0.43007076972913694,0.9662079561383377,1.0047844619585549e-05,0.0021935498227453787,0.3095703125,0.5517578125,True,True,True,True,True,True,True,True,True,True,True,True
314,qpeexact_6_Mutant_Add_rzz_P19_Q3_[3.141592653589793].qasm,PureState_29,0.0,0.0,1.0,0.21363889338036743,0.8325546111576978,0.17876171760404644,0.9999999999999998,0.13283047847017238,2.283267856071136e-16,0.867169538685999,0.9873046875,0.35205078125,True,True,True,True,True,True,True,True,True,True,True,True
315,qpeexact_6_Mutant_Add_rzz_P19_Q3_[3.141592653589793].qasm,Quratest_29,0.0,0.0,0.44090310651150044,0.8505581580398934,0.4215063874254762,0.7505206985989515,0.4789016979283099,0.9746462737417861,0.007359426545006279,0.0022446099644865595,0.2587890625,0.4814453125,True,True,True,True,True,True,True,True,True,True,True,True
316,qpeexact_6_Mutant_Add_rzz_P19_Q3_[3.141592653589793].qasm,PureState_30,0.08806791007744354,0.0,0.009029092481295126,0.9705245473989168,0.009028910069166462,0.8174897894555021,2.1510571102112408e-16,0.9940209969767113,3.9022909129937165e-16,0.0004634605128980778,0.0,0.0810546875,True,True,False,True,False,True,False,True,True,True,False,True
317,qpeexact_6_Mutant_Add_rzz_P19_Q3_[3.141592653589793].qasm,Quratest_30,0.0,0.0,0.47977500403862844,0.649446693125779,0.4618090771438319,0.5924888595727518,0.5846110767070387,0.7771570277525832,0.048850597798552435,0.17118769187713742,0.171875,0.7021484375,True,True,True,True,True,True,True,True,True,True,True,True
318,qpeexact_6_Mutant_Add_rzz_P19_Q3_[3.141592653589793].qasm,PureState_31,0.05861598410805998,0.0,0.009612602032802542,0.952726601330282,0.00961240977005526,0.8100844280552252,1.5959455978986625e-16,0.9940209969767111,3.5331533530179155e-16,0.0025260422189668616,0.0,1.34326171875,True,True,False,True,False,True,False,True,True,True,False,True
319,qpeexact_6_Mutant_Add_rzz_P19_Q3_[3.141592653589793].qasm,Quratest_31,0.0,0.0,0.3331942869082752,0.9099985635081664,0.32745757289113003,0.7838668255457087,0.39668289325906436,0.9726649383306339,0.012987331195287728,0.0023622457061416614,0.17822265625,0.357421875,True,True,True,True,True,True,True,True,True,True,True,True
320,qpeexact_6_Mutant_Add_sx_P21_Q3_[].qasm,PureState_0,0.16691698627756607,0.0,0.011470720927625487,0.49820150150018466,0.011470275462637024,0.4611283604290074,1.734723475976807e-17,0.8984528369005416,0.7500000000000093,0.04128417729592947,0.0,0.560546875,True,True,False,True,False,True,False,True,True,True,False,True
321,qpeexact_6_Mutant_Add_sx_P21_Q3_[].qasm,Quratest_0,1.7494324666443172e-06,0.0,0.029524558399583255,0.8062568194381052,0.02942771670437689,0.7353293062332116,7.990622950777371e-17,0.9658296303129539,0.7343496720144126,0.003996506725882329,0.0,0.26708984375,True,True,False,True,False,True,False,True,True,True,False,True
322,qpeexact_6_Mutant_Add_sx_P21_Q3_[].qasm,PureState_1,0.330107712667515,0.0,0.014585070837662051,0.9945707611402893,0.014577260817286407,0.8303708624427132,1.5086673230135794e-16,0.9993046878843497,0.5091529130879285,9.186005078432907e-07,0.0,0.625,False,True,False,True,False,True,False,True,True,True,False,True
323,qpeexact_6_Mutant_Add_sx_P21_Q3_[].qasm,Quratest_1,6.551618384925155e-05,0.0,0.027074333094510575,0.7993650069780466,0.026990878192291987,0.7158996833009158,1.0770405089164693e-16,0.934653496333861,0.6284440395407601,0.020141033911052195,0.0,0.8740234375,True,True,False,True,False,True,False,True,True,True,False,True
324,qpeexact_6_Mutant_Add_sx_P21_Q3_[].qasm,PureState_2,0.4033646228268004,0.0,0.013803078499121527,0.9898551484344914,0.013797512432946583,0.8282386079300652,9.367506770274758e-17,0.9993045785146724,0.8109296083845684,4.612078220217724e-06,0.0,0.63818359375,False,True,False,True,False,True,False,True,True,True,False,True
325,qpeexact_6_Mutant_Add_sx_P21_Q3_[].qasm,Quratest_2,0.0025778029696000462,0.0,0.027245241246209483,0.8196240618389053,0.02723972093024079,0.7264025036972437,9.500321536404245e-17,0.9358433433430775,0.5713065163234524,0.035248532835070734,0.0,0.6708984375,True,True,False,True,False,True,False,True,True,True,False,True
326,qpeexact_6_Mutant_Add_sx_P21_Q3_[].qasm,PureState_3,0.0925021250932345,0.0,0.012688203968210904,0.912132342210896,0.012683732971501497,0.7912393237867131,3.252606517456513e-17,0.995168718055869,0.7500000000000107,0.0004231288004817572,0.0,0.98828125,True,True,False,True,False,True,False,True,True,True,False,True
327,qpeexact_6_Mutant_Add_sx_P21_Q3_[].qasm,Quratest_3,0.008272279647942846,0.0,0.020049628714764872,0.9139110834705153,0.020045181769527118,0.7872735495199391,1.2108844200768576e-16,0.9767004704731092,0.5514749994785512,0.002893859484371871,0.0,0.5126953125,True,True,False,True,False,True,False,True,True,True,False,True
328,qpeexact_6_Mutant_Add_sx_P21_Q3_[].qasm,PureState_4,0.22178753312875213,0.0,0.01109428476874966,0.8597487212411697,0.01109262440280024,0.7668062956810467,1.1102230246251565e-16,0.9817123933687794,0.7500000000000099,0.0019204983906613087,0.0,0.71044921875,True,True,False,True,False,True,False,True,True,True,False,True
329,qpeexact_6_Mutant_Add_sx_P21_Q3_[].qasm,Quratest_4,0.0003684240441788971,0.0,0.028907907862978827,0.9024744267320005,0.028900336297973433,0.7819147882873032,1.2923689896027213e-16,0.974509019976886,0.5259936479028822,0.0018756964009356701,0.0,0.642578125,True,True,False,True,False,True,False,True,True,True,False,True
330,qpeexact_6_Mutant_Add_sx_P21_Q3_[].qasm,PureState_5,0.33245135074207405,0.0,0.01398847231526534,0.9455414094940288,0.01398318237572692,0.807974964787559,2.2551405187698492e-17,0.9993045785146726,0.8109296083845676,0.0002778874698897808,0.0,0.67626953125,False,True,False,True,False,True,False,True,True,True,False,True
331,qpeexact_6_Mutant_Add_sx_P21_Q3_[].qasm,Quratest_5,0.09042541036611253,0.0,0.023030691236285754,0.8573549569426571,0.023023318247843615,0.7597843300390593,1.1313310856707337e-16,0.9565595274927366,0.501712358720558,0.013149256448814732,0.0,0.68701171875,True,True,False,True,False,True,False,True,True,True,False,True
332,qpeexact_6_Mutant_Add_sx_P21_Q3_[].qasm,PureState_6,0.041982756745675115,0.0,0.016748727200108914,0.9965544209429158,0.01674560930558134,0.83134124231439,6.032568650345127e-17,0.9998110891985454,0.5000000000000089,5.3057634293744075e-06,0.0,1.173828125,True,True,False,True,False,True,False,True,True,True,False,True
333,qpeexact_6_Mutant_Add_sx_P21_Q3_[].qasm,Quratest_6,0.032494223943101044,0.0,0.025054311610265063,0.6196677939764071,0.025026373205549967,0.546770419163547,3.649017936771531e-17,0.6631331015514833,0.8010019280566268,0.2767292622067432,0.0,0.4072265625,True,True,False,True,False,True,False,True,True,True,False,True
334,qpeexact_6_Mutant_Add_sx_P21_Q3_[].qasm,PureState_7,0.4021281180842298,0.0,0.01500601542581871,0.9948422163741776,0.014483227741008107,0.8308791886719895,1.3858475456617059e-16,0.9998110891985454,0.5000000000000081,5.2850547331891455e-06,0.0,1.173828125,False,True,False,True,False,True,False,True,True,True,False,True
335,qpeexact_6_Mutant_Add_sx_P21_Q3_[].qasm,Quratest_7,0.017286598612549563,0.0,0.025800097510923176,0.9168890652848326,0.025746198973356654,0.7907353603542362,1.0660300825246804e-16,0.9892623889795175,0.5413472204326276,0.00041849410263268923,0.0,0.65185546875,True,True,False,True,False,True,False,True,True,True,False,True
336,qpeexact_6_Mutant_Add_sx_P21_Q3_[].qasm,PureState_8,0.0,0.0,0.02350403897752354,0.9962270184625203,0.023095280467957214,0.8317657821517019,1.007494868782155e-16,0.9998253413384652,0.810929608384568,9.784571443538895e-07,0.0,0.45947265625,True,True,False,True,False,True,False,True,True,True,False,True
337,qpeexact_6_Mutant_Add_sx_P21_Q3_[].qasm,Quratest_8,0.00010435150952831039,0.0,0.029447497868410593,0.9293092216390068,0.029432332573522974,0.7937000098166235,9.544695474928517e-17,0.9800780927444938,0.5183218629401102,0.0004602136812967186,0.0,0.583984375,True,True,False,True,False,True,False,True,True,True,False,True
338,qpeexact_6_Mutant_Add_sx_P21_Q3_[].qasm,PureState_9,0.2726785951524925,0.0,0.010659034186159108,0.9537839646036744,0.010657575066906308,0.8100891990130519,9.367506770274758e-17,0.9939803278342363,0.5000000000000084,0.0024252216545552823,0.0,0.630859375,True,True,False,True,False,True,False,True,True,True,False,True
339,qpeexact_6_Mutant_Add_sx_P21_Q3_[].qasm,Quratest_9,0.13507159912522557,0.0,0.022865057499817848,0.8488136983454116,0.022773990722861653,0.7493507636829052,1.504059463780516e-16,0.962790678105487,0.6766257941821359,0.0034474111874087904,0.0,0.85107421875,True,True,False,True,False,True,False,True,True,True,False,True
340,qpeexact_6_Mutant_Add_sx_P21_Q3_[].qasm,PureState_10,0.8008310784238674,0.0,0.0035405563357056944,0.9500441244448513,0.003540549521195568,0.8088575121964287,5.551115123125783e-17,0.9940209969767131,0.500000000000009,0.002520613715693281,0.0,1.34326171875,False,True,False,True,False,True,False,True,True,True,False,True
341,qpeexact_6_Mutant_Add_sx_P21_Q3_[].qasm,Quratest_10,0.0,0.0,0.025176207602995243,0.8144356530487448,0.024197087650677164,0.7332500037847856,9.882799263736912e-17,0.9554030226227217,0.5035713932139928,0.010359058259604778,0.0,0.5380859375,True,True,False,True,False,True,False,True,True,True,False,True
342,qpeexact_6_Mutant_Add_sx_P21_Q3_[].qasm,PureState_11,0.02884794980368046,0.0,0.0181269129148599,0.9879586700670043,0.017687032468069946,0.8284167356297233,6.683428767015331e-17,0.9970910946110938,0.500000000000009,3.207632953230548e-05,0.0,0.1552734375,True,True,False,True,False,True,False,True,True,True,False,True
343,qpeexact_6_Mutant_Add_sx_P21_Q3_[].qasm,Quratest_11,0.001122828732534614,0.0,0.0280960262538192,0.9091274409908117,0.028062952303938595,0.7884841586324755,6.632522086885348e-17,0.981037216715587,0.5530364269720999,0.000866717622870822,0.0,0.5869140625,True,True,False,True,False,True,False,True,True,True,False,True
344,qpeexact_6_Mutant_Add_sx_P21_Q3_[].qasm,PureState_12,0.24604720977282865,0.0,0.004101257576138615,0.993865425161768,0.004101251827160549,0.8317960920947831,5.551115123125784e-17,0.9999953649742812,1.000000000000011,2.3175595700595436e-06,0.0,0.63525390625,True,True,False,True,False,True,False,True,False,True,False,True
345,qpeexact_6_Mutant_Add_sx_P21_Q3_[].qasm,Quratest_12,4.591352081498e-07,0.0,0.03153674781951397,0.8835289803858405,0.031508531972997446,0.7746246348501694,1.2479167005308156e-16,0.9681780406995951,0.5001145114588966,0.006265738973172459,0.0,1.046875,True,True,False,True,False,True,False,True,True,True,False,True
346,qpeexact_6_Mutant_Add_sx_P21_Q3_[].qasm,PureState_13,0.0055305814388454414,0.0,0.012388730367020906,0.9954489727867526,0.012387682181336094,0.8320486146227731,2.7755575615628914e-17,0.9999953334468645,0.5000000000000089,3.617445514882217e-07,0.0,0.0810546875,True,True,False,True,False,True,False,True,True,True,False,True
347,qpeexact_6_Mutant_Add_sx_P21_Q3_[].qasm,Quratest_13,0.0,0.0,0.0319070652059939,0.9537613156672234,0.03139386969047638,0.8123598415734601,7.578403779084225e-17,0.9884865990542409,0.544097291124495,0.00025082063677819074,0.0,0.51025390625,True,True,False,True,False,True,False,True,True,True,False,True
348,qpeexact_6_Mutant_Add_sx_P21_Q3_[].qasm,PureState_14,0.00010769236659038703,0.0,0.017763841230905096,0.9875888721922896,0.01773396728490693,0.8287671603258725,1.0972125985553305e-16,0.9970919135931817,0.5000000000000084,3.7212570421919696e-05,0.0,0.66748046875,True,True,False,True,False,True,False,True,True,True,False,True
349,qpeexact_6_Mutant_Add_sx_P21_Q3_[].qasm,Quratest_14,1.1473328548892343e-05,0.0,0.031382983319047805,0.8554637673339525,0.031351703719679845,0.7512335290482844,6.870284774139498e-17,0.9618199665957567,0.5070870571395997,0.0028073364195834133,0.0,0.56494140625,True,True,False,True,False,True,False,True,True,True,False,True
350,qpeexact_6_Mutant_Add_sx_P21_Q3_[].qasm,PureState_15,0.1710608891184019,0.0,0.015751486821016743,0.9911235556964025,0.015748022646056414,0.8299605982635313,2.883977778811442e-17,0.999161155991597,0.5000000000000082,9.227495978640799e-06,0.0,1.15478515625,True,True,False,True,False,True,False,True,True,True,False,True
351,qpeexact_6_Mutant_Add_sx_P21_Q3_[].qasm,Quratest_15,0.0510889112222218,0.0,0.01790976346607088,0.9793207563147962,0.017907004647403097,0.8218070296241521,1.437692550527248e-16,0.9932245941506324,0.54894966105721,8.563441044602972e-05,0.0,0.85498046875,True,True,False,True,False,True,False,True,True,True,False,True
352,qpeexact_6_Mutant_Add_sx_P21_Q3_[].qasm,PureState_16,0.06053713353307879,0.0,0.01770992884985503,0.9847630292013275,0.017249991460554212,0.8234476046400936,1.384119598449307e-16,0.9939393820619828,0.5000000000000085,0.00010469947398327004,0.0,0.73486328125,True,True,False,True,False,True,False,True,True,True,False,True
353,qpeexact_6_Mutant_Add_sx_P21_Q3_[].qasm,Quratest_16,0.06108680939448594,0.0,0.023452903951384052,0.8851868043677947,0.023443482629156985,0.7672025400712131,1.1820514185523212e-16,0.9694842860885158,0.513313231305452,0.0020960421881236154,0.0,0.5556640625,True,True,False,True,False,True,False,True,True,True,False,True
354,qpeexact_6_Mutant_Add_sx_P21_Q3_[].qasm,PureState_17,,0.0,0.0,0.9929037538333052,0.0,0.8319828431172547,8.055847648391336e-33,0.9999953956785448,1.000000000000011,4.604387283200979e-06,0.0,1.64794921875,False,True,False,True,False,True,False,True,False,True,False,True
355,qpeexact_6_Mutant_Add_sx_P21_Q3_[].qasm,Quratest_17,0.0,0.0,0.02550692790350612,0.8429925080239098,0.023938606737588745,0.7504540338690963,9.332249023845298e-17,0.9627185573618019,0.5321573594244123,0.005831585682248358,0.0,0.67431640625,True,True,False,True,False,True,False,True,True,True,False,True
356,qpeexact_6_Mutant_Add_sx_P21_Q3_[].qasm,PureState_18,0.2777778787195467,0.0,0.0145488024292712,0.9764358012752575,0.014525051053978897,0.8187761092530508,3.789286592836838e-17,0.9993045785146725,0.5091529130879282,4.8689780945228956e-05,0.0,0.6357421875,True,True,False,True,False,True,False,True,True,True,False,True
357,qpeexact_6_Mutant_Add_sx_P21_Q3_[].qasm,Quratest_18,0.5493672032878489,0.0,0.019334959789245598,0.9225515556242594,0.01932454769644345,0.7971537068148274,7.174652289885662e-17,0.9845081982997171,0.7538063162934673,0.0006661211150110635,0.0,0.40234375,False,True,False,True,False,True,False,True,True,True,False,True
358,qpeexact_6_Mutant_Add_sx_P21_Q3_[].qasm,PureState_19,1.034485077704425e-10,0.0,0.027033023192008215,0.982456080984776,0.027022484086263076,0.8241466539419855,4.85722573273506e-17,0.9939803278342362,0.5000000000000082,0.00011512359116802658,0.0,0.6298828125,True,True,False,True,False,True,False,True,True,True,False,True
359,qpeexact_6_Mutant_Add_sx_P21_Q3_[].qasm,Quratest_19,0.12648006733783979,0.0,0.025670247107334534,0.9016250923813234,0.025301718491182547,0.7852665862418152,5.974292783574031e-17,0.975856447879895,0.5023310252692752,0.006752906804965676,0.0,0.478515625,True,True,False,True,False,True,False,True,True,True,False,True
360,qpeexact_6_Mutant_Add_sx_P21_Q3_[].qasm,PureState_20,0.0,0.0,0.016570927791216904,0.9825934448807725,0.016097865788258756,0.8228803660468869,9.877081791342945e-17,0.9939393820619828,0.5000000000000084,0.00010447400050528909,0.0,0.73486328125,True,True,False,True,False,True,False,True,True,True,False,True
361,qpeexact_6_Mutant_Add_sx_P21_Q3_[].qasm,Quratest_20,0.0,0.0,0.027727186402895104,0.8109672185951211,0.02740908393307787,0.7242678434396496,4.830602428411673e-17,0.9324234236576117,0.5000003994012218,0.04429421118355689,0.0,0.802734375,True,True,False,True,False,True,False,True,True,True,False,True
362,qpeexact_6_Mutant_Add_sx_P21_Q3_[].qasm,PureState_21,0.0046059453455235926,0.0,0.019661071925058903,0.953839387281793,0.019653159457491493,0.8096934589572333,4.640385298237959e-17,0.9939393820619835,0.5000000000000084,0.002400355871624718,0.0,1.32861328125,True,True,False,True,False,True,False,True,True,True,False,True
363,qpeexact_6_Mutant_Add_sx_P21_Q3_[].qasm,Quratest_21,0.0004974685578873764,0.0,0.022675273020665777,0.8503393821007182,0.022670834190524153,0.7552074065477891,8.382238046028556e-17,0.9593081437360055,0.5178304282641795,0.0042568521534571,0.0,0.68359375,True,True,False,True,False,True,False,True,True,True,False,True
364,qpeexact_6_Mutant_Add_sx_P21_Q3_[].qasm,PureState_22,0.034909671914556684,0.0,0.01346870524324191,0.7896980118287473,0.013465774979716207,0.7128336553911236,5.160802341031001e-17,0.9275192055375946,0.7500000000000085,0.00723478369303003,0.0,0.328125,True,True,False,True,False,True,False,True,True,True,False,True
365,qpeexact_6_Mutant_Add_sx_P21_Q3_[].qasm,Quratest_22,0.0003127571442128854,0.0,0.028998445542227774,0.8593247684226663,0.028981902863715575,0.7585658441688174,1.037039377982385e-16,0.9770859880563436,0.5438000673874577,0.004826604867486603,0.0,0.76904296875,True,True,False,True,False,True,False,True,True,True,False,True
366,qpeexact_6_Mutant_Add_sx_P21_Q3_[].qasm,PureState_23,0.0001653644519525707,0.0,0.02237455384644205,0.9911468059393685,0.022343446019100457,0.8286196543456983,3.729655473350135e-17,0.9958937211130615,0.5000000000000089,4.0252887306838796e-05,0.0,0.07177734375,True,True,False,True,False,True,False,True,True,True,False,True
367,qpeexact_6_Mutant_Add_sx_P21_Q3_[].qasm,Quratest_23,6.587616129858056e-11,0.0,0.03255110681314442,0.817657794377195,0.032262546292103685,0.7273726687468318,8.573138096515999e-17,0.9286579377261996,0.6838635470182058,0.03953510352416774,0.0,0.552734375,True,True,False,True,False,True,False,True,True,True,False,True
368,qpeexact_6_Mutant_Add_sx_P21_Q3_[].qasm,PureState_24,0.4875403149351494,0.0,0.005522787751496343,0.998053884106943,0.00552274186579855,0.8321379446832969,1.5959455978986625e-16,0.9999953334468643,0.5000000000000087,3.6598155202109e-07,0.0,0.0810546875,False,True,False,True,False,True,False,True,True,True,False,True
369,qpeexact_6_Mutant_Add_sx_P21_Q3_[].qasm,Quratest_24,1.271562251522914e-05,0.0,0.030309717868377377,0.8576784140155642,0.030214606686949284,0.7617858573867907,6.949566519042633e-17,0.9724859358585383,0.5465033868858403,0.0033784427616475477,0.0,0.546875,True,True,False,True,False,True,False,True,True,True,False,True
370,qpeexact_6_Mutant_Add_sx_P21_Q3_[].qasm,PureState_25,0.0002440579243267013,0.0,0.020284886681718878,0.9895558521452079,0.0202326206325563,0.8283252775880325,1.444157293750692e-16,0.9993045785146725,0.8109296083845684,4.61340380231302e-06,0.0,0.63818359375,True,True,False,True,False,True,False,True,True,True,False,True
371,qpeexact_6_Mutant_Add_sx_P21_Q3_[].qasm,Quratest_25,0.0,0.0,0.03620575861843796,0.9667728579931969,0.03353174333827281,0.8164038256407768,6.246613876116289e-17,0.9923923086448827,0.6395729954441851,9.052935200539926e-05,0.0,0.546875,True,True,False,True,False,True,False,True,True,True,False,True
372,qpeexact_6_Mutant_Add_sx_P21_Q3_[].qasm,PureState_26,0.0,0.0,0.02847372700256813,0.9851604811134534,0.02791826006541669,0.8239332559314502,8.181660644118738e-17,0.9993045785146724,0.8109296083845682,1.205835644164927e-05,0.0,0.80517578125,True,True,False,True,False,True,False,True,True,True,False,True
373,qpeexact_6_Mutant_Add_sx_P21_Q3_[].qasm,Quratest_26,0.0,0.0,0.025804600231826787,0.9683392790703655,0.023862508027003584,0.8177267134113084,1.3248685849976847e-16,0.995751669472053,0.553757262613497,5.813266230575927e-05,0.0,0.8056640625,True,True,False,True,False,True,False,True,True,True,False,True
374,qpeexact_6_Mutant_Add_sx_P21_Q3_[].qasm,PureState_27,0.00045812573667449266,0.0,0.016715569064810004,0.5016792880681957,0.01669698118665301,0.463931296474057,4.683753385137379e-17,0.8984528369005413,0.7500000000000085,0.04113484014689085,0.0,0.560546875,True,True,False,True,False,True,False,True,True,True,False,True
375,qpeexact_6_Mutant_Add_sx_P21_Q3_[].qasm,Quratest_27,0.004465483093941405,0.0,0.02580153032027334,0.6364674902148167,0.025792501259454773,0.572527204610235,1.3271926316467137e-16,0.8967113623922627,0.5128903683810198,0.020957887185254515,0.0,0.65380859375,True,True,False,True,False,True,False,True,True,True,False,True
376,qpeexact_6_Mutant_Add_sx_P21_Q3_[].qasm,PureState_28,0.026743789704068564,0.0,0.0138787806950469,0.9788090168825553,0.013875389594151145,0.8228247656817587,2.6020852139652106e-17,0.9939803278342363,0.5000000000000087,0.00011466937674797671,0.0,0.6298828125,True,True,False,True,False,True,False,True,True,True,False,True
377,qpeexact_6_Mutant_Add_sx_P21_Q3_[].qasm,Quratest_28,0.0,0.0,0.026931210344253085,0.8941946410117012,0.024470551455716413,0.7774245006654514,9.57499807861654e-17,0.9662079561383403,0.5482055995989852,0.0021935498227453457,0.0,0.5517578125,True,True,False,True,False,True,False,True,True,True,False,True
378,qpeexact_6_Mutant_Add_sx_P21_Q3_[].qasm,PureState_29,,0.0,0.0,0.21314791788207102,0.0,0.17834680784951354,2.0355364171368308e-33,0.13283047847017118,1.000000000000011,0.8671695386860019,0.0,0.35205078125,False,True,False,True,False,True,False,True,False,True,False,True
379,qpeexact_6_Mutant_Add_sx_P21_Q3_[].qasm,Quratest_29,0.10733985570320101,0.0,0.023029082844631697,0.8503342719833277,0.023021756433580245,0.7501365666254979,8.184159391313138e-17,0.9746462737417879,0.5112362539196529,0.002244609964486575,0.0,0.4814453125,True,True,False,True,False,True,False,True,True,True,False,True
380,qpeexact_6_Mutant_Add_sx_P21_Q3_[].qasm,PureState_30,0.31314664991600466,0.0,0.006670247350977728,0.9734019124744844,0.0066702219189991125,0.8191560416361976,6.938893903907228e-17,0.994020996976713,0.5000000000000085,0.00046346051289807797,0.0,0.0810546875,True,True,False,True,False,True,False,True,True,True,False,True
381,qpeexact_6_Mutant_Add_sx_P21_Q3_[].qasm,Quratest_30,0.006011122001510983,0.0,0.019805798210706795,0.6461052481863916,0.019803724913225244,0.5897928816362206,1.9179536431268573e-16,0.777157027752585,0.5585129819646584,0.17118769187713812,0.0,0.7021484375,True,True,False,True,False,True,False,True,True,True,False,True
382,qpeexact_6_Mutant_Add_sx_P21_Q3_[].qasm,PureState_31,0.2660106112652556,0.0,0.006971867364162583,0.9518815393333161,0.006971739193174557,0.8094198230530213,7.632783294297951e-17,0.9940209969767122,0.5000000000000087,0.0025260422189668694,0.0,1.34326171875,True,True,False,True,False,True,False,True,True,True,False,True
383,qpeexact_6_Mutant_Add_sx_P21_Q3_[].qasm,Quratest_31,0.009726903089925621,0.0,0.025489569629315367,0.9088436893987973,0.02547792713577518,0.7830165989614011,1.3349408655317224e-16,0.9726649383306357,0.5678132736003069,0.0023622457061416796,0.0,0.357421875,True,True,False,True,False,True,False,True,True,True,False,True
384,qpeexact_6_Mutant_Add_z_P25_Q4_[].qasm,PureState_0,0.0,0.0,0.7331210695920832,0.4945581729398933,0.6811201543656002,0.45906703133667304,0.844623198620733,0.8984528369005411,3.320439706645765e-16,0.04128417744096315,0.14990234375,0.560546875,True,True,True,True,True,True,True,True,True,True,True,True
385,qpeexact_6_Mutant_Add_z_P25_Q4_[].qasm,Quratest_0,0.0,0.0,0.4625557785495863,0.7985033780398522,0.44798978115783583,0.7312837734864943,0.560842047754001,0.9658296303133477,0.2617034226233736,0.003996506708001434,0.77978515625,0.26708984375,True,True,True,True,True,True,True,True,True,True,True,True
386,qpeexact_6_Mutant_Add_z_P25_Q4_[].qasm,PureState_1,0.0,0.0,0.6439136233475783,0.9926947425698921,0.6076602364646696,0.8298790329305031,0.7762696487589354,0.9993046878843519,3.9565717424127483e-16,9.186004998134135e-07,0.0107421875,0.625,True,True,True,True,True,True,True,True,True,True,True,True
387,qpeexact_6_Mutant_Add_z_P25_Q4_[].qasm,Quratest_1,0.0,0.0,0.46408966774827387,0.7916239059698326,0.4450051346645464,0.7134584597061601,0.7570237225068641,0.9346534963342363,0.032402069359514424,0.020141033838164776,0.435546875,0.8740234375,True,True,True,True,True,True,True,True,True,True,True,True
388,qpeexact_6_Mutant_Add_z_P25_Q4_[].qasm,PureState_2,0.0,0.0,0.8404861852036124,0.987412211821973,0.7536144306942983,0.8277391346883506,0.9209228812630899,0.999304578514672,3.9913444173480687e-16,4.612078187654643e-06,0.0380859375,0.63818359375,True,True,True,True,True,True,True,True,True,True,True,True
389,qpeexact_6_Mutant_Add_z_P25_Q4_[].qasm,Quratest_2,0.0,0.0,0.42448617012175704,0.8175553549323469,0.40441469621753623,0.725561502369793,0.7489839993747223,0.9358433433434523,3.9985372831302894e-16,0.03524853278036929,0.0625,0.6708984375,True,True,True,True,True,True,True,True,True,True,True,True
390,qpeexact_6_Mutant_Add_z_P25_Q4_[].qasm,PureState_3,0.0,0.0,0.39471241810953867,0.9120104023335363,0.3777439577292318,0.7919473707635925,0.46193976625564315,0.9951687180562212,3.707079570376964e-16,0.00042312881896094517,0.66015625,0.98828125,True,True,True,True,True,True,True,True,True,True,True,True
391,qpeexact_6_Mutant_Add_z_P25_Q4_[].qasm,Quratest_3,0.0,0.0,0.379594680275866,0.9084725000739085,0.3618290596070656,0.7840200860990717,0.4069720514678642,0.9767004704765939,0.23592859104657313,0.0028938594349000113,0.23828125,0.5126953125,True,True,True,True,True,True,True,True,True,True,True,True
392,qpeexact_6_Mutant_Add_z_P25_Q4_[].qasm,PureState_4,0.0,0.0,0.7292881900646301,0.8574754709551861,0.6784888781823046,0.7657531605609106,0.8446231986207331,0.9817123933691314,2.788379386027972e-16,0.001920498372045794,0.14990234375,0.71044921875,True,True,True,True,True,True,True,True,True,True,True,True
393,qpeexact_6_Mutant_Add_z_P25_Q4_[].qasm,Quratest_4,2.0485850991530927e-14,0.0,0.04033190646797023,0.9037258530940787,0.04030641291769527,0.7822477703502807,0.07731166756700113,0.9745090199773004,0.9865232671582091,0.0018756964171735351,0.02392578125,0.642578125,True,True,False,True,False,True,True,True,True,True,True,True
394,qpeexact_6_Mutant_Add_z_P25_Q4_[].qasm,PureState_5,0.0,0.0,0.8486776528207891,0.9471304561209316,0.7587180188134849,0.8083553088021137,0.92092288126309,0.9993045785146721,3.944085588387819e-16,0.00027788747031899815,0.0380859375,0.67626953125,True,True,True,True,True,True,True,True,True,True,True,True
395,qpeexact_6_Mutant_Add_z_P25_Q4_[].qasm,Quratest_5,0.0,0.0,0.4841679983978525,0.860854922937552,0.45858324827232166,0.7615334070482389,0.6296486731820764,0.9565595274958506,0.0324020693595143,0.013149256401743773,0.03759765625,0.68701171875,True,True,True,True,True,True,True,True,True,True,True,True
396,qpeexact_6_Mutant_Add_z_P25_Q4_[].qasm,PureState_6,0.0,0.0,0.4752495401742637,0.994684696429684,0.4586252918252999,0.8308069072902062,0.57984590916216,0.9998110891985663,3.9445976412303196e-16,5.305763556613864e-06,1.0185546875,1.173828125,True,True,True,True,True,True,True,True,True,True,True,True
397,qpeexact_6_Mutant_Add_z_P25_Q4_[].qasm,Quratest_6,0.0,0.0,0.7216026822327418,0.6203216908210282,0.6471197214607891,0.5478020145112088,0.9393284701049897,0.6631331015515295,3.7961704455067916e-16,0.27672926221309013,0.47314453125,0.4072265625,True,True,True,True,True,True,True,True,True,True,True,True
398,qpeexact_6_Mutant_Add_z_P25_Q4_[].qasm,PureState_7,0.0,0.0,0.4703503393895413,0.9956192446651132,0.4538300715141865,0.8312081605094761,0.57984590916216,0.9998110891985663,3.9266462229521576e-16,5.285054858951752e-06,1.0185546875,1.173828125,True,True,True,True,True,True,True,True,True,True,True,True
399,qpeexact_6_Mutant_Add_z_P25_Q4_[].qasm,Quratest_7,0.0,0.0,0.4210249076680134,0.9185495550908622,0.40740665588785135,0.7917273756732539,0.5467279936491423,0.9892623889799368,0.006489814773106734,0.00041849411566766836,0.01123046875,0.65185546875,True,True,True,True,True,True,True,True,True,True,True,True
400,qpeexact_6_Mutant_Add_z_P25_Q4_[].qasm,PureState_8,0.0,0.0,0.279819075897646,0.9932656195203314,0.2638164973470821,0.8304956702876073,0.2858770085573204,0.9998253413384675,3.978809305903151e-16,9.784571768007122e-07,0.345703125,0.45947265625,True,True,True,True,True,True,True,True,True,True,True,True
401,qpeexact_6_Mutant_Add_z_P25_Q4_[].qasm,Quratest_8,0.0,0.0,0.21760644734668028,0.9269495566203887,0.213465843190616,0.7931413134340373,0.2846407031811709,0.9800780927448899,0.0675161320840616,0.00046021367834771167,0.09130859375,0.583984375,True,True,True,True,True,True,True,True,True,True,True,True
402,qpeexact_6_Mutant_Add_z_P25_Q4_[].qasm,PureState_9,0.0,0.0,0.7275591396145537,0.954901176197313,0.6771232125526955,0.810917324396995,0.8446231986207328,0.9939803278342358,3.990744729339995e-16,0.0024252216487640347,0.0009765625,0.630859375,True,True,True,True,True,True,True,True,True,True,True,True
403,qpeexact_6_Mutant_Add_z_P25_Q4_[].qasm,Quratest_9,0.0,0.0,0.4329181416026983,0.8526729658293243,0.41503021704205384,0.7510477399868478,0.45063324993439907,0.9627906781058412,0.04816200971352162,0.0034474111558904837,0.43212890625,0.85107421875,True,True,True,True,True,True,True,True,True,True,True,True
404,qpeexact_6_Mutant_Add_z_P25_Q4_[].qasm,PureState_10,0.0,0.0,0.541373615847768,0.9527191150344488,0.5261214624239219,0.8101669641235852,0.7071067811865474,0.9940209969767128,3.983574610822244e-16,0.002520613705040549,1.42431640625,1.34326171875,True,True,True,True,True,True,True,True,True,True,True,True
405,qpeexact_6_Mutant_Add_z_P25_Q4_[].qasm,Quratest_10,0.0,0.0,0.37377480222583526,0.8145306820175079,0.35802599608896635,0.7326408879234574,0.6090953465919948,0.9554030226230762,0.0085374503906287,0.010359058223781595,0.19921875,0.5380859375,True,True,True,True,True,True,True,True,True,True,True,True
406,qpeexact_6_Mutant_Add_z_P25_Q4_[].qasm,PureState_11,0.0,0.0,0.4732260278769458,0.9876850075421753,0.45681600579192255,0.8284766219012037,0.57984590916216,0.9970910946111147,4.050869252411276e-16,3.207633012613416e-05,1.0185546875,0.1552734375,True,True,True,True,True,True,True,True,True,True,True,True
407,qpeexact_6_Mutant_Add_z_P25_Q4_[].qasm,Quratest_11,0.0,0.0,0.6281255556060285,0.9088474741851249,0.5957415656781501,0.7891393885985601,0.815266058062769,0.9810372167160273,3.931534544826355e-16,0.0008667176202174952,0.14501953125,0.5869140625,True,True,True,True,True,True,True,True,True,True,True,True
408,qpeexact_6_Mutant_Add_z_P25_Q4_[].qasm,PureState_12,0.20766782590951274,0.0,0.004454971274486489,0.989962634103937,0.004454963904015345,0.8307663935136339,1.3877787807814457e-16,0.9999953649742834,1.45908126169712e-16,2.3175595688549416e-06,0.0,0.63525390625,True,True,False,True,False,True,False,True,True,True,False,True
409,qpeexact_6_Mutant_Add_z_P25_Q4_[].qasm,Quratest_12,0.0,0.0,0.46531496630037256,0.8848692822631984,0.4405202296124478,0.7750425966271466,0.5227895841634462,0.9681780406999935,0.07352397025132495,0.00626573896391385,0.79052734375,1.046875,True,True,True,True,True,True,True,True,True,True,True,True
410,qpeexact_6_Mutant_Add_z_P25_Q4_[].qasm,PureState_13,0.0,0.0,0.5454858124031424,0.9987146506806971,0.5298225311356252,0.8323295805800264,0.7071067811865472,0.9999953334468642,3.9417410154202e-16,3.6174454315983705e-07,1.42431640625,0.0810546875,True,True,True,True,True,True,True,True,True,True,True,True
411,qpeexact_6_Mutant_Add_z_P25_Q4_[].qasm,Quratest_13,0.0,0.0,0.31239877873519195,0.9554470145078138,0.2950680708700466,0.8127808926603597,0.3223857522551178,0.9884865990543081,0.11485453761151125,0.0002508206370934132,0.24658203125,0.51025390625,True,True,True,True,True,True,True,True,True,True,True,True
412,qpeexact_6_Mutant_Add_z_P25_Q4_[].qasm,PureState_14,0.0,0.0,0.39873196396511684,0.987506285884543,0.38051235186071347,0.8287914514438899,0.46193976625564315,0.9970919135932026,3.9285622982152064e-16,3.721257222349697e-05,0.00830078125,0.66748046875,True,True,True,True,True,True,True,True,True,True,True,True
413,qpeexact_6_Mutant_Add_z_P25_Q4_[].qasm,Quratest_14,0.0,0.0,0.3704657167024241,0.8524566185247475,0.3571116167000649,0.7497877691880287,0.47416747857961794,0.9618199665961505,0.060484487074708194,0.002807336434399859,0.1376953125,0.56494140625,True,True,True,True,True,True,True,True,True,True,True,True
414,qpeexact_6_Mutant_Add_z_P25_Q4_[].qasm,PureState_15,0.0,0.0,0.646034639979114,0.9934497514622269,0.6065074761640145,0.8302354302269325,0.7762696487589353,0.9991611559916178,4.1524162868556527e-16,9.227495853492614e-06,1.01953125,1.15478515625,True,True,True,True,True,True,True,True,True,True,True,True
415,qpeexact_6_Mutant_Add_z_P25_Q4_[].qasm,Quratest_15,0.0,0.0,0.42759852873693804,0.9797851434657593,0.4124277223232414,0.8219823646749497,0.6304526566163258,0.9932245941506317,0.04702563994165537,8.563441003941184e-05,0.39892578125,0.85498046875,True,True,True,True,True,True,True,True,True,True,True,True
416,qpeexact_6_Mutant_Add_z_P25_Q4_[].qasm,PureState_16,0.0,0.0,0.28989930679469395,0.9822191599787587,0.27479162249154304,0.8234044387979241,0.28587700855732034,0.9939393820619828,4.059124585457097e-16,0.00010469947707782692,0.19384765625,0.73486328125,True,True,True,True,True,True,True,True,True,True,True,True
417,qpeexact_6_Mutant_Add_z_P25_Q4_[].qasm,Quratest_16,0.0,0.0,0.44834339937374434,0.8859350279577726,0.4234982593970107,0.7677632111642444,0.686392681915729,0.9694842860888908,0.04406020183699907,0.002096042198528582,0.158203125,0.5556640625,True,True,True,True,True,True,True,True,True,True,True,True
418,qpeexact_6_Mutant_Add_z_P25_Q4_[].qasm,PureState_17,0.0,0.0,1.0,1.0,0.8325546111576977,0.8325546111576977,0.9999999999999996,0.9999953956785445,3.996805325726166e-16,4.60438728322231e-06,2.0,1.64794921875,True,True,True,True,True,True,True,True,True,True,True,True
419,qpeexact_6_Mutant_Add_z_P25_Q4_[].qasm,Quratest_17,0.0,0.0,0.5246058271846732,0.843539951799081,0.5034011702136431,0.7522985030308874,0.7094907382922179,0.9627185573652499,0.0917693573937539,0.005831585675384659,0.04931640625,0.67431640625,True,True,True,True,True,True,True,True,True,True,True,True
420,qpeexact_6_Mutant_Add_z_P25_Q4_[].qasm,PureState_18,0.0,0.0,0.6468772406639975,0.9757579559634789,0.6084554271558875,0.8187931754950576,0.7762696487589352,0.9993045785146721,3.699964779952095e-16,4.868978101498399e-05,0.0107421875,0.6357421875,True,True,True,True,True,True,True,True,True,True,True,True
421,qpeexact_6_Mutant_Add_z_P25_Q4_[].qasm,Quratest_18,0.0,0.0,0.23697540894447813,0.9229006118986532,0.23303488637102232,0.7969278006569197,0.4770404029633229,0.9845081983032278,0.04413740628352087,0.0006661211072498014,0.5078125,0.40234375,True,True,True,True,True,True,True,True,True,True,True,True
422,qpeexact_6_Mutant_Add_z_P25_Q4_[].qasm,PureState_19,0.0,0.0,0.7317006310739084,0.9821114061842241,0.6802093375948822,0.824358036231127,0.8446231986207327,0.9939803278342358,3.9950594979708535e-16,0.00011512358936485652,0.0009765625,0.6298828125,True,True,True,True,True,True,True,True,True,True,True,True
423,qpeexact_6_Mutant_Add_z_P25_Q4_[].qasm,Quratest_19,0.0,0.0,0.16076272739160316,0.9027898473635241,0.16001077203822547,0.7866130766956814,0.3188690463435997,0.9758564478799412,0.8035827795502896,0.006752906809843396,0.32958984375,0.478515625,True,True,True,True,True,True,True,True,True,True,True,True
424,qpeexact_6_Mutant_Add_z_P25_Q4_[].qasm,PureState_20,0.0,0.0,0.2922764367751767,0.9852418566155884,0.27502764147827663,0.8240503381184864,0.2858770085573203,0.9939393820619828,4.832057567472922e-16,0.00010447400359555685,0.19384765625,0.73486328125,True,True,True,True,True,True,True,True,True,True,True,True
425,qpeexact_6_Mutant_Add_z_P25_Q4_[].qasm,Quratest_20,0.0,0.0,0.6294192018911389,0.8147571520395878,0.5888747959298272,0.7265193242991592,0.7250072001168061,0.9324234236607122,0.0033408618027609555,0.0442942112205424,0.33447265625,0.802734375,True,True,True,True,True,True,True,True,True,True,True,True
426,qpeexact_6_Mutant_Add_z_P25_Q4_[].qasm,PureState_21,0.0,0.0,0.8494973716782328,0.9504982165283711,0.7598228647083239,0.8073794933966297,0.9209228812630897,0.9939393820619832,3.9998239288074653e-16,0.002400355868533858,1.400390625,1.32861328125,True,True,True,True,True,True,True,True,True,True,True,True
427,qpeexact_6_Mutant_Add_z_P25_Q4_[].qasm,Quratest_21,0.0,0.0,0.43149061308473385,0.8427487966473546,0.41785896272701367,0.7512212806486813,0.7018880078753478,0.9593081437363573,0.0062273288271150855,0.004256852151378421,0.10546875,0.68359375,True,True,True,True,True,True,True,True,True,True,True,True
428,qpeexact_6_Mutant_Add_z_P25_Q4_[].qasm,PureState_22,0.0,0.0,0.39013758816703964,0.7949748566472098,0.37356572000281796,0.7143001946161128,0.4619397662556432,0.9275192055379465,3.5541458997480083e-16,0.007234783548045184,0.66015625,0.328125,True,True,True,True,True,True,True,True,True,True,True,True
429,qpeexact_6_Mutant_Add_z_P25_Q4_[].qasm,Quratest_22,0.0,0.0,0.2284772343864049,0.8611729776815988,0.2261427717581616,0.7583116662184177,0.28536165431546334,0.9770859880567582,0.7082843343640289,0.0048266048566203805,0.2255859375,0.76904296875,True,True,True,True,True,True,True,True,True,True,True,True
430,qpeexact_6_Mutant_Add_z_P25_Q4_[].qasm,PureState_23,0.0,0.0,0.849322970458778,0.9871401955711564,0.7594954821175827,0.827721173107822,0.92092288126309,0.9958937211130823,3.9773499776645443e-16,4.0252886905925146e-05,1.400390625,0.07177734375,True,True,True,True,True,True,True,True,True,True,True,True
431,qpeexact_6_Mutant_Add_z_P25_Q4_[].qasm,Quratest_23,0.0,0.0,0.46698986670400716,0.8174891781845144,0.4514060926554801,0.7273731878469495,0.6815870525571522,0.9286579377296474,3.9683240319810447e-16,0.03953510371698944,0.1923828125,0.552734375,True,True,True,True,True,True,True,True,True,True,True,True
432,qpeexact_6_Mutant_Add_z_P25_Q4_[].qasm,PureState_24,0.0,0.0,0.5417533492423761,0.998053884106943,0.5264639763454733,0.832137944683297,0.7071067811865474,0.9999953334468641,3.875511577612566e-16,3.659815603317232e-07,1.42431640625,0.0810546875,True,True,True,True,True,True,True,True,True,True,True,True
433,qpeexact_6_Mutant_Add_z_P25_Q4_[].qasm,Quratest_24,0.0,0.0,0.6393479465426197,0.8558336367310994,0.5988107065137797,0.7613791903771095,0.7693745077317039,0.9724859358620257,0.09652809427304747,0.0033784427818076483,0.23095703125,0.546875,True,True,True,True,True,True,True,True,True,True,True,True
434,qpeexact_6_Mutant_Add_z_P25_Q4_[].qasm,PureState_25,0.0,0.0,0.8452190913938906,0.991335944352375,0.7564434589084015,0.8295926559944693,0.9209228812630901,0.9993045785146722,3.9650342275638927e-16,4.613403769675795e-06,0.0380859375,0.63818359375,True,True,True,True,True,True,True,True,True,True,True,True
435,qpeexact_6_Mutant_Add_z_P25_Q4_[].qasm,Quratest_25,0.0,0.0,0.18263251702810118,0.9697521857881415,0.17911474234919023,0.817977843826676,0.19683614454883447,0.9923923086453015,0.7925085862865808,9.052935250882785e-05,0.1923828125,0.546875,True,True,True,True,True,True,True,True,True,True,True,True
436,qpeexact_6_Mutant_Add_z_P25_Q4_[].qasm,PureState_26,0.0,0.0,0.27924598547395474,0.984320594158059,0.2625932196521457,0.8236263423785648,0.28587700855732046,0.999304578514672,3.666657776927935e-16,1.2058356013125029e-05,0.345703125,0.80517578125,True,True,True,True,True,True,True,True,True,True,True,True
437,qpeexact_6_Mutant_Add_z_P25_Q4_[].qasm,Quratest_26,0.0,0.0,0.2937711558490606,0.9704218341632345,0.2883657550795933,0.8191154438746228,0.40437449833852596,0.9957516694721018,0.47236803813758443,5.8132662792718677e-05,0.34130859375,0.8056640625,True,True,True,True,True,True,True,True,True,True,True,True
438,qpeexact_6_Mutant_Add_z_P25_Q4_[].qasm,PureState_27,0.0,0.0,0.7428241520614569,0.5039113500072588,0.6881482481145199,0.465945951904952,0.8446231986207331,0.8984528369005411,3.0516154399262327e-16,0.04113484029183537,0.14990234375,0.560546875,True,True,True,True,True,True,True,True,True,True,True,True
439,qpeexact_6_Mutant_Add_z_P25_Q4_[].qasm,Quratest_27,0.0,0.0,0.358223524374666,0.6324928523603945,0.351830846873384,0.571692997327734,0.4673897705431782,0.896711362392284,0.35661120226175297,0.02095788721415197,0.05224609375,0.65380859375,True,True,True,True,True,True,True,True,True,True,True,True
440,qpeexact_6_Mutant_Add_z_P25_Q4_[].qasm,PureState_28,0.0,0.0,0.740427638791688,0.9820092074657134,0.6869062173768717,0.8239130789178594,0.8446231986207328,0.9939803278342358,3.9927102416048253e-16,0.00011466937495755335,0.0009765625,0.6298828125,True,True,True,True,True,True,True,True,True,True,True,True
441,qpeexact_6_Mutant_Add_z_P25_Q4_[].qasm,Quratest_28,0.0,0.0,0.2751750281979235,0.8923729713713098,0.2693152457283587,0.7774108133679221,0.3204567784163198,0.9662079561417839,0.1651717744587644,0.002193549815834298,0.2568359375,0.5517578125,True,True,True,True,True,True,True,True,True,True,True,True
442,qpeexact_6_Mutant_Add_z_P25_Q4_[].qasm,PureState_29,0.0,0.0,1.0,0.20438314414011916,0.8325546111576977,0.1709446020440652,0.9999999999999998,0.13283047846710114,9.992020018227532e-17,0.8671695386890714,2.0,0.35205078125,True,True,True,True,True,True,True,True,True,True,True,True
443,qpeexact_6_Mutant_Add_z_P25_Q4_[].qasm,Quratest_29,0.0,0.0,0.3628688880341669,0.8511832878529132,0.35492077674561745,0.7505678795008612,0.4199397795811697,0.9746462737421818,0.009615602908108206,0.0022446099706200785,0.3271484375,0.4814453125,True,True,True,True,True,True,True,True,True,True,True,True
444,qpeexact_6_Mutant_Add_z_P25_Q4_[].qasm,PureState_30,0.0,0.0,0.5490130277533075,0.9691174670309204,0.5330476790266879,0.8177958972676206,0.7071067811865472,0.9940209969767126,3.9181416959124116e-16,0.00046346050223070175,1.42431640625,0.0810546875,True,True,True,True,True,True,True,True,True,True,True,True
445,qpeexact_6_Mutant_Add_z_P25_Q4_[].qasm,Quratest_30,8.760336758256855e-122,0.0,0.08730150553771937,0.6538635455556956,0.08717851376068127,0.5942111039818174,0.11071906309673345,0.7771570277556548,0.8708094572414405,0.17118769212861037,0.06005859375,0.7021484375,True,True,False,True,False,True,True,True,True,True,True,True
446,qpeexact_6_Mutant_Add_z_P25_Q4_[].qasm,PureState_31,0.0,0.0,0.545921712660195,0.9547487157884547,0.5302562996790277,0.8119687705486527,0.7071067811865472,0.9940209969767122,3.898736308331959e-16,0.002526042229634234,1.42431640625,1.34326171875,True,True,True,True,True,True,True,True,True,True,True,True
447,qpeexact_6_Mutant_Add_z_P25_Q4_[].qasm,Quratest_31,0.0,0.0,0.5262132803986622,0.9176117615679491,0.49557893041858664,0.7861935395061906,0.7389953071441404,0.9726649383337523,0.0014964755769678682,0.0023622457152169363,0.5810546875,0.357421875,True,True,True,True,True,True,True,True,True,True,True,True
448,qpeexact_6_Mutant_Remove_cp_P13_Q1.qasm,PureState_0,0.3611712518938868,0.0,0.009864027013264866,0.5079775176859703,0.009863245932543094,0.4687342108153683,2.1190371084225525e-33,0.8984528369005427,1.0000000000000093,0.04128417729592966,0.0,0.560546875,False,True,False,True,False,True,False,True,False,True,False,True
449,qpeexact_6_Mutant_Remove_cp_P13_Q1.qasm,Quratest_0,2.041332658025808e-65,0.0,0.10238451110856317,0.8053321538479332,0.09328648966102936,0.7358674903320607,0.021913779698665977,0.9658296303129552,0.9393454153373727,0.003996506725882315,0.01123046875,0.26708984375,True,True,False,True,False,True,True,True,True,True,True,True
450,qpeexact_6_Mutant_Remove_cp_P13_Q1.qasm,PureState_1,0.0,0.0,0.5468532583495211,0.9963841223396379,0.4696575927956277,0.8305943466115381,0.5,0.9993046878843515,0.5000000000000084,9.186005078433225e-07,0.50439453125,0.625,True,True,True,True,True,True,True,True,True,True,True,True
451,qpeexact_6_Mutant_Remove_cp_P13_Q1.qasm,Quratest_1,0.0,0.0,0.27359484792908867,0.7901780277846804,0.2625388426009728,0.7124400778420432,0.19475198962735535,0.9346534963338621,0.752532427577227,0.02014103391105214,0.1083984375,0.8740234375,True,True,True,True,True,True,True,True,True,True,True,True
452,qpeexact_6_Mutant_Remove_cp_P13_Q1.qasm,PureState_2,0.0,0.0,0.5423603940293587,0.9883941366294674,0.4656048280232867,0.827668542153616,0.5,0.9993045785146741,0.5000000000000082,4.61207822021774e-06,0.69775390625,0.63818359375,True,True,True,True,True,True,True,True,True,True,True,True
453,qpeexact_6_Mutant_Remove_cp_P13_Q1.qasm,Quratest_2,0.0,0.0,0.17315582339043983,0.816279480903842,0.17226832659538427,0.7243421495765842,0.20153978470607542,0.935843343343079,0.5027428195553567,0.03524853283507088,0.12353515625,0.6708984375,True,True,True,True,True,True,True,True,True,True,True,True
454,qpeexact_6_Mutant_Remove_cp_P13_Q1.qasm,PureState_3,0.05820431188930232,0.0,0.013761959991980821,0.9126003536406772,0.013738684408929806,0.7913753941696602,2.1758428264634487e-33,0.9951687180558708,1.000000000000011,0.0004231288004817585,0.0,0.98828125,True,True,False,True,False,True,False,True,False,True,False,True
455,qpeexact_6_Mutant_Remove_cp_P13_Q1.qasm,Quratest_3,0.0013225299438378827,0.0,0.021901626624575267,0.9084862982747336,0.021894483674022993,0.7856739006628898,3.638685066438308e-29,0.9767004704731104,1.000000000000011,0.0028938594843718754,0.0,0.5126953125,True,True,False,True,False,True,False,True,False,True,False,True
456,qpeexact_6_Mutant_Remove_cp_P13_Q1.qasm,PureState_4,0.05960396010348828,0.0,0.01310312409424441,0.8637071569541585,0.013102533314676937,0.7676211237743479,2.1972217752919105e-33,0.981712393368781,1.000000000000011,0.0019204983906613174,0.0,0.71044921875,True,True,False,True,False,True,False,True,False,True,False,True
457,qpeexact_6_Mutant_Remove_cp_P13_Q1.qasm,Quratest_4,1.44921805766803e-34,0.0,0.05529883140858236,0.9003836174843398,0.05526232070579719,0.7818754815729552,0.23820518653420836,0.9745090199768871,0.6108373457771937,0.0018756964009356736,0.01318359375,0.642578125,True,True,False,True,False,True,True,True,True,True,True,True
458,qpeexact_6_Mutant_Remove_cp_P13_Q1.qasm,PureState_5,0.0,0.0,0.5407965891737981,0.9524729423533478,0.46416384511537634,0.8105583001948554,0.5000000000000001,0.9993045785146742,0.5000000000000089,0.00027788746988978137,0.6875,0.67626953125,True,True,True,True,True,True,True,True,True,True,True,True
459,qpeexact_6_Mutant_Remove_cp_P13_Q1.qasm,Quratest_5,5.0014923376578956e-76,0.0,0.06785373906885755,0.8615930896745908,0.06769651580383615,0.7604354896668762,0.06209460819356151,0.9565595274927375,0.6284242134760094,0.013149256448814744,0.02783203125,0.68701171875,True,True,False,True,False,True,True,True,True,True,True,True
460,qpeexact_6_Mutant_Remove_cp_P13_Q1.qasm,PureState_6,0.0,0.0,0.544459049714949,0.9938185905523715,0.46750636179701804,0.8304543901116149,0.4999999999999999,0.9998110891985466,0.5000000000000084,5.305763429374778e-06,0.001953125,1.173828125,True,True,True,True,True,True,True,True,True,True,True,True
461,qpeexact_6_Mutant_Remove_cp_P13_Q1.qasm,Quratest_6,0.0,0.0,0.20172231010627512,0.6214319618068548,0.19544665509009862,0.5480522671527209,0.15784591209574497,0.6631331015514844,0.5794868782206194,0.2767292622067438,0.193359375,0.4072265625,True,True,True,True,True,True,True,True,True,True,True,True
462,qpeexact_6_Mutant_Remove_cp_P13_Q1.qasm,PureState_7,0.0,0.0,0.5427107093972088,0.9955580211412631,0.4658880480028314,0.8312224015646564,0.4999999999999998,0.9998110891985466,0.5000000000000084,5.285054733189137e-06,0.00048828125,1.173828125,True,True,True,True,True,True,True,True,True,True,True,True
463,qpeexact_6_Mutant_Remove_cp_P13_Q1.qasm,Quratest_7,1.0489162199711875e-88,0.0,0.09447006403249886,0.9192628412575613,0.09252878263087336,0.7926047254897872,0.04318048148592463,0.9892623889795186,0.6973572883918134,0.00041849410263261854,0.05126953125,0.65185546875,True,True,False,True,False,True,True,True,True,True,True,True
464,qpeexact_6_Mutant_Remove_cp_P13_Q1.qasm,PureState_8,0.0,0.0,0.5403841542057368,0.9934989449794825,0.4637547994351179,0.8305973295290077,0.49999999999999994,0.999825341338467,0.500000000000009,9.784571443538552e-07,0.10302734375,0.45947265625,True,True,True,True,True,True,True,True,True,True,True,True
465,qpeexact_6_Mutant_Remove_cp_P13_Q1.qasm,Quratest_8,9.232909313617896e-179,0.0,0.10911640673691728,0.9291835534684149,0.10872904727848086,0.7937843775057257,0.12769239568561946,0.9800780927444949,0.9209585626458098,0.0004602136812967183,0.0185546875,0.583984375,True,True,False,True,False,True,True,True,True,True,True,True
466,qpeexact_6_Mutant_Remove_cp_P13_Q1.qasm,PureState_9,0.0029382488807412786,0.0,0.016806158330431725,0.9506408057290416,0.016802118411858708,0.8083874952483524,1.8746997283273213e-33,0.9939803278342375,1.000000000000011,0.002425221654555295,0.0,0.630859375,True,True,False,True,False,True,False,True,False,True,False,True
467,qpeexact_6_Mutant_Remove_cp_P13_Q1.qasm,Quratest_9,2.9922120961752766e-232,0.0,0.1402652691444208,0.8506226118697107,0.13678664986871686,0.7504881627491583,0.06806517649256272,0.9627906781054878,0.7974382260018548,0.0034474111874087934,0.01611328125,0.85107421875,True,True,True,True,True,True,True,True,True,True,True,True
468,qpeexact_6_Mutant_Remove_cp_P13_Q1.qasm,PureState_10,0.40416082714753565,0.0,0.006039003180359895,0.951619870261651,0.0060389824986394015,0.8096229616633204,1.8746997283273217e-33,0.9940209969767144,1.000000000000011,0.0025206137156932916,0.0,1.34326171875,False,True,False,True,False,True,False,True,False,True,False,True
469,qpeexact_6_Mutant_Remove_cp_P13_Q1.qasm,Quratest_10,0.0,0.0,0.05724146656166064,0.8139742869894451,0.05153645470482327,0.7337077793329431,0.005464352523868227,0.9554030226227226,0.9929591823085447,0.010359058259604809,0.0048828125,0.5380859375,True,True,False,True,False,True,True,True,True,True,True,True
470,qpeexact_6_Mutant_Remove_cp_P13_Q1.qasm,PureState_11,0.0,0.0,0.5378824195379306,0.988958321732703,0.461532084426165,0.8287844080699839,0.4999999999999999,0.9970910946110949,0.5000000000000085,3.2076329532305065e-05,0.02197265625,0.1552734375,True,True,True,True,True,True,True,True,True,True,True,True
471,qpeexact_6_Mutant_Remove_cp_P13_Q1.qasm,Quratest_11,0.0,0.0,0.2017080475605267,0.910636120571081,0.20015639675381097,0.7890383058935566,0.2105704796412326,0.981037216715588,0.5004430722585252,0.0008667176228708224,0.13916015625,0.5869140625,True,True,True,True,True,True,True,True,True,True,True,True
472,qpeexact_6_Mutant_Remove_cp_P13_Q1.qasm,PureState_12,0.6891555209721119,0.0,0.0014142292321803456,1.0,0.001414228996440319,0.8325546111576978,1.356231452182487e-33,0.9999953649742825,1.000000000000012,2.3175595700595495e-06,0.0,0.63525390625,False,True,False,True,False,True,False,True,False,True,False,True
473,qpeexact_6_Mutant_Remove_cp_P13_Q1.qasm,Quratest_12,1.213916936117843e-272,0.0,0.13653633819231506,0.8875043651539715,0.1354697009755282,0.7764184648064527,0.1423590759810454,0.9681780406995961,0.6541619921202475,0.006265738973172481,0.07666015625,1.046875,True,True,True,True,True,True,True,True,True,True,True,True
474,qpeexact_6_Mutant_Remove_cp_P13_Q1.qasm,PureState_13,0.004063612530703849,0.0,0.012760458647195227,0.9977726599319818,0.01275981968596156,0.8319782425245625,1.9145969374965043e-33,0.9999953334468661,1.000000000000011,3.617445514882106e-07,0.0,0.0810546875,True,True,False,True,False,True,False,True,False,True,False,True
475,qpeexact_6_Mutant_Remove_cp_P13_Q1.qasm,Quratest_13,0.0,0.0,0.20934433188320845,0.9535228421451835,0.208306321915896,0.812292603894878,0.3106793605983286,0.988486599054242,0.7383010958040235,0.00025082063677819003,0.01708984375,0.51025390625,True,True,True,True,True,True,True,True,True,True,True,True
476,qpeexact_6_Mutant_Remove_cp_P13_Q1.qasm,PureState_14,0.0003035411366814189,0.0,0.018721434258293174,0.985748133410433,0.018694264574578314,0.8281795300470597,1.8746997283273227e-33,0.9970919135931828,1.000000000000011,3.721257042192006e-05,0.0,0.66748046875,True,True,False,True,False,True,False,True,False,True,False,True
477,qpeexact_6_Mutant_Remove_cp_P13_Q1.qasm,Quratest_14,1.0473953441324565e-255,0.0,0.1556932787767541,0.8598778021262572,0.14741552785804968,0.7524585473215499,0.15348788509130684,0.9618199665957579,0.6523247727480059,0.0028073364195834102,0.07470703125,0.56494140625,True,True,True,True,True,True,True,True,True,True,True,True
478,qpeexact_6_Mutant_Remove_cp_P13_Q1.qasm,PureState_15,0.0,0.0,0.5399722132443123,0.9919984286344046,0.46342314216807995,0.8293845547402384,0.4999999999999999,0.9991611559915982,0.5000000000000081,9.227495978640955e-06,0.00244140625,1.15478515625,True,True,True,True,True,True,True,True,True,True,True,True
479,qpeexact_6_Mutant_Remove_cp_P13_Q1.qasm,Quratest_15,0.0,0.0,0.4166067798527119,0.978925387706845,0.40557084109956065,0.8205182979044913,0.6654490082997785,0.9932245941506339,0.5049689182980898,8.563441044602819e-05,0.36376953125,0.85498046875,True,True,True,True,True,True,True,True,True,True,True,True
480,qpeexact_6_Mutant_Remove_cp_P13_Q1.qasm,PureState_16,0.0,0.0,0.5411761504119786,0.982843490924374,0.4645042966876354,0.8235918028717703,0.4999999999999998,0.993939382061984,0.5000000000000085,0.00010469947398327057,0.00732421875,0.73486328125,True,True,True,True,True,True,True,True,True,True,True,True
481,qpeexact_6_Mutant_Remove_cp_P13_Q1.qasm,Quratest_16,0.0007267427813879064,0.0,0.02829079716431895,0.8869606670960386,0.02827083616350024,0.768902989848753,0.002491527953334383,0.9694842860885167,0.9693987467439358,0.002096042188123617,0.00390625,0.5556640625,True,True,False,True,False,True,True,True,True,True,True,True
482,qpeexact_6_Mutant_Remove_cp_P13_Q1.qasm,PureState_17,,0.0,0.0,0.9913019176438181,0.0,0.8317333700469753,1.713743835002922e-33,0.9999953956785465,1.000000000000011,4.604387283200985e-06,0.0,1.64794921875,False,True,False,True,False,True,False,True,False,True,False,True
483,qpeexact_6_Mutant_Remove_cp_P13_Q1.qasm,Quratest_17,0.0,0.0,0.031900065768950284,0.8404454036201343,0.02961646582470281,0.7490893370891938,0.0005399825989935632,0.9627185573618029,0.9986395953776981,0.005831585682248358,0.00048828125,0.67431640625,True,True,False,True,False,True,True,True,True,True,True,True
484,qpeexact_6_Mutant_Remove_cp_P13_Q1.qasm,PureState_18,0.0,0.0,0.5464721227535799,0.9784868375680736,0.46929642157388235,0.819207513144941,0.5000000000000001,0.999304578514674,0.5000000000000089,4.8689780945229105e-05,0.51171875,0.6357421875,True,True,True,True,True,True,True,True,True,True,True,True
485,qpeexact_6_Mutant_Remove_cp_P13_Q1.qasm,Quratest_18,0.0,0.0,0.33601649064397443,0.9196581138027983,0.3271011751874819,0.79556276183653,0.2895345369204109,0.9845081982997186,0.6706081582456807,0.0006661211150110531,0.17578125,0.40234375,True,True,True,True,True,True,True,True,True,True,True,True
486,qpeexact_6_Mutant_Remove_cp_P13_Q1.qasm,PureState_19,0.2712879891365558,0.0,0.010354385143618599,0.9824249371221097,0.01035395304999066,0.8242919754527736,1.8746997283273224e-33,0.9939803278342374,1.0000000000000107,0.00011512359116802709,0.0,0.6298828125,True,True,False,True,False,True,False,True,False,True,False,True
487,qpeexact_6_Mutant_Remove_cp_P13_Q1.qasm,Quratest_19,0.0,0.0,0.19124462749198756,0.8976873176861114,0.19023750882653825,0.783310060228978,0.3565446164983531,0.9758564478798961,0.7989476065460339,0.006752906804965694,0.06689453125,0.478515625,True,True,True,True,True,True,True,True,True,True,True,True
488,qpeexact_6_Mutant_Remove_cp_P13_Q1.qasm,PureState_20,0.0,0.0,0.5395863611540069,0.9870410934370039,0.46306175638436187,0.8245084589574236,0.4999999999999999,0.993939382061984,0.5000000000000092,0.00010447400050529004,0.02685546875,0.73486328125,True,True,True,True,True,True,True,True,True,True,True,True
489,qpeexact_6_Mutant_Remove_cp_P13_Q1.qasm,Quratest_20,0.0,0.0,0.06152633335041109,0.8155540914496869,0.060954992124710144,0.7270529143055559,0.026391797690899995,0.9324234236576123,0.6812313869289514,0.044294211183556975,0.00439453125,0.802734375,True,True,False,True,False,True,True,True,True,True,True,True
490,qpeexact_6_Mutant_Remove_cp_P13_Q1.qasm,PureState_21,0.0,0.0,0.5418231280555251,0.9525659400259661,0.465089025108993,0.8087636423501045,0.5,0.9939393820619847,0.5000000000000085,0.0024003558716247262,0.041015625,1.32861328125,True,True,True,True,True,True,True,True,True,True,True,True
491,qpeexact_6_Mutant_Remove_cp_P13_Q1.qasm,Quratest_21,0.0007829299577381171,0.0,0.021603764356947573,0.8436130034463467,0.021599061470633295,0.7532390722963668,1.9060172007111483e-28,0.9593081437360065,1.000000000000011,0.004256852153457121,0.0,0.68359375,True,True,False,True,False,True,False,True,False,True,False,True
492,qpeexact_6_Mutant_Remove_cp_P13_Q1.qasm,PureState_22,0.06068628576942085,0.0,0.012790930576338925,0.7936175288120759,0.012789822340342,0.7162200444074681,2.0685070753306094e-33,0.9275192055375961,1.0000000000000098,0.007234783693030063,0.0,0.328125,True,True,False,True,False,True,False,True,False,True,False,True
493,qpeexact_6_Mutant_Remove_cp_P13_Q1.qasm,Quratest_22,2.8567809782857155e-155,0.0,0.10854005002052046,0.8605340773668384,0.10798545817479363,0.7584331238298984,0.08118519717224441,0.9770859880563447,0.6085473121749932,0.004826604867486642,0.0595703125,0.76904296875,True,True,False,True,False,True,True,True,True,True,True,True
494,qpeexact_6_Mutant_Remove_cp_P13_Q1.qasm,PureState_23,0.0,0.0,0.539418659929715,0.9882708861810471,0.4629143908642401,0.8283286125642092,0.4999999999999998,0.9958937211130626,0.500000000000009,4.0252887306839555e-05,0.0029296875,0.07177734375,True,True,True,True,True,True,True,True,True,True,True,True
495,qpeexact_6_Mutant_Remove_cp_P13_Q1.qasm,Quratest_23,3.172809256117632e-31,0.0,0.06186365650102645,0.818040488704925,0.06027542903748371,0.7281763113675177,0.017254567368702435,0.9286579377262008,0.9380815415151419,0.03953510352416781,0.005859375,0.552734375,True,True,False,True,False,True,True,True,True,True,True,True
496,qpeexact_6_Mutant_Remove_cp_P13_Q1.qasm,PureState_24,0.012663767437692408,0.0,0.011542454195070015,0.9969211751891038,0.01154183577245626,0.831649989353095,1.728671141719622e-33,0.9999953334468661,1.000000000000011,3.6598155202108267e-07,0.0,0.0810546875,True,True,False,True,False,True,False,True,False,True,False,True
497,qpeexact_6_Mutant_Remove_cp_P13_Q1.qasm,Quratest_24,9.037542807926658e-46,0.0,0.0626944337310624,0.8566891428324198,0.06042811702697427,0.7620474929079132,0.009970027017690416,0.9724859358585394,0.9739316354679909,0.0033784427616475664,0.0048828125,0.546875,True,True,False,True,False,True,True,True,True,True,True,True
498,qpeexact_6_Mutant_Remove_cp_P13_Q1.qasm,PureState_25,0.0,0.0,0.5459798415970963,0.9878233219524349,0.46887188314528694,0.8277904132974938,0.4999999999999999,0.9993045785146744,0.5000000000000079,4.6134038023130665e-06,0.72021484375,0.63818359375,True,True,True,True,True,True,True,True,True,True,True,True
499,qpeexact_6_Mutant_Remove_cp_P13_Q1.qasm,Quratest_25,0.0,0.0,0.08677000074443936,0.9634514509669352,0.08598414580350287,0.8152943959614214,0.1439110822249965,0.9923923086448843,0.9327784689682153,9.052935200540335e-05,0.017578125,0.546875,True,True,False,True,False,True,True,True,True,True,True,True
500,qpeexact_6_Mutant_Remove_cp_P13_Q1.qasm,PureState_26,0.0,0.0,0.5343195911873901,0.9899207865317571,0.45827389539956315,0.8249128301473325,0.5,0.9993045785146741,0.5000000000000089,1.2058356441649324e-05,0.04345703125,0.80517578125,True,True,True,True,True,True,True,True,True,True,True,True
501,qpeexact_6_Mutant_Remove_cp_P13_Q1.qasm,Quratest_26,0.0,0.0,0.2721868161191201,0.9711919516791448,0.2691443627607784,0.8192957769920248,0.39592642709826203,0.9957516694720538,0.6549546839579691,5.813266230576005e-05,0.21630859375,0.8056640625,True,True,True,True,True,True,True,True,True,True,True,True
502,qpeexact_6_Mutant_Remove_cp_P13_Q1.qasm,PureState_27,0.06233883374247486,0.0,0.0124998833129953,0.5014657926414617,0.012496445851493057,0.46428038846334513,2.560423645876772e-33,0.8984528369005427,1.0000000000000093,0.04113484014689105,0.0,0.560546875,True,True,False,True,False,True,False,True,False,True,False,True
503,qpeexact_6_Mutant_Remove_cp_P13_Q1.qasm,Quratest_27,9.079365277866454e-196,0.0,0.1117218101560655,0.6325692870847223,0.11127064158875376,0.5711784371599351,0.0816655796698672,0.8967113623922638,0.5337148102839134,0.020957887185254598,0.0537109375,0.65380859375,True,True,False,True,False,True,True,True,True,True,True,True
504,qpeexact_6_Mutant_Remove_cp_P13_Q1.qasm,PureState_28,0.007268897557398514,0.0,0.01556653507490136,0.9865536823278922,0.015564050928110206,0.8239876564421728,1.8746997283273217e-33,0.9939803278342375,1.000000000000011,0.00011466937674797719,0.0,0.6298828125,True,True,False,True,False,True,False,True,False,True,False,True
505,qpeexact_6_Mutant_Remove_cp_P13_Q1.qasm,Quratest_28,0.0,0.0,0.03064591397068944,0.894704668262879,0.028014116655147622,0.7785239333105953,0.00010774945503075108,0.9662079561383419,0.999744024078562,0.002193549822745341,0.00048828125,0.5517578125,True,True,False,True,False,True,True,True,True,True,True,True
506,qpeexact_6_Mutant_Remove_cp_P13_Q1.qasm,PureState_29,,0.0,0.0,0.20590976278474746,0.0,0.17223326586740634,1.8746997283273217e-33,0.13283047847017018,1.000000000000011,0.8671695386860042,0.0,0.35205078125,False,True,False,True,False,True,False,True,False,True,False,True
507,qpeexact_6_Mutant_Remove_cp_P13_Q1.qasm,Quratest_29,2.069327534139908e-52,0.0,0.06620616152855899,0.8460086999934054,0.06611199674792051,0.7471981514688538,0.06433726064318296,0.9746462737417889,0.9795557475296786,0.002244609964486575,0.0390625,0.4814453125,True,True,False,True,False,True,True,True,True,True,True,True
508,qpeexact_6_Mutant_Remove_cp_P13_Q1.qasm,PureState_30,0.14552870420943623,0.0,0.008212955788918312,0.9701664568101209,0.008212904595588896,0.8186216493325218,1.8746997283273213e-33,0.9940209969767143,1.000000000000011,0.00046346051289808036,0.0,0.0810546875,True,True,False,True,False,True,False,True,False,True,False,True
509,qpeexact_6_Mutant_Remove_cp_P13_Q1.qasm,Quratest_30,0.04191003862818334,0.0,0.018025981611132683,0.6523034372300135,0.018024777860788866,0.5936107280551484,6.890788862253319e-29,0.7771570277525858,1.0000000000000107,0.17118769187713836,0.0,0.7021484375,True,True,False,True,False,True,False,True,False,True,False,True
510,qpeexact_6_Mutant_Remove_cp_P13_Q1.qasm,PureState_31,0.19448608981906698,0.0,0.007791673179912528,0.9513608874819218,0.007791263298721173,0.8092042453545102,1.8746997283273213e-33,0.9940209969767133,1.000000000000011,0.002526042218966874,0.0,1.34326171875,True,True,False,True,False,True,False,True,False,True,False,True
511,qpeexact_6_Mutant_Remove_cp_P13_Q1.qasm,Quratest_31,1.1718642241322296e-247,0.0,0.0918449265643163,0.9129197592550894,0.09065683123724096,0.785523583575878,0.060001501660363665,0.9726649383306372,0.767298431478234,0.0023622457061416753,0.0126953125,0.357421875,True,True,False,True,False,True,True,True,True,True,True,True
512,qpeexact_6_Mutant_Remove_cp_P20_Q3.qasm,PureState_0,0.2645902662946638,0.0,0.010760349687029417,0.5007411814799458,0.010758248477138639,0.464672123797669,1.1796119636642288e-16,0.8984528369005427,0.6250000000000085,0.04128417729592961,0.0,0.560546875,True,True,False,True,False,True,False,True,True,True,False,True
513,qpeexact_6_Mutant_Remove_cp_P20_Q3.qasm,Quratest_0,2.9223822251783543e-40,0.0,0.06894918977777487,0.8034530561370272,0.06226144637372529,0.735098806484042,0.008999145592616793,0.9658296303129552,0.6451021615131352,0.003996506725882313,0.005859375,0.26708984375,True,True,False,True,False,True,True,True,True,True,True,True
514,qpeexact_6_Mutant_Remove_cp_P20_Q3.qasm,PureState_1,0.0,0.0,0.39223150502529686,0.9936319961569449,0.37544498267418464,0.829717083177084,0.3942902537373688,0.9993046878843512,0.5107233047033715,9.186005078434035e-07,0.09814453125,0.625,True,True,True,True,True,True,True,True,True,True,True,True
515,qpeexact_6_Mutant_Remove_cp_P20_Q3.qasm,Quratest_1,1.8513656923661108e-280,0.0,0.14614026659258494,0.7919557626459861,0.143774009480895,0.7129287208827164,0.11829747794640123,0.9346534963338626,0.5925294077840688,0.02014103391105224,0.0888671875,0.8740234375,True,True,True,True,True,True,True,True,True,True,True,True
516,qpeexact_6_Mutant_Remove_cp_P20_Q3.qasm,PureState_2,0.0,0.0,0.1660794650224619,0.990258680397778,0.15810935674703575,0.8285426904586132,0.06764951251827458,0.9993045785146739,0.8642766952966483,4.612078220217713e-06,0.03271484375,0.63818359375,True,True,True,True,True,True,True,True,True,True,True,True
517,qpeexact_6_Mutant_Remove_cp_P20_Q3.qasm,Quratest_2,2.990818524790986e-296,0.0,0.1534651808953508,0.8179174021207916,0.1505400808961747,0.725754484572887,0.12073692347300294,0.9358433433430788,0.6631144210192768,0.035248532835070845,0.0263671875,0.6708984375,True,True,True,True,True,True,True,True,True,True,True,True
518,qpeexact_6_Mutant_Remove_cp_P20_Q3.qasm,PureState_3,0.0004666917176579907,0.0,0.018197143841127462,0.9148876915571471,0.01819238955661984,0.7927686094569084,1.0213184464813453e-16,0.9951687180558706,0.6250000000000099,0.0004231288004817582,0.0,0.98828125,True,True,False,True,False,True,False,True,True,True,False,True
519,qpeexact_6_Mutant_Remove_cp_P20_Q3.qasm,Quratest_3,0.0,0.0,0.1592575350605999,0.9122886661232467,0.15610432230642274,0.7857033066299158,0.12100321491962912,0.9767004704731106,0.5379082760417181,0.0028938594843718815,0.02001953125,0.5126953125,True,True,True,True,True,True,True,True,True,True,True,True
520,qpeexact_6_Mutant_Remove_cp_P20_Q3.qasm,PureState_4,0.11548443420634448,0.0,0.012046567516658743,0.8614028054933469,0.012045648366835224,0.7670075296691365,2.25514051876985e-17,0.9817123933687808,0.6250000000000092,0.0019204983906613154,0.0,0.71044921875,True,True,False,True,False,True,False,True,True,True,False,True
521,qpeexact_6_Mutant_Remove_cp_P20_Q3.qasm,Quratest_4,5.212512873325241e-32,0.0,0.052925840895339304,0.9048803542606801,0.05285498278697717,0.7826521582441262,0.030267006956101992,0.9745090199768873,0.9695289729786364,0.001875696400935673,0.0009765625,0.642578125,True,True,False,True,False,True,True,True,True,True,True,True
522,qpeexact_6_Mutant_Remove_cp_P20_Q3.qasm,PureState_5,0.0,0.0,0.15909143787440316,0.9440424767912292,0.15266904645689774,0.80631375740987,0.06764951251827463,0.999304578514674,0.8642766952966479,0.00027788746988978067,0.03125,0.67626953125,True,True,True,True,True,True,True,True,True,True,True,True
523,qpeexact_6_Mutant_Remove_cp_P20_Q3.qasm,Quratest_5,0.0,0.0,0.1462227499890554,0.8577688560980979,0.1452590788052769,0.7595841371430736,0.11960795644945266,0.9565595274927375,0.5416119973346798,0.013149256448814735,0.0830078125,0.68701171875,True,True,True,True,True,True,True,True,True,True,True,True
524,qpeexact_6_Mutant_Remove_cp_P20_Q3.qasm,PureState_6,0.0,0.0,0.3807692098290285,0.9938914329826855,0.36297001090233316,0.8304073190176062,0.3266407412190941,0.9998110891985474,0.6250000000000099,5.305763429374901e-06,0.0419921875,1.173828125,True,True,True,True,True,True,True,True,True,True,True,True
525,qpeexact_6_Mutant_Remove_cp_P20_Q3.qasm,Quratest_6,0.0,0.0,0.15660045009414456,0.6223722009228809,0.15042260656782927,0.5486618066142953,0.06507273688653338,0.6631331015514849,0.9161837105734423,0.27672926220674404,0.02392578125,0.4072265625,True,True,True,True,True,True,True,True,True,True,True,True
526,qpeexact_6_Mutant_Remove_cp_P20_Q3.qasm,PureState_7,0.0,0.0,0.38729399827502575,0.9954266074187964,0.36925246088187474,0.8310096449372633,0.32664074121909403,0.9998110891985474,0.6250000000000089,5.285054733189221e-06,0.0419921875,1.173828125,True,True,True,True,True,True,True,True,True,True,True,True
527,qpeexact_6_Mutant_Remove_cp_P20_Q3.qasm,Quratest_7,0.0,0.0,0.27518344929847405,0.918782951168409,0.26838428032187084,0.7912397710847949,0.2379825417822057,0.9892623889795187,0.5068105280811425,0.00041849410263264505,0.03515625,0.65185546875,True,True,True,True,True,True,True,True,True,True,True,True
528,qpeexact_6_Mutant_Remove_cp_P20_Q3.qasm,PureState_8,0.0,0.0,0.16938104290823663,0.9951532537058266,0.16124704556438282,0.8309853004220751,0.0676495125182746,0.9998253413384668,0.8642766952966487,9.784571443537307e-07,0.0322265625,0.45947265625,True,True,True,True,True,True,True,True,True,True,True,True
529,qpeexact_6_Mutant_Remove_cp_P20_Q3.qasm,Quratest_8,0.0,0.0,0.20136293731504434,0.9269019061489818,0.19933895340516433,0.7925833943939574,0.24920862736156982,0.9800780927444953,0.5687416406230014,0.00046021368129671697,0.10546875,0.583984375,True,True,True,True,True,True,True,True,True,True,True,True
530,qpeexact_6_Mutant_Remove_cp_P20_Q3.qasm,PureState_9,0.0,0.0,0.3790517999517722,0.9543822131457783,0.3686220829045446,0.8105341877397539,0.3535533905932736,0.9939803278342377,0.6250000000000095,0.0024252216545552836,0.189453125,0.630859375,True,True,True,True,True,True,True,True,True,True,True,True
531,qpeexact_6_Mutant_Remove_cp_P20_Q3.qasm,Quratest_9,0.0,0.0,0.12193151220604373,0.8566676933009882,0.11753152656955204,0.7523067233505407,0.05051620353011875,0.9627906781054884,0.7382984990738053,0.0034474111874088034,0.02978515625,0.85107421875,True,True,False,True,True,True,True,True,True,True,True,True
532,qpeexact_6_Mutant_Remove_cp_P20_Q3.qasm,PureState_10,0.0,0.0,0.541333294269966,0.9517756176289803,0.4646268372255774,0.8090236382660002,0.4999999999999999,0.9940209969767146,0.5000000000000094,0.0025206137156932916,0.0185546875,1.34326171875,True,True,True,True,True,True,True,True,True,True,True,True
533,qpeexact_6_Mutant_Remove_cp_P20_Q3.qasm,Quratest_10,0.0,0.0,0.04535817822252513,0.8182638148216493,0.04342863391783952,0.7357276089370828,0.03052645053871181,0.955403022622723,0.9914286452187304,0.010359058259604812,0.00244140625,0.5380859375,True,True,False,True,False,True,True,True,True,True,True,True
534,qpeexact_6_Mutant_Remove_cp_P20_Q3.qasm,PureState_11,0.0,0.0,0.384485831319728,0.9886972897781586,0.36688443352446226,0.828862575922021,0.3266407412190941,0.9970910946110956,0.6250000000000092,3.207632953230489e-05,0.07861328125,0.1552734375,True,True,True,True,True,True,True,True,True,True,True,True
535,qpeexact_6_Mutant_Remove_cp_P20_Q3.qasm,Quratest_11,0.0,0.0,0.3407055210794772,0.909509045741222,0.3233784110295916,0.7888113055599335,0.3099142007061223,0.9810372167155883,0.5456236353884157,0.0008667176228708228,0.05615234375,0.5869140625,True,True,True,True,True,True,True,True,True,True,True,True
536,qpeexact_6_Mutant_Remove_cp_P20_Q3.qasm,PureState_12,0.13887191167130902,0.0,0.0052326862837381695,0.9920731726450268,0.005232674342814161,0.8313668067121055,4.642922298949975e-33,0.9999953649742828,1.000000000000012,2.3175595700595063e-06,0.0,0.63525390625,True,True,False,True,False,True,False,True,False,True,False,True
537,qpeexact_6_Mutant_Remove_cp_P20_Q3.qasm,Quratest_12,3.9718513240915796e-227,0.0,0.11784721972022007,0.8856724590033759,0.11755887127543703,0.7743501019627633,0.10908962912930031,0.9681780406995965,0.5000097770237427,0.006265738973172514,0.0400390625,1.046875,True,True,False,True,True,True,True,True,True,True,True,True
538,qpeexact_6_Mutant_Remove_cp_P20_Q3.qasm,PureState_13,0.0,0.0,0.5477454197457309,0.9949143297354888,0.470449708231314,0.8318650649710657,0.49999999999999983,0.9999953334468661,0.5000000000000089,3.617445514882209e-07,0.0087890625,0.0810546875,True,True,True,True,True,True,True,True,True,True,True,True
539,qpeexact_6_Mutant_Remove_cp_P20_Q3.qasm,Quratest_13,0.0,0.0,0.17812649586044182,0.9557472465594115,0.16818725291284453,0.8128349151793505,0.0844430559074726,0.9884865990542424,0.762343749802882,0.0002508206367781893,0.05712890625,0.51025390625,True,True,True,True,True,True,True,True,True,True,True,True
540,qpeexact_6_Mutant_Remove_cp_P20_Q3.qasm,PureState_14,0.0,0.0,0.38289858909755203,0.9869859468036323,0.3721835052877678,0.8284287305111173,0.3535533905932737,0.9970919135931836,0.6250000000000095,3.721257042192035e-05,0.1728515625,0.66748046875,True,True,True,True,True,True,True,True,True,True,True,True
541,qpeexact_6_Mutant_Remove_cp_P20_Q3.qasm,Quratest_14,0.0,0.0,0.34244254601125207,0.8548726404075564,0.33158701419345993,0.7518779037324519,0.2938472044340119,0.9618199665957582,0.5689292503615376,0.0028073364195834224,0.23486328125,0.56494140625,True,True,True,True,True,True,True,True,True,True,True,True
542,qpeexact_6_Mutant_Remove_cp_P20_Q3.qasm,PureState_15,0.0,0.0,0.37815284077187195,0.9918012686102715,0.3615500836926355,0.8297951451044073,0.32664074121909414,0.9991611559915989,0.6250000000000089,9.22749597864096e-06,0.02294921875,1.15478515625,True,True,True,True,True,True,True,True,True,True,True,True
543,qpeexact_6_Mutant_Remove_cp_P20_Q3.qasm,Quratest_15,0.0,0.0,0.2375354991801037,0.9863281517588451,0.2327825185651967,0.8228338717361435,0.2083413111530964,0.9932245941506336,0.6322716061745368,8.563441044602481e-05,0.25244140625,0.85498046875,True,True,True,True,True,True,True,True,True,True,True,True
544,qpeexact_6_Mutant_Remove_cp_P20_Q3.qasm,PureState_16,0.0,0.0,0.3888214181267044,0.9836687344366475,0.3706630606764873,0.8237207285755453,0.32664074121909414,0.9939393820619847,0.6250000000000092,0.00010469947398327022,0.2294921875,0.73486328125,True,True,True,True,True,True,True,True,True,True,True,True
545,qpeexact_6_Mutant_Remove_cp_P20_Q3.qasm,Quratest_16,7.3143923770814e-311,0.0,0.14162687371701013,0.8920238390401665,0.14099680727315891,0.7713925308810302,0.13780912932783285,0.9694842860885173,0.5134039772195181,0.0020960421881236224,0.0166015625,0.5556640625,True,True,True,True,True,True,True,True,True,True,True,True
546,qpeexact_6_Mutant_Remove_cp_P20_Q3.qasm,PureState_17,,0.0,0.0,0.9899494936611664,0.0,0.8314940356750048,5.796710931081625e-33,0.9999953956785463,1.000000000000011,4.60438728320096e-06,0.0,1.64794921875,False,True,False,True,False,True,False,True,False,True,False,True
547,qpeexact_6_Mutant_Remove_cp_P20_Q3.qasm,Quratest_17,0.0,0.0,0.16103580986900407,0.8411494728098543,0.15832459196062282,0.7493213749605458,0.1329506911558249,0.9627185573618032,0.6982474410459235,0.00583158568224839,0.04736328125,0.67431640625,True,True,True,True,True,True,True,True,True,True,True,True
548,qpeexact_6_Mutant_Remove_cp_P20_Q3.qasm,PureState_18,0.0,0.0,0.3974755275987678,0.9768275814787287,0.3801237683185291,0.8184550839001263,0.3942902537373687,0.9993045785146739,0.5107233047033711,4.8689780945228956e-05,0.1015625,0.6357421875,True,True,True,True,True,True,True,True,True,True,True,True
549,qpeexact_6_Mutant_Remove_cp_P20_Q3.qasm,Quratest_18,0.0,0.0,0.20421522939200623,0.9240527557301274,0.19748968224699567,0.7981235848179734,0.10028417507466927,0.9845081982997184,0.8073332747929378,0.0006661211150110664,0.017578125,0.40234375,True,True,True,True,True,True,True,True,True,True,True,True
550,qpeexact_6_Mutant_Remove_cp_P20_Q3.qasm,PureState_19,0.0,0.0,0.38748109268650754,0.9821147468171619,0.3760856264660818,0.8241987401131989,0.35355339059327356,0.9939803278342376,0.6250000000000092,0.0001151235911680265,0.17724609375,0.6298828125,True,True,True,True,True,True,True,True,True,True,True,True
551,qpeexact_6_Mutant_Remove_cp_P20_Q3.qasm,Quratest_19,0.0,0.0,0.288641365108868,0.8983330703719606,0.28318111875203267,0.7836354306977633,0.2506700810719852,0.9758564478798963,0.799563691098966,0.0067529068049657,0.091796875,0.478515625,True,True,True,True,True,True,True,True,True,True,True,True
552,qpeexact_6_Mutant_Remove_cp_P20_Q3.qasm,PureState_20,0.0,0.0,0.38032011974476587,0.9865528006398504,0.36245673489506375,0.824322591927103,0.3266407412190941,0.9939393820619846,0.6250000000000099,0.00010447400050529012,0.2294921875,0.73486328125,True,True,True,True,True,True,True,True,True,True,True,True
553,qpeexact_6_Mutant_Remove_cp_P20_Q3.qasm,Quratest_20,0.0,0.0,0.1714239184953216,0.8117628849340998,0.16992810469264025,0.7244032770590311,0.15453944856855972,0.932423423657613,0.5831371261542269,0.04429421118355708,0.0478515625,0.802734375,True,True,True,True,True,True,True,True,True,True,True,True
554,qpeexact_6_Mutant_Remove_cp_P20_Q3.qasm,PureState_21,0.0,0.0,0.3808585462625894,0.9548427097406206,0.3639046399736187,0.8103699528707582,0.3266407412190939,0.993939382061985,0.625000000000009,0.0024003558716247228,0.205078125,1.32861328125,True,True,True,True,True,True,True,True,True,True,True,True
555,qpeexact_6_Mutant_Remove_cp_P20_Q3.qasm,Quratest_21,0.0,0.0,0.21602766494218728,0.842665688166453,0.21123333923702495,0.7506971003596157,0.16854978037750126,0.9593081437360068,0.5928888438466158,0.004256852153457098,0.09619140625,0.68359375,True,True,True,True,True,True,True,True,True,True,True,True
556,qpeexact_6_Mutant_Remove_cp_P20_Q3.qasm,PureState_22,0.1343797286518751,0.0,0.011696994075011362,0.7946746340001656,0.011696688803868115,0.7165098413160926,1.1188966420050408e-16,0.927519205537596,0.6250000000000078,0.007234783693030056,0.0,0.328125,True,True,False,True,False,True,False,True,True,True,False,True
557,qpeexact_6_Mutant_Remove_cp_P20_Q3.qasm,Quratest_22,8.0715514071295855e-289,0.0,0.11709505322679196,0.8602039063971474,0.11589634280509402,0.7575496994925852,0.07049523964486355,0.9770859880563452,0.9428606161543868,0.004826604867486638,0.0283203125,0.76904296875,True,True,False,True,False,True,True,True,True,True,True,True
558,qpeexact_6_Mutant_Remove_cp_P20_Q3.qasm,PureState_23,0.0,0.0,0.3800875117847952,0.9894111804603097,0.36226302804954136,0.8282214240486916,0.3266407412190941,0.9958937211130634,0.6250000000000092,4.02528873068398e-05,0.23046875,0.07177734375,True,True,True,True,True,True,True,True,True,True,True,True
559,qpeexact_6_Mutant_Remove_cp_P20_Q3.qasm,Quratest_23,0.0,0.0,0.21851048347761004,0.8150239840506467,0.21415643010874952,0.7258653700834592,0.2068932697654563,0.9286579377262005,0.7041620641189638,0.03953510352416781,0.02294921875,0.552734375,True,True,True,True,True,True,True,True,True,True,True,True
560,qpeexact_6_Mutant_Remove_cp_P20_Q3.qasm,PureState_24,0.0,0.0,0.5424419254405362,0.9999999999999999,0.46563008496370667,0.8325546111576978,0.49999999999999983,0.9999953334468659,0.5000000000000087,3.659815520210917e-07,0.01513671875,0.0810546875,True,True,True,True,True,True,True,True,True,True,True,True
561,qpeexact_6_Mutant_Remove_cp_P20_Q3.qasm,Quratest_24,0.0,0.0,0.1351146741159187,0.8562317848702119,0.13389789289157059,0.7605222073615665,0.08915258380866999,0.9724859358585397,0.570883732796806,0.003378442761647568,0.060546875,0.546875,True,True,True,True,True,True,True,True,True,True,True,True
562,qpeexact_6_Mutant_Remove_cp_P20_Q3.qasm,PureState_25,0.0,0.0,0.17058023572321018,0.9873980434057094,0.16339484104850813,0.8277678668129027,0.06764951251827461,0.9993045785146741,0.8642766952966479,4.613403802313068e-06,0.03271484375,0.63818359375,True,True,True,True,True,True,True,True,True,True,True,True
563,qpeexact_6_Mutant_Remove_cp_P20_Q3.qasm,Quratest_25,0.0,0.0,0.42749490225772535,0.9662113295963405,0.4108408825866684,0.8160613564017396,0.44104550690111594,0.9923923086448838,0.5476783835473569,9.052935200541688e-05,0.07958984375,0.546875,True,True,True,True,True,True,True,True,True,True,True,True
564,qpeexact_6_Mutant_Remove_cp_P20_Q3.qasm,PureState_26,0.0,0.0,0.17525899435346598,0.9863562900223711,0.16633179911623677,0.8240332371068587,0.06764951251827463,0.9993045785146739,0.8642766952966476,1.2058356441649309e-05,0.01318359375,0.80517578125,True,True,True,True,True,True,True,True,True,True,True,True
565,qpeexact_6_Mutant_Remove_cp_P20_Q3.qasm,Quratest_26,0.0,0.0,0.0985449450846857,0.9696593314144799,0.09726794364056342,0.8185061921397802,0.07711433093366675,0.9957516694720543,0.6695417994555286,5.813266230576358e-05,0.03173828125,0.8056640625,True,True,False,True,False,True,True,True,True,True,True,True
566,qpeexact_6_Mutant_Remove_cp_P20_Q3.qasm,PureState_27,0.15779730786004006,0.0,0.011130139789989777,0.5068456280145605,0.011127409716850757,0.4668364733279848,4.857225732735061e-17,0.8984528369005426,0.6250000000000085,0.041134840146891,0.0,0.560546875,True,True,False,True,False,True,False,True,True,True,False,True
567,qpeexact_6_Mutant_Remove_cp_P20_Q3.qasm,Quratest_27,0.0,0.0,0.2864335104835234,0.6320249574674619,0.27349949075767416,0.5693243541592712,0.19489045162999413,0.8967113623922638,0.6431025648852867,0.020957887185254563,0.048828125,0.65380859375,True,True,True,True,True,True,True,True,True,True,True,True
568,qpeexact_6_Mutant_Remove_cp_P20_Q3.qasm,PureState_28,0.0,0.0,0.37682299258478824,0.9822943117748254,0.3663384156266854,0.823946145431386,0.35355339059327373,0.9939803278342377,0.6250000000000101,0.00011466937674797697,0.17724609375,0.6298828125,True,True,True,True,True,True,True,True,True,True,True,True
569,qpeexact_6_Mutant_Remove_cp_P20_Q3.qasm,Quratest_28,0.0,0.0,0.153620033275172,0.8937752493160941,0.1519907405916647,0.7775584350341959,0.16272434791869386,0.9662079561383414,0.6449545334711114,0.002193549822745337,0.0537109375,0.5517578125,True,True,True,True,True,True,True,True,True,True,True,True
570,qpeexact_6_Mutant_Remove_cp_P20_Q3.qasm,PureState_29,,0.0,0.0,0.21092573373749274,0.0,0.17646925163612814,1.1375258331650636e-32,0.13283047847017002,1.000000000000011,0.8671695386860048,0.0,0.35205078125,False,True,False,True,False,True,False,True,False,True,False,True
571,qpeexact_6_Mutant_Remove_cp_P20_Q3.qasm,Quratest_29,4.4765827883830703e-275,0.0,0.12240187217739533,0.8435850486531432,0.1216895936889231,0.7470746921150002,0.09026852433100317,0.9746462737417894,0.6405493101862855,0.0022446099644865777,0.0244140625,0.4814453125,True,True,False,True,True,True,True,True,True,True,True,True
572,qpeexact_6_Mutant_Remove_cp_P20_Q3.qasm,PureState_30,0.0,0.0,0.539179830480092,0.9716472004120522,0.4626787466979244,0.8179045572177626,0.49999999999999983,0.9940209969767145,0.5000000000000085,0.00046346051289808003,0.0087890625,0.0810546875,True,True,True,True,True,True,True,True,True,True,True,True
573,qpeexact_6_Mutant_Remove_cp_P20_Q3.qasm,Quratest_30,0.0,0.0,0.2651752711740142,0.645270678199793,0.25850555408984516,0.5889446307852708,0.20672928708954785,0.7771570277525858,0.8207173139376849,0.17118769187713836,0.052734375,0.7021484375,True,True,True,True,True,True,True,True,True,True,True,True
574,qpeexact_6_Mutant_Remove_cp_P20_Q3.qasm,PureState_31,0.0,0.0,0.5372104829438368,0.9524441011821795,0.4608960428212854,0.8097444012477225,0.4999999999999999,0.9940209969767142,0.5000000000000093,0.00252604221896688,0.02490234375,1.34326171875,True,True,True,True,True,True,True,True,True,True,True,True
575,qpeexact_6_Mutant_Remove_cp_P20_Q3.qasm,Quratest_31,0.0,0.0,0.1477012575876721,0.9121030195222649,0.14642613668906926,0.7850416105501341,0.10398074664927986,0.9726649383306372,0.5499698193995144,0.002362245706141703,0.04443359375,0.357421875,True,True,True,True,True,True,True,True,True,True,True,True
576,qpeexact_6_Mutant_Remove_cp_P22_Q4.qasm,PureState_0,0.24388567988496487,0.0,0.010425184798066386,0.4992579349811858,0.010423528264643303,0.46255378656445345,2.4859783154280295e-34,0.8984528369003746,1.0000000000000093,0.04128417729599801,0.0,0.560546875,True,True,False,True,False,True,False,True,False,True,False,True
577,qpeexact_6_Mutant_Remove_cp_P22_Q4.qasm,Quratest_0,7.090910462148147e-07,0.0,0.03447665402477005,0.8064693270136786,0.033436727732093226,0.7352705197154634,0.0017321273771876472,0.9658296303131495,0.9995134629739069,0.003996724262954531,0.00244140625,0.26708984375,True,True,False,True,False,True,True,True,True,True,True,True
578,qpeexact_6_Mutant_Remove_cp_P22_Q4.qasm,PureState_1,5.880587071009896e-95,0.0,0.07597829259838403,0.9942597146157016,0.07503265568440498,0.8301336845683276,0.05656116256909025,0.9993046878843523,0.9903926402016265,9.186005073851788e-07,0.02099609375,0.625,True,True,False,True,False,True,True,True,True,True,True,True
579,qpeexact_6_Mutant_Remove_cp_P22_Q4.qasm,Quratest_1,1.4919197873925802e-26,0.0,0.047363255645958745,0.7981803827566055,0.04716140990048371,0.716260457411033,0.016744295085108017,0.934653496335484,0.9943864701400701,0.020139728429388302,0.01171875,0.8740234375,True,True,False,True,False,True,True,True,True,True,True,True
580,qpeexact_6_Mutant_Remove_cp_P22_Q4.qasm,PureState_2,2.0036957533675635e-145,0.0,0.07386449902594865,0.9879440269335034,0.06918285563003329,0.8280959407698343,0.027885918828227607,0.9993045785146738,0.9903926402016265,4.612078219000542e-06,0.0390625,0.63818359375,True,True,False,True,False,True,True,True,True,True,True,True
581,qpeexact_6_Mutant_Remove_cp_P22_Q4.qasm,Quratest_2,1.019200514563535e-12,0.0,0.03893967403168914,0.8167102753474984,0.0389102381275155,0.7245949860807813,0.02747974805056161,0.9358433433445345,0.9921133300737848,0.035247362260018775,0.00732421875,0.6708984375,True,True,False,True,False,True,True,True,True,True,True,True
582,qpeexact_6_Mutant_Remove_cp_P22_Q4.qasm,PureState_3,0.09167958718477744,0.0,0.012455356116769341,0.9159274537074472,0.01245395183355958,0.7933261149991803,3.0066985446190307e-34,0.9951687180558673,1.000000000000011,0.00042312880048245847,0.0,0.98828125,True,True,False,True,False,True,False,True,False,True,False,True
583,qpeexact_6_Mutant_Remove_cp_P22_Q4.qasm,Quratest_3,0.012264763338520309,0.0,0.020096997821134322,0.9075500112287419,0.020086840801295348,0.7850355941802479,5.134649413933742e-30,0.9767004704732948,1.000000000000011,0.0028938594817670598,0.0,0.5126953125,True,True,False,True,False,True,False,True,False,True,False,True
584,qpeexact_6_Mutant_Remove_cp_P22_Q4.qasm,PureState_4,0.6129140159019266,0.0,0.008282013768341506,0.8597693360507479,0.00828153169020595,0.7675279433943287,2.37039462179465e-34,0.9817123933687775,1.000000000000011,0.001920498390664494,0.0,0.71044921875,False,True,False,True,False,True,False,True,False,True,False,True
585,qpeexact_6_Mutant_Remove_cp_P22_Q4.qasm,Quratest_4,0.012308735814468228,0.0,0.02597361643995262,0.9025478898389216,0.025963685669172867,0.7823017996850955,0.005729142834635353,0.9745090199770814,0.9944951738594558,0.0018741975458552108,0.00244140625,0.642578125,True,True,False,True,False,True,True,True,True,True,True,True
586,qpeexact_6_Mutant_Remove_cp_P22_Q4.qasm,PureState_5,1.5240371723927062e-110,0.0,0.07202419226495431,0.9522935942565457,0.06770458915579579,0.8113096701076987,0.027885918828227413,0.9993045785146739,0.9903926402016265,0.0002778874703906544,0.037109375,0.67626953125,True,True,False,True,False,True,True,True,True,True,True,True
587,qpeexact_6_Mutant_Remove_cp_P22_Q4.qasm,Quratest_5,1.063158745714223e-36,0.0,0.05463296491696021,0.8623754150290917,0.05456650519234928,0.7610578937935091,0.04049520351908631,0.9565595274929147,0.991058896249985,0.013139821840846125,0.01806640625,0.68701171875,True,True,False,True,False,True,True,True,True,True,True,True
588,qpeexact_6_Mutant_Remove_cp_P22_Q4.qasm,PureState_6,0.0,0.0,0.07799231822343891,0.9949736270772666,0.07756052795069528,0.8310636976961032,0.07572134787386375,0.9998110891985572,0.9903926402016272,5.3057634482695365e-06,0.00048828125,1.173828125,True,True,False,True,False,True,True,True,True,True,True,True
589,qpeexact_6_Mutant_Remove_cp_P22_Q4.qasm,Quratest_6,6.39438457470195e-06,0.0,0.031889926018839276,0.62251440115175,0.031771435940746315,0.5488104097192135,0.014660401670881559,0.6631331015529527,0.992228667195263,0.276744022823241,0.005859375,0.4072265625,True,True,False,True,False,True,True,True,True,True,True,True
590,qpeexact_6_Mutant_Remove_cp_P22_Q4.qasm,PureState_7,4.945695220477449e-84,0.0,0.07442335025750396,0.995259002652243,0.07430135924864692,0.8304558533079925,0.07572134787386377,0.9998110891985571,0.9903926402016261,5.285054714071362e-06,0.00048828125,1.173828125,True,True,False,True,False,True,True,True,True,True,True,True
591,qpeexact_6_Mutant_Remove_cp_P22_Q4.qasm,Quratest_7,1.2007095766944725e-11,0.0,0.037391914036003254,0.916896030805508,0.03712571871660495,0.790978477235026,0.015843179153306703,0.989262388979558,0.9966418744919987,0.00041849439399953655,0.0048828125,0.65185546875,True,True,False,True,False,True,True,True,True,True,True,True
592,qpeexact_6_Mutant_Remove_cp_P22_Q4.qasm,PureState_8,1.2372067234283153e-83,0.0,0.0734876101799564,0.9929585680927674,0.07322250406192204,0.8304273748735874,0.08983157072881846,0.9998253413384679,0.9903926402016272,9.784571460760113e-07,0.02294921875,0.45947265625,True,True,False,True,False,True,True,True,True,True,True,True
593,qpeexact_6_Mutant_Remove_cp_P22_Q4.qasm,Quratest_8,1.4218093341725866e-07,0.0,0.03367122195946418,0.9285972059950198,0.033658195647919775,0.7935588701787321,0.030920409288941096,0.9800780927445147,0.9947921279691594,0.00046025454729935894,0.017578125,0.583984375,True,True,False,True,False,True,True,True,True,True,True,True
594,qpeexact_6_Mutant_Remove_cp_P22_Q4.qasm,PureState_9,0.4728375397876343,0.0,0.00932095145874564,0.9527338104812411,0.009319392049742137,0.8087055146853859,2.120703922043019e-34,0.9939803278357033,1.000000000000011,0.0024252216539647647,0.0,0.630859375,False,True,False,True,False,True,False,True,False,True,False,True
595,qpeexact_6_Mutant_Remove_cp_P22_Q4.qasm,Quratest_9,2.170385514663057e-10,0.0,0.03567239993473216,0.8536487326839214,0.03558155077109396,0.7518241075282546,0.012922284669564842,0.9627906781056541,0.997493919304085,0.003447348827929015,0.00244140625,0.85107421875,True,True,False,True,False,True,True,True,True,True,True,True
596,qpeexact_6_Mutant_Remove_cp_P22_Q4.qasm,PureState_10,0.25739919429740427,0.0,0.007107592528262246,0.9526308497034871,0.007107559476633737,0.8099356658160245,2.1207039220430187e-34,0.9940209969767044,1.000000000000011,0.002520613715697434,0.0,1.34326171875,True,True,False,True,False,True,False,True,False,True,False,True
597,qpeexact_6_Mutant_Remove_cp_P22_Q4.qasm,Quratest_10,0.0,0.0,0.030842035829089308,0.8178555661671569,0.028467942062887556,0.736079186730291,0.0004822434380906292,0.9554030226228988,0.9998536493153979,0.010359020184363325,0.00146484375,0.5380859375,True,True,False,True,False,True,True,True,True,True,True,True
598,qpeexact_6_Mutant_Remove_cp_P22_Q4.qasm,PureState_11,2.6305424012557625e-71,0.0,0.06955788655473591,0.98676873710744,0.06934670666666089,0.828047851832373,0.07572134787386368,0.9970910946111056,0.9903926402016268,3.2076329743809164e-05,0.00439453125,0.1552734375,True,True,False,True,False,True,True,True,True,True,True,True
599,qpeexact_6_Mutant_Remove_cp_P22_Q4.qasm,Quratest_11,3.8247477923219395e-40,0.0,0.053989549283334916,0.9105120737059897,0.05379384314170728,0.7894511140369556,0.027922447965599288,0.9810372167156285,0.9924655558495608,0.0008664847646076037,0.0126953125,0.5869140625,True,True,False,True,False,True,True,True,True,True,True,True
600,qpeexact_6_Mutant_Remove_cp_P22_Q4.qasm,PureState_12,0.6030623500674077,0.0,0.0018384791846032254,0.993865425161768,0.0018384786667482082,0.8317960920947831,1.967931054665379e-34,0.9999953649742837,1.000000000000012,2.31755956949921e-06,0.0,0.63525390625,False,True,False,True,False,True,False,True,False,True,False,True
601,qpeexact_6_Mutant_Remove_cp_P22_Q4.qasm,Quratest_12,3.8941509067371214e-06,0.0,0.03130460478536554,0.8861486638528125,0.031289706395505,0.7751755532323762,0.011887134111362878,0.9681780407010631,0.9961111098226244,0.0062686936868897964,0.0048828125,1.046875,True,True,False,True,False,True,True,True,True,True,True,True
602,qpeexact_6_Mutant_Remove_cp_P22_Q4.qasm,PureState_13,3.044063921795126e-05,0.0,0.016924859242788352,0.9968486078191506,0.01692315194013052,0.8315261131963291,2.3116848154074e-34,0.9999953334468669,1.000000000000011,3.6174455139800776e-07,0.0,0.0810546875,True,True,False,True,False,True,False,True,False,True,False,True
603,qpeexact_6_Mutant_Remove_cp_P22_Q4.qasm,Quratest_13,0.0,0.0,0.042813348343488905,0.9562323935900008,0.04148513772512752,0.8132804875331893,0.04035013635715426,0.98848659905443,0.9911321092346277,0.0002507130372474625,0.064453125,0.51025390625,True,True,False,True,False,True,True,True,True,True,True,True
604,qpeexact_6_Mutant_Remove_cp_P22_Q4.qasm,PureState_14,0.0017620220285977173,0.0,0.01656527083777541,0.9841158659455324,0.016559352912304485,0.8282197931465881,2.839095805754224e-34,0.9970919135932133,1.000000000000011,3.721257041288171e-05,0.0,0.66748046875,True,True,False,True,False,True,False,True,False,True,False,True
605,qpeexact_6_Mutant_Remove_cp_P22_Q4.qasm,Quratest_14,3.6657367589852544e-05,0.0,0.030330975511418154,0.8570458386840215,0.030275128453641775,0.7523852311877126,0.026611556623853123,0.9618199665972311,0.9931609963196679,0.0028071903381363572,0.00439453125,0.56494140625,True,True,False,True,False,True,True,True,True,True,True,True
606,qpeexact_6_Mutant_Remove_cp_P22_Q4.qasm,PureState_15,1.5510483441158467e-78,0.0,0.07105884641076905,0.9930754854078786,0.07014763561670433,0.8300428623619878,0.05656116256909023,0.9991611559916086,0.9903926402016263,9.227495921306221e-06,0.001953125,1.15478515625,True,True,False,True,False,True,True,True,True,True,True,True
607,qpeexact_6_Mutant_Remove_cp_P22_Q4.qasm,Quratest_15,0.0,0.0,0.054915720976679676,0.9796623129581971,0.05462091565398198,0.8213430256783857,0.05965566825528283,0.9932245941506358,0.9908441739293922,8.56129040449106e-05,0.04541015625,0.85498046875,True,True,False,True,False,True,True,True,True,True,True,True
608,qpeexact_6_Mutant_Remove_cp_P22_Q4.qasm,PureState_16,1.1856225157035835e-101,0.0,0.07664297177701605,0.9860337438465164,0.07630524928743888,0.8238461276250103,0.08983157072881848,0.9939393820619846,0.9903926402016263,0.00010469947419033201,0.01318359375,0.73486328125,True,True,False,True,False,True,True,True,True,True,True,True
609,qpeexact_6_Mutant_Remove_cp_P22_Q4.qasm,Quratest_16,0.0003395948213982654,0.0,0.028289175538710895,0.8853812106979445,0.02827218243566038,0.7684147608745724,0.014696376136427282,0.9694842860901389,0.9964758957217117,0.002095537776371936,0.013671875,0.5556640625,True,True,False,True,False,True,True,True,True,True,True,True
610,qpeexact_6_Mutant_Remove_cp_P22_Q4.qasm,PureState_17,,0.0,0.0,0.991301917643818,0.0,0.8317333700469753,1.5675284269395829e-34,0.9999953956785472,1.000000000000011,4.60438728208683e-06,0.0,1.64794921875,False,True,False,True,False,True,False,True,False,True,False,True
611,qpeexact_6_Mutant_Remove_cp_P22_Q4.qasm,Quratest_17,0.0,0.0,0.028636244905216636,0.8404787868554922,0.02639122485941953,0.7484184544275764,5.550707712549877e-05,0.9627185573632504,0.999968979001217,0.005831490317717576,0.0009765625,0.67431640625,True,True,False,True,False,True,True,True,True,True,True,True
612,qpeexact_6_Mutant_Remove_cp_P22_Q4.qasm,PureState_18,9.168207682256694e-120,0.0,0.08237792894866261,0.9803086296987928,0.08082584379977109,0.8193159449017849,0.056561162569090266,0.9993045785146738,0.9903926402016257,4.86897810290389e-05,0.044921875,0.6357421875,True,True,False,True,False,True,True,True,True,True,True,True
613,qpeexact_6_Mutant_Remove_cp_P22_Q4.qasm,Quratest_18,3.630037254197035e-09,0.0,0.0350108210859473,0.920076117319921,0.034986839817438053,0.7961359660735334,0.03168032511466429,0.9845081982997477,0.992719151268948,0.0006663044146615806,0.0537109375,0.40234375,True,True,False,True,False,True,True,True,True,True,True,True
614,qpeexact_6_Mutant_Remove_cp_P22_Q4.qasm,PureState_19,0.00034603484296784424,0.0,0.017933568140152137,0.982749707064409,0.017929275523107246,0.8239963477089085,2.1207039220430187e-34,0.9939803278357032,1.0000000000000107,0.00011512359114002189,0.0,0.6298828125,True,True,False,True,False,True,False,True,False,True,False,True
615,qpeexact_6_Mutant_Remove_cp_P22_Q4.qasm,Quratest_19,9.835962194021051e-05,0.0,0.029957978467311717,0.9003027779824366,0.02978050306642281,0.7841832010900159,0.02416023454763106,0.9758564478800842,0.9967109365103515,0.006757014414465478,0.02294921875,0.478515625,True,True,False,True,False,True,True,True,True,True,True,True
616,qpeexact_6_Mutant_Remove_cp_P22_Q4.qasm,PureState_20,3.6765572748689425e-70,0.0,0.06590214076287251,0.9852055840217311,0.0658136390171511,0.8240413101876115,0.08983157072881842,0.9939393820619846,0.990392640201627,0.0001044740002981354,0.01318359375,0.73486328125,True,True,False,True,False,True,True,True,True,True,True,True
617,qpeexact_6_Mutant_Remove_cp_P22_Q4.qasm,Quratest_20,0.0,0.0,0.04977457228914142,0.811607089696745,0.048469617490203794,0.7248396292425686,0.012823261822684437,0.9324234236590635,0.9962428498393147,0.04429441573192416,0.01025390625,0.802734375,True,True,False,True,False,True,True,True,True,True,True,True
618,qpeexact_6_Mutant_Remove_cp_P22_Q4.qasm,PureState_21,1.1287320260818056e-77,0.0,0.06878584710995782,0.9569389953260051,0.06431924200765925,0.8119829128026217,0.027885918828227437,0.9939393820619846,0.9903926402016263,0.0024003558731019157,0.0185546875,1.32861328125,True,True,False,True,False,True,True,True,True,True,True,True
619,qpeexact_6_Mutant_Remove_cp_P22_Q4.qasm,Quratest_21,0.1949716006698096,0.0,0.015772466520506852,0.8435605120116956,0.015771318833164127,0.7518133542991092,2.2812040686098658e-29,0.9593081437376176,1.000000000000011,0.004256852143063085,0.0,0.68359375,True,True,False,True,False,True,False,True,False,True,False,True
620,qpeexact_6_Mutant_Remove_cp_P22_Q4.qasm,PureState_22,0.011948572351938734,0.0,0.014744062794012344,0.7894588945125065,0.014740706028539689,0.7121242601741454,1.967513809203927e-34,0.9275192055375926,1.0000000000000098,0.007234783693042037,0.0,0.328125,True,True,False,True,False,True,False,True,False,True,False,True
621,qpeexact_6_Mutant_Remove_cp_P22_Q4.qasm,Quratest_22,0.006321423447190135,0.0,0.025935170503667154,0.8593966479070034,0.025916539173849656,0.7582861680739514,0.0044560192325112345,0.977085988056549,0.999132625000647,0.004826522926685463,0.00537109375,0.76904296875,True,True,False,True,False,True,True,True,True,True,True,True
622,qpeexact_6_Mutant_Remove_cp_P22_Q4.qasm,PureState_23,2.635332393834497e-88,0.0,0.0689601944342109,0.9889566889345652,0.06476399267759925,0.8283081160617559,0.02788591882822755,0.9958937211130732,0.9903926402016276,4.0252887362947106e-05,0.01904296875,0.07177734375,True,True,False,True,False,True,True,True,True,True,True,True
623,qpeexact_6_Mutant_Remove_cp_P22_Q4.qasm,Quratest_23,1.352616038156954e-07,0.0,0.02945035635686372,0.8202710789065829,0.029263250661323622,0.7285470053976094,0.00236159372395138,0.9286579377276483,0.9991969887391688,0.03953232727003577,0.00341796875,0.552734375,True,True,False,True,False,True,True,True,True,True,True,True
624,qpeexact_6_Mutant_Remove_cp_P22_Q4.qasm,PureState_24,0.11507297527460429,0.0,0.008464107501959967,0.9943382132367846,0.008463603675522997,0.8316847820453813,2.989701096611867e-34,0.9999953334468668,1.0000000000000107,3.6598155193146123e-07,0.0,0.0810546875,True,True,False,True,False,True,False,True,False,True,False,True
625,qpeexact_6_Mutant_Remove_cp_P22_Q4.qasm,Quratest_24,0.00027490512344417105,0.0,0.026898522360788442,0.8556205510049162,0.026835927831192617,0.7618175225025972,0.000719483443278902,0.9724859358587155,0.9997273409074965,0.0033784969487363954,0.0009765625,0.546875,True,True,False,True,False,True,True,True,True,True,True,True
626,qpeexact_6_Mutant_Remove_cp_P22_Q4.qasm,PureState_25,4.249204800996263e-141,0.0,0.07588573382008244,0.9898330146635423,0.07042472957432168,0.8288650258341483,0.02788591882822761,0.9993045785146739,0.9903926402016268,4.6134038035361415e-06,0.0390625,0.63818359375,True,True,False,True,False,True,True,True,True,True,True,True
627,qpeexact_6_Mutant_Remove_cp_P22_Q4.qasm,Quratest_25,0.0,0.0,0.03660427537245089,0.9642838491645885,0.03438347033853167,0.8164711730483081,0.029883055225319893,0.9923923086449241,0.9980553086182805,9.058073706445223e-05,0.015625,0.546875,True,True,False,True,False,True,True,True,True,True,True,True
628,qpeexact_6_Mutant_Remove_cp_P22_Q4.qasm,PureState_26,5.6533643699982675e-74,0.0,0.06936726970357657,0.9846859408721103,0.06931186605610343,0.8235300302777206,0.08983157072881849,0.9993045785146739,0.9903926402016268,1.2058356423353536e-05,0.025390625,0.80517578125,True,True,False,True,False,True,True,True,True,True,True,True
629,qpeexact_6_Mutant_Remove_cp_P22_Q4.qasm,Quratest_26,0.0,0.0,0.040300166224210135,0.9681956376059335,0.03907861741749291,0.8179117581900558,0.04986286013428909,0.9957516694720676,0.994938832001928,5.807292985310596e-05,0.001953125,0.8056640625,True,True,False,True,False,True,True,True,True,True,True,True
630,qpeexact_6_Mutant_Remove_cp_P22_Q4.qasm,PureState_27,0.7019744944114079,0.0,0.007710194197263024,0.506926430651205,0.007709900636328543,0.46676368365619586,2.514496386574396e-34,0.8984528369003746,1.0000000000000093,0.04113484014695906,0.0,0.560546875,False,True,False,True,False,True,False,True,False,True,False,True
631,qpeexact_6_Mutant_Remove_cp_P22_Q4.qasm,Quratest_27,8.315218993229474e-13,0.0,0.03809013410297609,0.6335873032700011,0.03803224167048594,0.5711067068499088,0.015421424036866862,0.896711362392264,0.9970815785269749,0.02095887970741106,0.005859375,0.65380859375,True,True,False,True,False,True,True,True,True,True,True,True
632,qpeexact_6_Mutant_Remove_cp_P22_Q4.qasm,PureState_28,0.008381155648878369,0.0,0.015769116482651165,0.9833528782812415,0.015765524921484045,0.8239330644690787,1.0455544890287175e-34,0.9939803278357033,1.000000000000011,0.00011466937672008392,0.0,0.6298828125,True,True,False,True,False,True,False,True,False,True,False,True
633,qpeexact_6_Mutant_Remove_cp_P22_Q4.qasm,Quratest_28,0.0,0.0,0.026550894419461065,0.8929752736906595,0.024738607035662837,0.7768401789933251,3.0107722165314367e-05,0.9662079561399439,0.9999665174716178,0.0021935648410884422,0.00048828125,0.5517578125,True,True,False,True,False,True,True,True,True,True,True,True
634,qpeexact_6_Mutant_Remove_cp_P22_Q4.qasm,PureState_29,,0.0,0.0,0.21216288340549638,0.0,0.17751446710750537,1.045554489028719e-34,0.1328304784687338,1.000000000000011,0.8671695386874406,0.0,0.35205078125,False,True,False,True,False,True,False,True,False,True,False,True
635,qpeexact_6_Mutant_Remove_cp_P22_Q4.qasm,Quratest_29,9.067077121595362e-30,0.0,0.052871939406549294,0.8505885656436933,0.05281930521966138,0.7501058969922326,0.02635387034324015,0.9746462737419639,0.994196487984356,0.002245119701015125,0.02880859375,0.4814453125,True,True,False,True,False,True,True,True,True,True,True,True
636,qpeexact_6_Mutant_Remove_cp_P22_Q4.qasm,PureState_30,0.8458087189319762,0.0,0.00320865109294706,0.9709629849105516,0.0032086293702307373,0.8178649409787636,2.120703922043019e-34,0.9940209969767044,1.000000000000011,0.00046346051289884564,0.0,0.0810546875,False,True,False,True,False,True,False,True,False,True,False,True
637,qpeexact_6_Mutant_Remove_cp_P22_Q4.qasm,Quratest_30,0.0012365452331123616,0.0,0.021697778691136385,0.649514437138313,0.021695133755734064,0.5911168104220309,4.030477692668799e-30,0.7771570277541886,1.0000000000000107,0.17118769161168715,0.0,0.7021484375,True,True,False,True,False,True,False,True,False,True,False,True
638,qpeexact_6_Mutant_Remove_cp_P22_Q4.qasm,PureState_31,0.024538070535720234,0.0,0.010673983859889557,0.954892159868021,0.010673274802590468,0.8120745081371227,2.8390958057542206e-34,0.9940209969767042,1.000000000000011,0.0025260422189710293,0.0,1.34326171875,True,True,False,True,False,True,False,True,False,True,False,True
639,qpeexact_6_Mutant_Remove_cp_P22_Q4.qasm,Quratest_31,2.3268148203013763e-06,0.0,0.03233514795649503,0.9145398856694905,0.03225316710730461,0.7860633961872521,0.010129946160074914,0.9726649383322612,0.9962131503109172,0.002362584907044557,0.013671875,0.357421875,True,True,False,True,False,True,True,True,True,True,True,True
640,qpeexact_6_Mutant_Remove_cp_P24_Q4.qasm,PureState_0,2.732483619128333e-93,0.0,0.07176427145636417,0.49911931583059677,0.0713412966064605,0.46217432161863015,0.028021345572997902,0.8984528369005429,0.8901650429449647,0.04130703832681341,0.0498046875,0.560546875,True,True,False,True,False,True,True,True,True,True,True,True
641,qpeexact_6_Mutant_Remove_cp_P24_Q4.qasm,Quratest_0,1.0388130934518357e-227,0.0,0.11140147064662606,0.8093724850715671,0.11099675694018199,0.7381483688864939,0.10595597105208432,0.9658296303129552,0.9644220019937373,0.003986661195106511,0.177734375,0.26708984375,True,True,False,True,False,True,True,True,True,True,True,True
642,qpeexact_6_Mutant_Remove_cp_P24_Q4.qasm,PureState_1,0.0,0.0,0.22693033872882196,0.9937994413005337,0.2206320073153204,0.8298060023549816,0.19335703853603298,0.9993046878843515,0.8566941738241701,9.198762948089641e-07,0.04736328125,0.625,True,True,True,True,True,True,True,True,True,True,True,True
643,qpeexact_6_Mutant_Remove_cp_P24_Q4.qasm,Quratest_1,8.279770086114974e-186,0.0,0.1030236005838377,0.7955462441480573,0.10247527616910486,0.7158801064568482,0.11540920189638691,0.9346534963338626,0.8729573003732244,0.02016463086870779,0.03564453125,0.8740234375,True,True,False,True,False,True,True,True,True,True,True,True
644,qpeexact_6_Mutant_Remove_cp_P24_Q4.qasm,PureState_2,1.4517344325444569e-162,0.0,0.09041101512523281,0.9859121808128314,0.08834193219995082,0.8274901584680315,0.033174823052188884,0.9993045785146741,0.9602475644174446,4.6108024443067885e-06,0.0263671875,0.63818359375,True,True,False,True,False,True,True,True,True,True,True,True
645,qpeexact_6_Mutant_Remove_cp_P24_Q4.qasm,Quratest_2,0.0,0.0,0.11853663456554264,0.8200056422801877,0.11552035954918592,0.7264807879581732,0.09634695266231627,0.935843343343079,0.9029295880946533,0.03525567228269681,0.01904296875,0.6708984375,True,True,False,True,False,True,True,True,True,True,True,True
646,qpeexact_6_Mutant_Remove_cp_P24_Q4.qasm,PureState_3,0.0,0.0,0.1803767355565543,0.9105807355860048,0.17919707490951844,0.7911110834747255,0.16332037060954702,0.9951687180558708,0.8901650429449665,0.0004229183770796462,0.32470703125,0.98828125,True,True,True,True,True,True,True,True,True,True,True,True
647,qpeexact_6_Mutant_Remove_cp_P24_Q4.qasm,Quratest_3,0.0,0.0,0.13560690506399936,0.9117201720568499,0.13291660577219172,0.7858879716905529,0.09737473276449697,0.9767004704731107,0.8600867639968519,0.002890834794729247,0.09326171875,0.5126953125,True,True,True,True,True,True,True,True,True,True,True,True
648,qpeexact_6_Mutant_Remove_cp_P24_Q4.qasm,PureState_4,1.4731409445026635e-119,0.0,0.07915391971938282,0.8627687055836081,0.07855959826910545,0.7699523168160628,0.02802134557299782,0.981712393368781,0.8901650429449675,0.001921275667291992,0.044921875,0.71044921875,True,True,False,True,False,True,True,True,True,True,True,True
649,qpeexact_6_Mutant_Remove_cp_P24_Q4.qasm,Quratest_4,1.3002932041203824e-05,0.0,0.031131366727609844,0.9025349568579413,0.031120119705395664,0.7824741815586004,0.015581616522379452,0.9745090199768875,0.8562431359252161,0.0018784455198355694,0.00244140625,0.642578125,True,True,False,True,False,True,True,True,True,True,True,True
650,qpeexact_6_Mutant_Remove_cp_P24_Q4.qasm,PureState_5,4.473085720229636e-191,0.0,0.0943313461455083,0.9485504727380244,0.09106938164023301,0.808847238364008,0.033174823052188905,0.9993045785146742,0.960247564417444,0.00027793910782819505,0.01904296875,0.67626953125,True,True,False,True,False,True,True,True,True,True,True,True
651,qpeexact_6_Mutant_Remove_cp_P24_Q4.qasm,Quratest_5,2.15634471439818e-253,0.0,0.12195715707398463,0.8642722317910823,0.12082325050268322,0.7633174392041766,0.09760498532187595,0.9565595274927381,0.8968400807240714,0.013158423091550853,0.07470703125,0.68701171875,True,True,False,True,True,True,True,True,True,True,True,True
652,qpeexact_6_Mutant_Remove_cp_P24_Q4.qasm,PureState_6,0.0,0.0,0.19376681488389214,0.9971730648983828,0.18596970336981059,0.8315248708574339,0.12764872612957967,0.9998110891985474,0.8901650429449668,5.312773396497939e-06,0.01025390625,1.173828125,True,True,True,True,True,True,True,True,True,True,True,True
653,qpeexact_6_Mutant_Remove_cp_P24_Q4.qasm,Quratest_6,5.1179626560153025e-09,0.0,0.03863032980669225,0.6210485416566643,0.03826043599316345,0.5481223407505508,0.029882610730589104,0.6631331015514851,0.9661056514427285,0.2767431209593387,0.01708984375,0.4072265625,True,True,False,True,False,True,True,True,True,True,True,True
654,qpeexact_6_Mutant_Remove_cp_P24_Q4.qasm,PureState_7,0.0,0.0,0.1979885425756358,0.9953423458444184,0.18938655220001968,0.8310165519881298,0.12764872612957973,0.9998110891985474,0.8901650429449656,5.292300983397798e-06,0.01025390625,1.173828125,True,True,True,True,True,True,True,True,True,True,True,True
655,qpeexact_6_Mutant_Remove_cp_P24_Q4.qasm,Quratest_7,0.0,0.0,0.19056936727825471,0.915890240386435,0.18867865384441287,0.7906350192082485,0.18487083339491484,0.9892623889795189,0.8750256166767624,0.00041844211936084157,0.1806640625,0.65185546875,True,True,True,True,True,True,True,True,True,True,True,True
656,qpeexact_6_Mutant_Remove_cp_P24_Q4.qasm,PureState_8,0.0,0.0,0.10242338099111552,0.9952504332576952,0.09721823956332178,0.831040529151388,0.03864151638335025,0.999825341338467,0.960247564417445,9.788339030381937e-07,0.05517578125,0.45947265625,True,True,False,True,False,True,True,True,True,True,True,True
657,qpeexact_6_Mutant_Remove_cp_P24_Q4.qasm,Quratest_8,3.17602542538169e-235,0.0,0.13074030469330186,0.9333264550640076,0.12998347734683152,0.7957604743356569,0.15968110344970676,0.9800780927444953,0.897588255098167,0.00046031195201793386,0.044921875,0.583984375,True,True,False,True,True,True,True,True,True,True,True,True
658,qpeexact_6_Mutant_Remove_cp_P24_Q4.qasm,PureState_9,0.0,0.0,0.2016598282370717,0.9541684595634021,0.19495303047649484,0.8101732329117968,0.13529902503654917,0.993980327834238,0.8901650429449666,0.0024256981790654357,0.18994140625,0.630859375,True,True,True,True,True,True,True,True,True,True,True,True
659,qpeexact_6_Mutant_Remove_cp_P24_Q4.qasm,Quratest_9,0.0,0.0,0.15481264346457332,0.8522071295753498,0.1525902038970537,0.7512697725495608,0.1164774910346276,0.9627906781054885,0.9197731590660875,0.00344786572369869,0.169921875,0.85107421875,True,True,True,True,True,True,True,True,True,True,True,True
660,qpeexact_6_Mutant_Remove_cp_P24_Q4.qasm,PureState_10,0.0,0.0,0.27427267254927995,0.9551895295283208,0.2519717219890312,0.8107687940021638,0.2499999999999999,0.9940209969767148,0.8535533905932848,0.0025206137156932895,0.21337890625,1.34326171875,True,True,True,True,True,True,True,True,True,True,True,True
661,qpeexact_6_Mutant_Remove_cp_P24_Q4.qasm,Quratest_10,0.0,0.0,0.08887583621396038,0.8111613580299072,0.08813281245136417,0.7311035690393483,0.13029079766144083,0.9554030226227233,0.8793895804116504,0.010376763059834173,0.01611328125,0.5380859375,True,True,False,True,False,True,True,True,True,True,True,True
662,qpeexact_6_Mutant_Remove_cp_P24_Q4.qasm,PureState_11,0.0,0.0,0.19393190392352275,0.984316834824676,0.18483450700909573,0.827468349635995,0.12764872612957964,0.9970910946110958,0.890165042944967,3.216124056582797e-05,0.005859375,0.1552734375,True,True,True,True,True,True,True,True,True,True,True,True
663,qpeexact_6_Mutant_Remove_cp_P24_Q4.qasm,Quratest_11,0.0,0.0,0.18803019306765759,0.9101296021086684,0.18062963049385083,0.7889766548777787,0.14026339579164165,0.9810372167155884,0.863834044791425,0.0008675284954152457,0.04150390625,0.5869140625,True,True,True,True,True,True,True,True,True,True,True,True
664,qpeexact_6_Mutant_Remove_cp_P24_Q4.qasm,PureState_12,0.7489675106305169,0.0,0.001131371777625405,0.9906139761119014,0.0011313716569695013,0.8309620311159606,6.478023466746722e-33,0.999995364974283,1.000000000000012,2.3175595700632794e-06,0.0,0.63525390625,False,True,False,True,False,True,False,True,False,True,False,True
665,qpeexact_6_Mutant_Remove_cp_P24_Q4.qasm,Quratest_12,0.0,0.0,0.16143698083681726,0.8868720060189784,0.1579110504798912,0.7764379531588502,0.11351285475145242,0.9681780406995966,0.8825457769934212,0.006266472718698178,0.06396484375,1.046875,True,True,True,True,True,True,True,True,True,True,True,True
666,qpeexact_6_Mutant_Remove_cp_P24_Q4.qasm,PureState_13,0.0,0.0,0.2723016628006138,0.9977726599319818,0.25135538907699273,0.8319782425245625,0.24999999999999994,0.9999953334468662,0.8535533905932846,3.617445514870608e-07,0.2236328125,0.0810546875,True,True,True,True,True,True,True,True,True,True,True,True
667,qpeexact_6_Mutant_Remove_cp_P24_Q4.qasm,Quratest_13,0.0,0.0,0.10444768505794612,0.9526617022059398,0.10330351001138331,0.8107457754428049,0.055702126834660866,0.9884865990542424,0.9131193267902383,0.00025084620085117027,0.07177734375,0.51025390625,True,True,False,True,False,True,True,True,True,True,True,True
668,qpeexact_6_Mutant_Remove_cp_P24_Q4.qasm,PureState_14,0.0,0.0,0.1984940736173836,0.984970325596101,0.1919397768279981,0.8277167359998425,0.1352990250365492,0.9970919135931838,0.8901650429449665,3.728286774048119e-05,0.18212890625,0.66748046875,True,True,True,True,True,True,True,True,True,True,True,True
669,qpeexact_6_Mutant_Remove_cp_P24_Q4.qasm,Quratest_14,0.0,0.0,0.1548825078883859,0.8557436893818624,0.1532713869718397,0.7524680891494728,0.1604359796969064,0.9618199665957583,0.8694808367165759,0.0028051597622826894,0.14892578125,0.56494140625,True,True,True,True,True,True,True,True,True,True,True,True
670,qpeexact_6_Mutant_Remove_cp_P24_Q4.qasm,PureState_15,0.0,0.0,0.19803053232239198,0.9937556368530218,0.1892726034268536,0.8301912644246178,0.13774985828793151,0.999161155991599,0.8901650429449665,9.244511697430718e-06,0.08154296875,1.15478515625,True,True,True,True,True,True,True,True,True,True,True,True
671,qpeexact_6_Mutant_Remove_cp_P24_Q4.qasm,Quratest_15,3.100066557816044e-240,0.0,0.13649330201543872,0.9770555139783064,0.13509359563182163,0.8202724582239781,0.14315731877946697,0.9932245941506339,0.8733581358628101,8.564074354612375e-05,0.08251953125,0.85498046875,True,True,True,True,True,True,True,True,True,True,True,True
672,qpeexact_6_Mutant_Remove_cp_P24_Q4.qasm,PureState_16,0.0,0.0,0.18596659185449824,0.984906242504191,0.18185959454768813,0.8236473114337869,0.15203501638159572,0.9939393820619848,0.890165042944966,0.00010461357682382687,0.2783203125,0.73486328125,True,True,True,True,True,True,True,True,True,True,True,True
673,qpeexact_6_Mutant_Remove_cp_P24_Q4.qasm,Quratest_16,1.4428503408913975e-86,0.0,0.07700754809095188,0.8914383816795636,0.07686175210235294,0.7706726937569759,0.13869713344049023,0.9694842860885176,0.8889144896419777,0.0020972049402762814,0.052734375,0.5556640625,True,True,False,True,False,True,True,True,True,True,True,True
674,qpeexact_6_Mutant_Remove_cp_P24_Q4.qasm,PureState_17,,0.0,0.0,0.9929037538333052,0.0,0.8319828431172546,4.384002630594391e-33,0.9999953956785466,1.000000000000011,4.604387283206925e-06,0.0,1.64794921875,False,True,False,True,False,True,False,True,False,True,False,True
675,qpeexact_6_Mutant_Remove_cp_P24_Q4.qasm,Quratest_17,0.0,0.0,0.06706363741093233,0.8406314154635752,0.06542772823619523,0.748808007847675,0.07453242987095554,0.9627185573618033,0.8730060176496192,0.0058335460891834005,0.015625,0.67431640625,True,True,False,True,False,True,True,True,True,True,True,True
676,qpeexact_6_Mutant_Remove_cp_P24_Q4.qasm,PureState_18,0.0,0.0,0.22586449565250816,0.9745736330144078,0.21939303513901046,0.817772997600142,0.19335703853603298,0.9993045785146741,0.8566941738241696,4.8638142941885e-05,0.09228515625,0.6357421875,True,True,True,True,True,True,True,True,True,True,True,True
677,qpeexact_6_Mutant_Remove_cp_P24_Q4.qasm,Quratest_18,3.0008632461646547e-70,0.0,0.0673341399499835,0.9217110533776481,0.06695170897929571,0.79666138123619,0.05173363982078166,0.9845081982997186,0.939787600110731,0.0006660390308971804,0.01513671875,0.40234375,True,True,False,True,False,True,True,True,True,True,True,True
678,qpeexact_6_Mutant_Remove_cp_P24_Q4.qasm,PureState_19,0.0,0.0,0.1938581584616133,0.9774486977064271,0.18801779818533895,0.8229889778984206,0.13529902503654917,0.9939803278342378,0.8901650429449656,0.00011519248526909951,0.18603515625,0.6298828125,True,True,True,True,True,True,True,True,True,True,True,True
679,qpeexact_6_Mutant_Remove_cp_P24_Q4.qasm,Quratest_19,1.3353682475937374e-17,0.0,0.04881787297026086,0.9007702137290613,0.04702429624136327,0.7852516192053384,0.02308464505477368,0.9758564478798966,0.8568657239339381,0.0067531899343453525,0.03662109375,0.478515625,True,True,False,True,False,True,True,True,True,True,True,True
680,qpeexact_6_Mutant_Remove_cp_P24_Q4.qasm,PureState_20,0.0,0.0,0.19049865162916352,0.9847846229430071,0.1861069438425457,0.8234734646253394,0.1520350163815957,0.9939393820619848,0.8901650429449665,0.00010438881153474796,0.2783203125,0.73486328125,True,True,True,True,True,True,True,True,True,True,True,True
681,qpeexact_6_Mutant_Remove_cp_P24_Q4.qasm,Quratest_20,0.0,0.0,0.23005972632614677,0.8057157925601425,0.22020830468027863,0.7218193801921461,0.18734985482399175,0.932423423657613,0.8596627088074866,0.04423325112253657,0.0400390625,0.802734375,True,True,True,True,True,True,True,True,True,True,True,True
682,qpeexact_6_Mutant_Remove_cp_P24_Q4.qasm,PureState_21,0.0,0.0,0.20183158604533274,0.9517750757858883,0.19033428097003052,0.8085456208198122,0.11336356803591549,0.9939393820619852,0.8901650429449653,0.0024000757981309804,0.150390625,1.32861328125,True,True,True,True,True,True,True,True,True,True,True,True
683,qpeexact_6_Mutant_Remove_cp_P24_Q4.qasm,Quratest_21,2.5436273582404137e-146,0.0,0.08872178284177949,0.8466578644561993,0.08846343366303146,0.7531037753835642,0.09647031973603665,0.9593081437360069,0.9121498668793062,0.004254359210931171,0.025390625,0.68359375,True,True,False,True,False,True,True,True,True,True,True,True
684,qpeexact_6_Mutant_Remove_cp_P24_Q4.qasm,PureState_22,0.0,0.0,0.18246567639012817,0.7921746811007945,0.1812497049348357,0.7151539736371054,0.16332037060954704,0.9275192055375961,0.8901650429449653,0.007238628962535347,0.33740234375,0.328125,True,True,True,True,True,True,True,True,True,True,True,True
685,qpeexact_6_Mutant_Remove_cp_P24_Q4.qasm,Quratest_22,6.966754188056983e-47,0.0,0.05775281693648465,0.8574497402839146,0.057613785223614565,0.7564431385681859,0.0284828583656836,0.9770859880563452,0.9854741933382719,0.0048265750226487375,0.02294921875,0.76904296875,True,True,False,True,False,True,True,True,True,True,True,True
686,qpeexact_6_Mutant_Remove_cp_P24_Q4.qasm,PureState_23,0.0,0.0,0.18965498366881126,0.9894098289003834,0.17912594162504789,0.8285507812061068,0.11336356803591559,0.9958937211130635,0.890165042944966,4.0235965519558e-05,0.13525390625,0.07177734375,True,True,True,True,True,True,True,True,True,True,True,True
687,qpeexact_6_Mutant_Remove_cp_P24_Q4.qasm,Quratest_23,7.397568909338716e-221,0.0,0.14853002934209358,0.8216579946297196,0.14328021828935789,0.7291880458802238,0.10117527357274142,0.9286579377262012,0.8731519477693428,0.03959283405546636,0.04638671875,0.552734375,True,True,True,True,True,True,True,True,True,True,True,True
688,qpeexact_6_Mutant_Remove_cp_P24_Q4.qasm,PureState_24,0.0,0.0,0.28501989546595213,0.998053884106943,0.2619581051787249,0.8321379446832969,0.25,0.9999953334468661,0.8535533905932844,3.659815520196743e-07,0.2236328125,0.0810546875,True,True,True,True,True,True,True,True,True,True,True,True
689,qpeexact_6_Mutant_Remove_cp_P24_Q4.qasm,Quratest_24,3.813594304491669e-220,0.0,0.10920669565919872,0.8526270853393609,0.10671960662351751,0.7592460192375796,0.060810684750081216,0.9724859358585398,0.9393719903622308,0.0033756275880575197,0.0244140625,0.546875,True,True,False,True,False,True,True,True,True,True,True,True
690,qpeexact_6_Mutant_Remove_cp_P24_Q4.qasm,PureState_25,1.8148686581752047e-253,0.0,0.10039523365671936,0.9899007774346072,0.09782001875388616,0.828385092096255,0.0331748230521889,0.9993045785146744,0.9602475644174461,4.612126238080243e-06,0.0263671875,0.63818359375,True,True,False,True,False,True,True,True,True,True,True,True
691,qpeexact_6_Mutant_Remove_cp_P24_Q4.qasm,Quratest_25,0.0,0.0,0.07458473113651394,0.9661396457295224,0.07305734194415148,0.8164266268884701,0.08714171398733471,0.9923923086448843,0.9778128135354989,9.077171818066768e-05,0.0458984375,0.546875,True,True,False,True,False,True,True,True,True,True,True,True
692,qpeexact_6_Mutant_Remove_cp_P24_Q4.qasm,PureState_26,0.0,0.0,0.09701111865789447,0.9825923790935333,0.09400340783271449,0.8227941117491429,0.03864151638335024,0.9993045785146741,0.9602475644174446,1.2051553722370427e-05,0.06494140625,0.80517578125,True,True,False,True,False,True,True,True,True,True,True,True
693,qpeexact_6_Mutant_Remove_cp_P24_Q4.qasm,Quratest_26,0.0,0.0,0.06937511918405426,0.9677806655160898,0.06790759536932282,0.8174347875581819,0.0467815019716415,0.9957516694720543,0.9784149705164561,5.8166863546648385e-05,0.0283203125,0.8056640625,True,True,False,True,False,True,True,True,True,True,True,True
694,qpeexact_6_Mutant_Remove_cp_P24_Q4.qasm,PureState_27,4.486143412270478e-120,0.0,0.0807529022347114,0.5007974988582528,0.08016801498588154,0.4635957751459533,0.02802134557299782,0.8984528369005427,0.8901650429449646,0.041111979116008515,0.0498046875,0.560546875,True,True,False,True,False,True,True,True,True,True,True,True
695,qpeexact_6_Mutant_Remove_cp_P24_Q4.qasm,Quratest_27,2.024703589103384e-30,0.0,0.06275306656773716,0.6397263561488428,0.061742160043561756,0.5769741321901188,0.028404347353295188,0.8967113623922638,0.9570383122375358,0.020955708463633847,0.0048828125,0.65380859375,True,True,False,True,False,True,True,True,True,True,True,True
696,qpeexact_6_Mutant_Remove_cp_P24_Q4.qasm,PureState_28,0.0,0.0,0.19794766140723336,0.984296364690654,0.19155779239428414,0.8239834243792294,0.1352990250365492,0.993980327834238,0.890165042944966,0.00011460048264682539,0.18603515625,0.6298828125,True,True,True,True,True,True,True,True,True,True,True,True
697,qpeexact_6_Mutant_Remove_cp_P24_Q4.qasm,Quratest_28,0.0,0.0,0.07191301401765916,0.8951141438526101,0.07075530985860448,0.7769599247636189,0.06328407839491179,0.9662079561383414,0.8637043376751196,0.0021878369161956613,0.0419921875,0.5517578125,True,True,False,True,False,True,True,True,True,True,True,True
698,qpeexact_6_Mutant_Remove_cp_P24_Q4.qasm,PureState_29,,0.0,0.0,0.20641634723995506,0.0,0.1726609466120472,2.523350143596966e-33,0.13283047847016985,1.000000000000011,0.8671695386860043,0.0,0.35205078125,False,True,False,True,False,True,False,True,False,True,False,True
699,qpeexact_6_Mutant_Remove_cp_P24_Q4.qasm,Quratest_29,3.722306173943582e-215,0.0,0.11394469169517667,0.8509640977400991,0.11330507355630161,0.7515256095568904,0.08367911816086286,0.9746462737417894,0.9276419729735507,0.0022468165600612274,0.001953125,0.4814453125,True,True,False,True,False,True,True,True,True,True,True,True
700,qpeexact_6_Mutant_Remove_cp_P24_Q4.qasm,PureState_30,0.0,0.0,0.27032486246554926,0.9706741912158322,0.24774073096816118,0.8184228120581699,0.2499999999999999,0.9940209969767146,0.8535533905932852,0.0004634605128980915,0.2236328125,0.0810546875,True,True,True,True,True,True,True,True,True,True,True,True
701,qpeexact_6_Mutant_Remove_cp_P24_Q4.qasm,Quratest_30,2.8901630508373436e-24,0.0,0.04362738799544128,0.6464195216611898,0.043598730694146035,0.5915415208872701,0.04511715752830253,0.7771570277525863,0.8641129657206263,0.17125248284977432,0.03466796875,0.7021484375,True,True,False,True,False,True,True,True,True,True,True,True
702,qpeexact_6_Mutant_Remove_cp_P24_Q4.qasm,PureState_31,0.0,0.0,0.2739115735206306,0.9517958773327138,0.2512986323042856,0.8092441359968892,0.24999999999999986,0.9940209969767142,0.8535533905932848,0.0025260422189668868,0.21337890625,1.34326171875,True,True,True,True,True,True,True,True,True,True,True,True
703,qpeexact_6_Mutant_Remove_cp_P24_Q4.qasm,Quratest_31,5.149581369975405e-83,0.0,0.07527141116556134,0.9103832231619616,0.07497484847339167,0.7840870581449668,0.08164537061838217,0.9726649383306372,0.9067871144483576,0.0023633553118789018,0.0244140625,0.357421875,True,True,False,True,False,True,True,True,True,True,True,True
704,qpeexact_6_Mutant_Remove_cp_P6_Q5.qasm,PureState_0,0.0,0.0,0.7388133403896157,0.5059536405399048,0.6657348129801397,0.46572137496060784,0.8124766422553217,0.8984528369005425,0.03806023374435901,0.04128417729592961,0.0185546875,0.560546875,True,True,True,True,True,True,True,True,True,True,True,True
705,qpeexact_6_Mutant_Remove_cp_P6_Q5.qasm,Quratest_0,0.0,0.0,0.514948053712159,0.8025560889179635,0.4869796167317739,0.7339241810744689,0.5865728700487456,0.9658296303129545,0.29166047561943836,0.003996506725882294,0.88671875,0.26708984375,True,True,True,True,True,True,True,True,True,True,True,True
706,qpeexact_6_Mutant_Remove_cp_P6_Q5.qasm,PureState_1,0.0,0.0,0.6530253698787052,0.9932543165330668,0.6072531254446991,0.8297073678070404,0.7467246444785209,0.9993046878843508,0.03806023374435942,9.186005078434268e-07,0.0341796875,0.625,True,True,True,True,True,True,True,True,True,True,True,True
707,qpeexact_6_Mutant_Remove_cp_P6_Q5.qasm,Quratest_1,0.0,0.0,0.43326784237640487,0.7940491643704034,0.4075007504501292,0.7157144855115313,0.3877288032110346,0.9346534963338613,0.20074515735518972,0.020141033911052226,0.23876953125,0.8740234375,True,True,True,True,True,True,True,True,True,True,True,True
708,qpeexact_6_Mutant_Remove_cp_P6_Q5.qasm,PureState_2,0.0,0.0,0.7970469726533127,0.989770105631131,0.7204052671146717,0.8280944122375288,0.8858723411416902,0.9993045785146737,0.03806023374435942,4.61207822021774e-06,0.02294921875,0.63818359375,True,True,True,True,True,True,True,True,True,True,True,True
709,qpeexact_6_Mutant_Remove_cp_P6_Q5.qasm,Quratest_2,0.0,0.0,0.4781833698034555,0.8189233232828075,0.4454398030802589,0.7261375105790104,0.5018861894233169,0.9358433433430783,0.12315453726438981,0.03524853283507076,0.0771484375,0.6708984375,True,True,True,True,True,True,True,True,True,True,True,True
710,qpeexact_6_Mutant_Remove_cp_P6_Q5.qasm,PureState_3,0.0,0.0,0.4172528406606363,0.909445053010479,0.39140626571896175,0.7906856617923639,0.4443582307761399,0.9951687180558701,0.03806023374435938,0.00042312880048175775,0.6181640625,0.98828125,True,True,True,True,True,True,True,True,True,True,True,True
711,qpeexact_6_Mutant_Remove_cp_P6_Q5.qasm,Quratest_3,0.0,0.0,0.4414389240284869,0.9115624256951973,0.40711126315357465,0.7855813431054718,0.4284523937469051,0.9767004704731099,0.16478859042029986,0.002893859484371887,0.25830078125,0.5126953125,True,True,True,True,True,True,True,True,True,True,True,True
712,qpeexact_6_Mutant_Remove_cp_P6_Q5.qasm,PureState_4,0.0,0.0,0.7380402488600969,0.8564482090575155,0.6657612195186673,0.7664479736810494,0.8124766422553218,0.9817123933687806,0.03806023374435891,0.0019204983906613148,0.01416015625,0.71044921875,True,True,True,True,True,True,True,True,True,True,True,True
713,qpeexact_6_Mutant_Remove_cp_P6_Q5.qasm,Quratest_4,3.829904895232873e-27,0.0,0.05017804005327448,0.9008538328649426,0.05012032257777826,0.7810581199610391,0.0443042813697242,0.9745090199768869,0.08723723194393382,0.0018756964009356797,0.02978515625,0.642578125,True,True,False,True,False,True,True,True,True,True,True,True
714,qpeexact_6_Mutant_Remove_cp_P6_Q5.qasm,PureState_5,0.0,0.0,0.803859965659572,0.9500831788982183,0.726367545017427,0.8088632932814798,0.8858723411416903,0.9993045785146736,0.03806023374435938,0.0002778874698897808,0.02294921875,0.67626953125,True,True,True,True,True,True,True,True,True,True,True,True
715,qpeexact_6_Mutant_Remove_cp_P6_Q5.qasm,Quratest_5,0.0,0.0,0.3267986161956806,0.8608943482203948,0.3067769106845016,0.7608957956132026,0.2420479734599283,0.9565595274927382,0.3271628438378812,0.013149256448814773,0.00146484375,0.68701171875,True,True,True,True,True,True,True,True,True,True,True,True
716,qpeexact_6_Mutant_Remove_cp_P6_Q5.qasm,PureState_6,0.0024615612177878716,0.0,0.020445687528979704,0.9935680564535966,0.020440360408157308,0.8303158135639145,0.0,0.9998110891985474,1.000000000000011,5.305763429374434e-06,0.0,1.173828125,True,True,False,True,False,True,False,True,False,True,False,True
717,qpeexact_6_Mutant_Remove_cp_P6_Q5.qasm,Quratest_6,0.0,0.0,0.5271178961428726,0.6199107726636818,0.4904408142429305,0.547182628590954,0.4790917412376408,0.6631331015514847,0.24066443189249723,0.27672926220674393,0.00537109375,0.4072265625,True,True,True,True,True,True,True,True,True,True,True,True
718,qpeexact_6_Mutant_Remove_cp_P6_Q5.qasm,PureState_7,2.5884105539633868e-05,0.0,0.025089842631484,0.9935721019078868,0.024767458475674384,0.8301928241770177,0.0,0.9998110891985472,1.0000000000000107,5.285054733189141e-06,0.0,1.173828125,True,True,False,True,False,True,False,True,False,True,False,True
719,qpeexact_6_Mutant_Remove_cp_P6_Q5.qasm,Quratest_7,0.0,0.0,0.4476784169399541,0.9260945864530908,0.42235636424313905,0.7951064960229294,0.5050793134344337,0.989262388979519,0.050410011291465204,0.00041849410263264847,0.00341796875,0.65185546875,True,True,True,True,True,True,True,True,True,True,True,True
720,qpeexact_6_Mutant_Remove_cp_P6_Q5.qasm,PureState_8,0.0,0.0,0.31809094939530685,0.9957093145020327,0.3026722039440525,0.8313977347849287,0.2749964627894913,0.9998253413384663,0.03806023374435946,9.784571443537368e-07,0.35205078125,0.45947265625,True,True,True,True,True,True,True,True,True,True,True,True
721,qpeexact_6_Mutant_Remove_cp_P6_Q5.qasm,Quratest_8,0.0,0.0,0.2231114557436895,0.9282180817941328,0.21865765258854195,0.7933017457314108,0.23036111807320342,0.9800780927444945,0.21093715555438855,0.0004602136812967232,0.1806640625,0.583984375,True,True,True,True,True,True,True,True,True,True,True,True
722,qpeexact_6_Mutant_Remove_cp_P6_Q5.qasm,PureState_9,0.09526893120635187,0.0,0.012895248854705133,0.9517237968975024,0.012889741826071024,0.808862665143831,0.0,0.9939803278342376,1.000000000000011,0.002425221654555289,0.0,0.630859375,True,True,False,True,False,True,False,True,False,True,False,True
723,qpeexact_6_Mutant_Remove_cp_P6_Q5.qasm,Quratest_9,0.0,0.0,0.46902060765431725,0.8508238061927835,0.4472979550209434,0.7507540178864611,0.49629410145672603,0.9627906781054875,0.08438918611058462,0.0034474111874087943,0.36376953125,0.85107421875,True,True,True,True,True,True,True,True,True,True,True,True
724,qpeexact_6_Mutant_Remove_cp_P6_Q5.qasm,PureState_10,0.5551663059943113,0.0,0.005096851650439422,0.950760530355795,0.0050968261925532655,0.8087919870218727,0.0,0.9940209969767144,1.000000000000011,0.002520613715693295,0.0,1.34326171875,False,True,False,True,False,True,False,True,False,True,False,True
725,qpeexact_6_Mutant_Remove_cp_P6_Q5.qasm,Quratest_10,0.0,0.0,0.4609445328646822,0.8167241085171251,0.4395519465010064,0.7347714333397708,0.5044932058481987,0.9554030226227233,0.11322445264556784,0.010359058259604826,0.28466796875,0.5380859375,True,True,True,True,True,True,True,True,True,True,True,True
726,qpeexact_6_Mutant_Remove_cp_P6_Q5.qasm,PureState_11,8.30476973314813e-05,0.0,0.022542411672849684,0.9863196611760113,0.022523776133512297,0.8281416948317977,0.0,0.9970910946110958,1.000000000000011,3.207632953230509e-05,0.0,0.1552734375,True,True,False,True,False,True,False,True,False,True,False,True
727,qpeexact_6_Mutant_Remove_cp_P6_Q5.qasm,Quratest_11,0.0,0.0,0.6569417262659447,0.9071135781942952,0.6082583933799118,0.7885731566894444,0.7558200847126235,0.9810372167155873,0.039390430603310406,0.0008667176228708257,0.11474609375,0.5869140625,True,True,True,True,True,True,True,True,True,True,True,True
728,qpeexact_6_Mutant_Remove_cp_P6_Q5.qasm,PureState_12,0.0,0.0,0.13927172861839368,0.993865425161768,0.13900946584638807,0.8317960920947831,0.19134171618254472,0.9999953649742823,0.0380602337443595,2.317559570059514e-06,0.39599609375,0.63525390625,True,True,True,True,True,True,True,True,True,True,True,True
729,qpeexact_6_Mutant_Remove_cp_P6_Q5.qasm,Quratest_12,7.911049356291294e-120,0.0,0.07314664203524712,0.8847163134303413,0.07229171423877197,0.775042672885191,0.03844111438960808,0.9681780406995958,0.8887752200540133,0.0062657389731724964,0.0322265625,1.046875,True,True,False,True,False,True,True,True,True,True,True,True
730,qpeexact_6_Mutant_Remove_cp_P6_Q5.qasm,PureState_13,0.0,0.0,0.5562402405783768,0.9971235817858595,0.5323397647387231,0.8316703286109961,0.6801941318123677,0.9999953334468659,0.038060233744359406,3.6174455148822704e-07,1.3740234375,0.0810546875,True,True,True,True,True,True,True,True,True,True,True,True
731,qpeexact_6_Mutant_Remove_cp_P6_Q5.qasm,Quratest_13,0.0,0.0,0.32348248295670784,0.9575002109706717,0.3115221428822485,0.813818841579919,0.3259912311826572,0.9884865990542411,0.06392338880762816,0.0002508206367781896,0.14794921875,0.51025390625,True,True,True,True,True,True,True,True,True,True,True,True
732,qpeexact_6_Mutant_Remove_cp_P6_Q5.qasm,PureState_14,0.007065781752657858,0.0,0.014070657248467554,0.9860312775664896,0.0140430060146781,0.8283091894541027,0.0,0.9970919135931838,1.000000000000011,3.721257042192033e-05,0.0,0.66748046875,True,True,False,True,False,True,False,True,False,True,False,True
733,qpeexact_6_Mutant_Remove_cp_P6_Q5.qasm,Quratest_14,0.0,0.0,0.23779065609076555,0.8561944621150924,0.224182420615091,0.7511039006588386,0.13430124913756372,0.9618199665957587,0.47846512562510723,0.002807336419583447,0.04931640625,0.56494140625,True,True,True,True,True,True,True,True,True,True,True,True
734,qpeexact_6_Mutant_Remove_cp_P6_Q5.qasm,PureState_15,0.11640120614550478,0.0,0.016457934794546564,0.9918206313341732,0.016453937972576254,0.8299431538567532,0.0,0.999161155991599,1.0000000000000107,9.22749597864072e-06,0.0,1.15478515625,True,True,False,True,False,True,False,True,False,True,False,True
735,qpeexact_6_Mutant_Remove_cp_P6_Q5.qasm,Quratest_15,0.0,0.0,0.46134866377379036,0.9766205411130983,0.4386312716119766,0.8209904780414872,0.5008104226290112,0.9932245941506339,0.04083697142482239,8.56344104460174e-05,0.39501953125,0.85498046875,True,True,True,True,True,True,True,True,True,True,True,True
736,qpeexact_6_Mutant_Remove_cp_P6_Q5.qasm,PureState_16,0.00836319882312274,0.0,0.019648001109453424,0.9843232003739599,0.019231752416125094,0.8233802552328116,0.0,0.9939393820619848,1.000000000000011,0.00010469947398327042,0.0,0.73486328125,True,True,False,True,False,True,False,True,False,True,False,True
737,qpeexact_6_Mutant_Remove_cp_P6_Q5.qasm,Quratest_16,0.0,0.0,0.38730941420314147,0.883843499009209,0.3725245269022705,0.7668861902461556,0.387032262978754,0.9694842860885169,0.33222925404842185,0.0020960421881236345,0.181640625,0.5556640625,True,True,True,True,True,True,True,True,True,True,True,True
738,qpeexact_6_Mutant_Remove_cp_P6_Q5.qasm,PureState_17,0.0,0.0,0.895127885196569,0.9929037538333052,0.7805068393697828,0.8319828431172548,0.961939766255643,0.9999953956785461,0.038060233744359385,4.604387283200982e-06,1.92724609375,1.64794921875,True,True,True,True,True,True,True,True,True,True,True,True
739,qpeexact_6_Mutant_Remove_cp_P6_Q5.qasm,Quratest_17,0.0,0.0,0.4567566553454691,0.8446225546137308,0.4330493457824459,0.7524427004627149,0.4401041939432966,0.962718557361803,0.06930191596238162,0.005831585682248396,0.01513671875,0.67431640625,True,True,True,True,True,True,True,True,True,True,True,True
740,qpeexact_6_Mutant_Remove_cp_P6_Q5.qasm,PureState_18,0.0,0.0,0.6497018383577449,0.9734417872857194,0.60320139065875,0.8176229424058808,0.7467246444785206,0.9993045785146735,0.0380602337443594,4.868978094522899e-05,0.0478515625,0.6357421875,True,True,True,True,True,True,True,True,True,True,True,True
741,qpeexact_6_Mutant_Remove_cp_P6_Q5.qasm,Quratest_18,0.0,0.0,0.34248185206876736,0.923760401480837,0.33322592861542005,0.797864243447852,0.39093217788206147,0.984508198299719,0.05780720929542839,0.0006661211150110755,0.51416015625,0.40234375,True,True,True,True,True,True,True,True,True,True,True,True
742,qpeexact_6_Mutant_Remove_cp_P6_Q5.qasm,PureState_19,0.06966603368611987,0.0,0.013015284921640611,0.9858955057446035,0.013013847811111723,0.825017095555294,0.0,0.9939803278342376,1.0000000000000107,0.00011512359116802675,0.0,0.6298828125,True,True,False,True,False,True,False,True,False,True,False,True
743,qpeexact_6_Mutant_Remove_cp_P6_Q5.qasm,Quratest_19,6.54445479434851e-74,0.0,0.07487115941324893,0.8990786928535882,0.07463802815209192,0.7833543347520362,0.0713690672930762,0.9758564478798959,0.2789968732430412,0.006752906804965689,0.06689453125,0.478515625,True,True,False,True,False,True,True,True,True,True,True,True
744,qpeexact_6_Mutant_Remove_cp_P6_Q5.qasm,PureState_20,0.0,0.0,0.020585856864695624,0.9848797192748413,0.01982320266083738,0.8239701155143302,0.0,0.9939393820619848,1.000000000000011,0.00010447400050528966,0.0,0.73486328125,True,True,False,True,False,True,False,True,False,True,False,True
745,qpeexact_6_Mutant_Remove_cp_P6_Q5.qasm,Quratest_20,0.0,0.0,0.2942861345512876,0.8093646573682198,0.2700981817502009,0.7230577422945941,0.14204561696445714,0.9324234236576123,0.6220216949293967,0.044294211183556975,0.07666015625,0.802734375,True,True,True,True,True,True,True,True,True,True,True,True
746,qpeexact_6_Mutant_Remove_cp_P6_Q5.qasm,PureState_21,0.002140058212560373,0.0,0.020434086290514415,0.9529480531021749,0.020427058844557054,0.8091323039294832,0.0,0.9939393820619847,1.0000000000000098,0.002400355871624727,0.0,1.32861328125,True,True,False,True,False,True,False,True,False,True,False,True
747,qpeexact_6_Mutant_Remove_cp_P6_Q5.qasm,Quratest_21,4.546334151365639e-199,0.0,0.12969332608089612,0.8406026010919082,0.1268366027417689,0.750051194667569,0.10597314473847746,0.9593081437360065,0.7330817335197359,0.004256852153457105,0.03515625,0.68359375,True,True,False,True,True,True,True,True,True,True,True,True
748,qpeexact_6_Mutant_Remove_cp_P6_Q5.qasm,PureState_22,0.0,0.0,0.4121593329754577,0.7934619838085905,0.3878915341330717,0.7163378344132872,0.4443582307761399,0.9275192055375955,0.0380602337443593,0.007234783693030053,0.61083984375,0.328125,True,True,True,True,True,True,True,True,True,True,True,True
749,qpeexact_6_Mutant_Remove_cp_P6_Q5.qasm,Quratest_22,0.0,0.0,0.22696423781542077,0.8600782284411773,0.22381358198130438,0.7587834439795443,0.24941828230549581,0.977085988056345,0.7245010475676771,0.004826604867486654,0.259765625,0.76904296875,True,True,True,True,True,True,True,True,True,True,True,True
750,qpeexact_6_Mutant_Remove_cp_P6_Q5.qasm,PureState_23,5.2398126962353715e-06,0.0,0.023276863216344503,0.9883145686386118,0.023224033654662888,0.8278176374093453,0.0,0.9958937211130635,1.000000000000011,4.025288730683949e-05,0.0,0.07177734375,True,True,False,True,False,True,False,True,False,True,False,True
751,qpeexact_6_Mutant_Remove_cp_P6_Q5.qasm,Quratest_23,0.0,0.0,0.4135664458149323,0.8149362728967141,0.3946145418834225,0.7267992333823023,0.4399246481435783,0.928657937726201,0.11035491508079882,0.03953510352416782,0.189453125,0.552734375,True,True,True,True,True,True,True,True,True,True,True,True
752,qpeexact_6_Mutant_Remove_cp_P6_Q5.qasm,PureState_24,0.0,0.0,0.5562161159023008,0.998053884106943,0.5325553673661032,0.8321379446832969,0.6801941318123677,0.9999953334468654,0.03806023374435938,3.6598155202108817e-07,1.3740234375,0.0810546875,True,True,True,True,True,True,True,True,True,True,True,True
753,qpeexact_6_Mutant_Remove_cp_P6_Q5.qasm,Quratest_24,0.0,0.0,0.5362610524030301,0.8578328856209243,0.5079036814571393,0.7626817772173872,0.5652578534353196,0.9724859358585388,0.2161142278755707,0.0033784427616475646,0.271484375,0.546875,True,True,True,True,True,True,True,True,True,True,True,True
754,qpeexact_6_Mutant_Remove_cp_P6_Q5.qasm,PureState_25,0.0,0.0,0.8039177436029357,0.988256748058741,0.7265255266289734,0.8281026799121316,0.8858723411416904,0.9993045785146739,0.038060233744359385,4.613403802313061e-06,0.02294921875,0.63818359375,True,True,True,True,True,True,True,True,True,True,True,True
755,qpeexact_6_Mutant_Remove_cp_P6_Q5.qasm,Quratest_25,0.0,0.0,0.1950122508554465,0.9655034988940759,0.19232200599997257,0.8163624398285654,0.18935982225441367,0.9923923086448847,0.8219326732196023,9.052935200539728e-05,0.115234375,0.546875,True,True,True,True,True,True,True,True,True,True,True,True
756,qpeexact_6_Mutant_Remove_cp_P6_Q5.qasm,PureState_26,0.0,0.0,0.31274542134316585,0.9830067414368416,0.2941175641341483,0.8232906839994065,0.2749964627894913,0.9993045785146735,0.0380602337443594,1.2058356441649312e-05,0.34375,0.80517578125,True,True,True,True,True,True,True,True,True,True,True,True
757,qpeexact_6_Mutant_Remove_cp_P6_Q5.qasm,Quratest_26,0.0,0.0,0.29724166879630337,0.9728378631104261,0.29075152334565396,0.819027001337843,0.31106806437396123,0.9957516694720541,0.5375994480632916,5.813266230575828e-05,0.35009765625,0.8056640625,True,True,True,True,True,True,True,True,True,True,True,True
758,qpeexact_6_Mutant_Remove_cp_P6_Q5.qasm,PureState_27,0.0,0.0,0.7458402337072924,0.5051328581463653,0.6709951928795275,0.46584528140968967,0.8124766422553218,0.8984528369005425,0.03806023374435894,0.04113484014689099,0.0185546875,0.560546875,True,True,True,True,True,True,True,True,True,True,True,True
759,qpeexact_6_Mutant_Remove_cp_P6_Q5.qasm,Quratest_27,0.0,0.0,0.3088896828872366,0.6316965452301336,0.3007862856693151,0.5694641877890033,0.3780804457528894,0.8967113623922631,0.38167288591466975,0.02095788718525454,0.03955078125,0.65380859375,True,True,True,True,True,True,True,True,True,True,True,True
760,qpeexact_6_Mutant_Remove_cp_P6_Q5.qasm,PureState_28,0.0002766159937948562,0.0,0.018241738431523043,0.9819698682863551,0.018236661516509555,0.8234125029081607,0.0,0.9939803278342376,1.000000000000011,0.00011466937674797708,0.0,0.6298828125,True,True,False,True,False,True,False,True,False,True,False,True
761,qpeexact_6_Mutant_Remove_cp_P6_Q5.qasm,Quratest_28,0.0,0.0,0.18561066002256957,0.8931202247899566,0.18200021261590404,0.7771157102199391,0.1567421337306766,0.9662079561383417,0.15517759844437254,0.0021935498227453982,0.13671875,0.5517578125,True,True,True,True,True,True,True,True,True,True,True,True
762,qpeexact_6_Mutant_Remove_cp_P6_Q5.qasm,PureState_29,,0.0,0.0,0.21142138093050222,0.0,0.1768879817787804,0.0,0.13283047847017018,1.000000000000011,0.8671695386860035,0.0,0.35205078125,False,True,False,True,False,True,False,True,False,True,False,True
763,qpeexact_6_Mutant_Remove_cp_P6_Q5.qasm,Quratest_29,0.0,0.0,0.3231513541241028,0.847956653853962,0.31706201470560125,0.748610504094979,0.3711183776581185,0.974646273741789,0.04772409435527884,0.0022446099644865816,0.23388671875,0.4814453125,True,True,True,True,True,True,True,True,True,True,True,True
764,qpeexact_6_Mutant_Remove_cp_P6_Q5.qasm,PureState_30,0.04879720537930402,0.0,0.009774290350215275,0.9762825247588619,0.009773860759164104,0.8193750645054473,0.0,0.9940209969767144,1.000000000000011,0.0004634605128980806,0.0,0.0810546875,True,True,False,True,False,True,False,True,False,True,False,True
765,qpeexact_6_Mutant_Remove_cp_P6_Q5.qasm,Quratest_30,1.2148303020003556e-26,0.0,0.04654448016943046,0.6468177596537978,0.04640799593193117,0.5913787542431163,0.022484906316477458,0.7771570277525865,0.459127845121424,0.17118769187713873,0.0146484375,0.7021484375,True,True,False,True,False,True,True,True,True,True,True,True
766,qpeexact_6_Mutant_Remove_cp_P6_Q5.qasm,PureState_31,0.08450705746152246,0.0,0.008984630171807156,0.9525504852276171,0.0089841915942559,0.8101131641782956,0.0,0.9940209969767139,1.000000000000011,0.0025260422189668807,0.0,1.34326171875,True,True,False,True,False,True,False,True,False,True,False,True
767,qpeexact_6_Mutant_Remove_cp_P6_Q5.qasm,Quratest_31,0.0,0.0,0.2706061429700465,0.9103524769561707,0.2580844498619585,0.7840519358332305,0.1950248001958546,0.9726649383306372,0.5818666847909287,0.00236224570614171,0.13623046875,0.357421875,True,True,True,True,True,True,True,True,True,True,True,True
768,qpeexact_6_Mutant_Remove_h_P0_Q0.qasm,PureState_0,0.0,0.0,0.385917385832923,0.5004960519124204,0.37001297733829547,0.46448029090620496,0.42231159931036655,0.8984528369005413,0.5000000000000078,0.04128417729592947,0.07470703125,0.560546875,True,True,True,True,True,True,True,True,True,True,True,True
769,qpeexact_6_Mutant_Remove_h_P0_Q0.qasm,Quratest_0,0.0,0.0,0.46371900969190827,0.8040805014971477,0.4416067124617712,0.7358996072935855,0.5177126524211337,0.9658296303129541,0.2341047870775158,0.0039965067258823095,0.81689453125,0.26708984375,True,True,True,True,True,True,True,True,True,True,True,True
770,qpeexact_6_Mutant_Remove_h_P0_Q0.qasm,PureState_1,0.0,0.0,0.3332281517367343,0.9947383625011451,0.32187060501880543,0.8302941442193619,0.38813482437946784,0.9993046878843495,0.5000000000000093,9.186005078432431e-07,0.0361328125,0.625,True,True,True,True,True,True,True,True,True,True,True,True
771,qpeexact_6_Mutant_Remove_h_P0_Q0.qasm,Quratest_1,0.0,0.0,0.3378225840495927,0.7946376134913843,0.32903635326445013,0.7147608519753806,0.5455477179966183,0.9346534963338599,0.1741480809545865,0.0201410339110522,0.3173828125,0.8740234375,True,True,True,True,True,True,True,True,True,True,True,True
772,qpeexact_6_Mutant_Remove_h_P0_Q0.qasm,PureState_2,0.0,0.0,0.45158582562361615,0.9912556237301386,0.4183660025858799,0.8285102792747843,0.460461440631545,0.9993045785146721,0.5000000000000087,4.612078220217738e-06,0.01708984375,0.63818359375,True,True,True,True,True,True,True,True,True,True,True,True
773,qpeexact_6_Mutant_Remove_h_P0_Q0.qasm,Quratest_2,0.0,0.0,0.21850406676197903,0.8179943660071627,0.21237296313536821,0.7258212964771592,0.3744919996873778,0.935843343343077,0.4999999999999635,0.03524853283507067,0.009765625,0.6708984375,True,True,True,True,True,True,True,True,True,True,True,True
774,qpeexact_6_Mutant_Remove_h_P0_Q0.qasm,PureState_3,0.0,0.0,0.20176436784522472,0.9133015854857953,0.19698242675002595,0.790821527768485,0.23096988312782157,0.9951687180558688,0.5000000000000085,0.00042312880048175693,0.33056640625,0.98828125,True,True,True,True,True,True,True,True,True,True,True,True
775,qpeexact_6_Mutant_Remove_h_P0_Q0.qasm,Quratest_3,0.0,0.0,0.2541737162411972,0.9071050678742846,0.24729492561256375,0.784734400164869,0.27571569847918503,0.9767004704731089,0.004517667087998521,0.0028938594843718715,0.2685546875,0.5126953125,True,True,True,True,True,True,True,True,True,True,True,True
776,qpeexact_6_Mutant_Remove_h_P0_Q0.qasm,PureState_4,0.0,0.0,0.3835573479583745,0.8569409108558514,0.3684804182863758,0.76611068975851,0.42231159931036655,0.9817123933687791,0.5000000000000082,0.0019204983906613087,0.0751953125,0.71044921875,True,True,True,True,True,True,True,True,True,True,True,True
777,qpeexact_6_Mutant_Remove_h_P0_Q0.qasm,Quratest_4,0.0,0.0,0.16819532505710114,0.9013114514580041,0.1672551593712767,0.7816947259878432,0.29806108738429127,0.9745090199768858,0.6128154724645493,0.001875696400935667,0.06591796875,0.642578125,True,True,True,True,True,True,True,True,True,True,True,True
778,qpeexact_6_Mutant_Remove_h_P0_Q0.qasm,PureState_5,0.0,0.0,0.452338095737049,0.949810642768217,0.41881102448652147,0.810389410299162,0.46046144063154504,0.9993045785146724,0.5000000000000087,0.0002778874698897808,0.02099609375,0.67626953125,True,True,True,True,True,True,True,True,True,True,True,True
779,qpeexact_6_Mutant_Remove_h_P0_Q0.qasm,Quratest_5,0.0,0.0,0.3610695187034269,0.8612277311708594,0.349485317545109,0.7612935453286408,0.47789593554476656,0.956559527492737,0.17414808095458628,0.01314925644881475,0.015625,0.68701171875,True,True,True,True,True,True,True,True,True,True,True,True
780,qpeexact_6_Mutant_Remove_h_P0_Q0.qasm,PureState_6,0.0,0.0,0.240675025145504,0.9943976464846719,0.23699706228201872,0.8307310067366859,0.2899229545810799,0.9998110891985454,0.5000000000000087,5.305763429374875e-06,0.5029296875,1.173828125,True,True,True,True,True,True,True,True,True,True,True,True
781,qpeexact_6_Mutant_Remove_h_P0_Q0.qasm,Quratest_6,0.0,0.0,0.37648828181536076,0.6151239354741856,0.35103688664045324,0.5441319684252659,0.46966423505250005,0.6631331015514829,0.49999999999999645,0.2767292622067429,0.2529296875,0.4072265625,True,True,True,True,True,True,True,True,True,True,True,True
782,qpeexact_6_Mutant_Remove_h_P0_Q0.qasm,PureState_7,0.0,0.0,0.23903304163297187,0.9915965666306293,0.2347205779403795,0.8302275370067294,0.2899229545810799,0.9998110891985454,0.5000000000000084,5.285054733189181e-06,0.5029296875,1.173828125,True,True,True,True,True,True,True,True,True,True,True,True
783,qpeexact_6_Mutant_Remove_h_P0_Q0.qasm,Quratest_7,0.0,0.0,0.20762583819093708,0.9162799722012024,0.20442963761418834,0.7907690926889247,0.2512701517376901,0.9892623889795181,0.5802975533706827,0.0004184941026326455,0.01220703125,0.65185546875,True,True,True,True,True,True,True,True,True,True,True,True
784,qpeexact_6_Mutant_Remove_h_P0_Q0.qasm,PureState_8,0.0,0.0,0.1481708803291394,0.9939034637016088,0.1410357123834763,0.830712246285105,0.14293850427866017,0.999825341338465,0.5000000000000084,9.784571443538933e-07,0.16064453125,0.45947265625,True,True,True,True,True,True,True,True,True,True,True,True
785,qpeexact_6_Mutant_Remove_h_P0_Q0.qasm,Quratest_8,0.0,0.0,0.1853934653198741,0.9308817292114814,0.18339489504728473,0.7943674492641771,0.2830221743185265,0.9800780927444936,0.0070574888040314775,0.0004602136812967168,0.13330078125,0.583984375,True,True,True,True,True,True,True,True,True,True,True,True
786,qpeexact_6_Mutant_Remove_h_P0_Q0.qasm,PureState_9,0.0,0.0,0.37899858477140785,0.9539765448226175,0.36353717412168873,0.8103504266062684,0.42231159931036644,0.9939803278342355,0.5000000000000085,0.0024252216545552745,0.0146484375,0.630859375,True,True,True,True,True,True,True,True,True,True,True,True
787,qpeexact_6_Mutant_Remove_h_P0_Q0.qasm,Quratest_9,0.0,0.0,0.31497782724716067,0.8514492551773929,0.3062648098042292,0.7507431314754811,0.3347184903773844,0.9627906781054865,0.24909975957426128,0.003447411187408782,0.2421875,0.85107421875,True,True,True,True,True,True,True,True,True,True,True,True
788,qpeexact_6_Mutant_Remove_h_P0_Q0.qasm,PureState_10,0.0,0.0,0.275108725004958,0.9521768155429591,0.2720774760770397,0.8102926801802407,0.3535533905932736,0.9940209969767123,0.5000000000000089,0.0025206137156932825,0.71630859375,1.34326171875,True,True,True,True,True,True,True,True,True,True,True,True
789,qpeexact_6_Mutant_Remove_h_P0_Q0.qasm,Quratest_10,0.0,0.0,0.33857243000947673,0.8123457434948739,0.3293928361365051,0.7314778659615765,0.578465903772514,0.9554030226227213,0.14510493042699865,0.010359058259604773,0.17822265625,0.5380859375,True,True,True,True,True,True,True,True,True,True,True,True
790,qpeexact_6_Mutant_Remove_h_P0_Q0.qasm,PureState_11,0.0,0.0,0.23996587760503185,0.9942576957948651,0.2356115360949297,0.829955581824469,0.28992295458108,0.9970910946110938,0.5000000000000089,3.2076329532304726e-05,0.515625,0.1552734375,True,True,True,True,True,True,True,True,True,True,True,True
791,qpeexact_6_Mutant_Remove_h_P0_Q0.qasm,Quratest_11,0.0,0.0,0.32711282205713227,0.9110446458750584,0.31823703823406796,0.7896654796198662,0.40763302903139353,0.9810372167155869,0.49999999999998673,0.0008667176228708163,0.07080078125,0.5869140625,True,True,True,True,True,True,True,True,True,True,True,True
792,qpeexact_6_Mutant_Remove_h_P0_Q0.qasm,PureState_12,0.9999999999984035,0.0,0.0,0.9929037598510736,0.0,0.8319828433203438,1.3877787807814457e-16,0.999995364974281,0.5000000000000089,2.31755957005951e-06,0.0,0.63525390625,False,True,False,True,False,True,False,True,True,True,False,True
793,qpeexact_6_Mutant_Remove_h_P0_Q0.qasm,Quratest_12,0.0,0.0,0.2357831742332304,0.8870544639140076,0.22954346293302108,0.7758498452275217,0.23730952543997683,0.9681780406995941,0.004003821031369043,0.006265738973172455,0.25537109375,1.046875,True,True,True,True,True,True,True,True,True,True,True,True
794,qpeexact_6_Mutant_Remove_h_P0_Q0.qasm,PureState_13,0.0,0.0,0.28562783748345805,0.9977726599319819,0.2821913553954725,0.8319782425245625,0.3535533905932736,0.9999953334468643,0.5000000000000092,3.6174455148821735e-07,0.7080078125,0.0810546875,True,True,True,True,True,True,True,True,True,True,True,True
795,qpeexact_6_Mutant_Remove_h_P0_Q0.qasm,Quratest_13,0.0,0.0,0.19885156711698107,0.9532751286913049,0.19128875394273637,0.8124626996664025,0.16649125028423611,0.9884865990542409,0.1386491462017175,0.0002508206367781939,0.26171875,0.51025390625,True,True,True,True,True,True,True,True,True,True,True,True
796,qpeexact_6_Mutant_Remove_h_P0_Q0.qasm,PureState_14,0.0,0.0,0.2079000754006265,0.9881039541149613,0.20187525397021067,0.828642366434345,0.23096988312782157,0.9970919135931817,0.5000000000000085,3.721257042192002e-05,0.02001953125,0.66748046875,True,True,True,True,True,True,True,True,True,True,True,True
797,qpeexact_6_Mutant_Remove_h_P0_Q0.qasm,Quratest_14,0.0,0.0,0.3233077754751005,0.8544164234465499,0.3121000092163758,0.7515626619014099,0.46364494201276124,0.9618199665957563,0.15530909968856227,0.0028073364195834124,0.23291015625,0.56494140625,True,True,True,True,True,True,True,True,True,True,True,True
798,qpeexact_6_Mutant_Remove_h_P0_Q0.qasm,PureState_15,0.0,0.0,0.33922850117819975,0.9921234417116154,0.3268438646895808,0.8296062414259459,0.38813482437946767,0.999161155991597,0.5000000000000081,9.22749597864067e-06,0.5048828125,1.15478515625,True,True,True,True,True,True,True,True,True,True,True,True
799,qpeexact_6_Mutant_Remove_h_P0_Q0.qasm,Quratest_15,0.0,0.0,0.3246043218121676,0.9798638863417751,0.31683553989805735,0.8215785831629774,0.47241424908345897,0.9932245941506317,0.10827702984062472,8.563441044602188e-05,0.328125,0.85498046875,True,True,True,True,True,True,True,True,True,True,True,True
800,qpeexact_6_Mutant_Remove_h_P0_Q0.qasm,PureState_16,0.0,0.0,0.1488379432214577,0.9835249661115547,0.14345272814514806,0.822890301937036,0.1429385042786602,0.9939393820619828,0.5000000000000087,0.00010469947398327,0.08544921875,0.73486328125,True,True,True,True,True,True,True,True,True,True,True,True
801,qpeexact_6_Mutant_Remove_h_P0_Q0.qasm,Quratest_16,0.0,0.0,0.24241477495888136,0.8866385254376532,0.23482717340443807,0.768205180484943,0.34603198877179475,0.9694842860885153,0.5923562553947687,0.002096042188123607,0.0869140625,0.5556640625,True,True,True,True,True,True,True,True,True,True,True,True
802,qpeexact_6_Mutant_Remove_h_P0_Q0.qasm,PureState_17,0.0,0.0,0.5469400161650185,0.9929037538333052,0.46970359335008804,0.8319828431172546,0.4999999999999999,0.9999953956785446,0.500000000000009,4.604387283200962e-06,0.9873046875,1.64794921875,True,True,True,True,True,True,True,True,True,True,True,True
803,qpeexact_6_Mutant_Remove_h_P0_Q0.qasm,Quratest_17,0.0,0.0,0.34452571606490573,0.8413500087001288,0.3364768792128437,0.7493889983195099,0.46750859853377036,0.9627185573618008,0.21129990918379604,0.005831585682248333,0.044921875,0.67431640625,True,True,True,True,True,True,True,True,True,True,True,True
804,qpeexact_6_Mutant_Remove_h_P0_Q0.qasm,PureState_18,0.0,0.0,0.33348270805267105,0.9737460155303981,0.32088783879838023,0.8173226610156391,0.3881348243794676,0.9993045785146722,0.5000000000000084,4.8689780945228936e-05,0.025390625,0.6357421875,True,True,True,True,True,True,True,True,True,True,True,True
805,qpeexact_6_Mutant_Remove_h_P0_Q0.qasm,Quratest_18,0.0,0.0,0.21576523237229192,0.9207015747003476,0.21381537480691773,0.7969240379868396,0.4501457706752451,0.9845081982997169,0.5182855737095841,0.0006661211150110594,0.5546875,0.40234375,True,True,True,True,True,True,True,True,True,True,True,True
806,qpeexact_6_Mutant_Remove_h_P0_Q0.qasm,PureState_19,0.0,0.0,0.37964003463771956,0.9849863229877274,0.3641201734443199,0.8244539877252026,0.4223115993103663,0.9939803278342354,0.5000000000000084,0.00011512359116802613,0.015625,0.6298828125,True,True,True,True,True,True,True,True,True,True,True,True
807,qpeexact_6_Mutant_Remove_h_P0_Q0.qasm,Quratest_19,2.2861489175978837e-243,0.0,0.13882748355385366,0.9026157291088428,0.13766016491771202,0.7851698008982222,0.26608992055222047,0.9758564478798952,0.7476354118585626,0.006752906804965689,0.24560546875,0.478515625,True,True,True,True,True,True,True,True,True,True,True,True
808,qpeexact_6_Mutant_Remove_h_P0_Q0.qasm,PureState_20,0.0,0.0,0.15753803681731424,0.9850805149546398,0.14968389225460502,0.8245791816195986,0.14293850427866017,0.9939393820619828,0.5000000000000087,0.00010447400050528973,0.08544921875,0.73486328125,True,True,True,True,True,True,True,True,True,True,True,True
809,qpeexact_6_Mutant_Remove_h_P0_Q0.qasm,Quratest_20,0.0,0.0,0.34801232622251127,0.8074253188518367,0.33322745173697704,0.7214766005518949,0.38367234677770423,0.9324234236576119,0.44153650941072703,0.04429421118355698,0.162109375,0.802734375,True,True,True,True,True,True,True,True,True,True,True,True
810,qpeexact_6_Mutant_Remove_h_P0_Q0.qasm,PureState_21,0.0,0.0,0.44765427954967196,0.9543660284795202,0.4152504354790437,0.8102016479305366,0.4604614406315448,0.9939393820619827,0.5000000000000082,0.0024003558716247228,0.71044921875,1.32861328125,True,True,True,True,True,True,True,True,True,True,True,True
811,qpeexact_6_Mutant_Remove_h_P0_Q0.qasm,Quratest_21,0.0,0.0,0.28826448305968755,0.8413534574220285,0.28085796502939864,0.7497629541581379,0.4118315483569224,0.9593081437360053,0.2484900166525578,0.004256852153457087,0.1845703125,0.68359375,True,True,True,True,True,True,True,True,True,True,True,True
812,qpeexact_6_Mutant_Remove_h_P0_Q0.qasm,PureState_22,0.0,0.0,0.20258953886288716,0.792927086774337,0.1978145043527064,0.7146463031708393,0.23096988312782163,0.9275192055375944,0.5000000000000078,0.00723478369303003,0.32958984375,0.328125,True,True,True,True,True,True,True,True,True,True,True,True
813,qpeexact_6_Mutant_Remove_h_P0_Q0.qasm,Quratest_22,0.0,0.0,0.2893286385930841,0.8583489080544116,0.2731771165707346,0.7584930359746087,0.28223790524631065,0.9770859880563436,0.7383295378899332,0.004826604867486592,0.380859375,0.76904296875,True,True,True,True,True,True,True,True,True,True,True,True
814,qpeexact_6_Mutant_Remove_h_P0_Q0.qasm,PureState_23,0.0,0.0,0.4511887243655515,0.9877083417303705,0.4180315129625643,0.8277260798774824,0.4604614406315449,0.9958937211130615,0.500000000000009,4.025288730684012e-05,0.68994140625,0.07177734375,True,True,True,True,True,True,True,True,True,True,True,True
815,qpeexact_6_Mutant_Remove_h_P0_Q0.qasm,Quratest_23,0.0,0.0,0.23959536078478316,0.816305384382205,0.23607390143215284,0.7266498734398528,0.3407935262785837,0.9286579377262001,0.4999999999999853,0.03953510352416779,0.10693359375,0.552734375,True,True,True,True,True,True,True,True,True,True,True,True
816,qpeexact_6_Mutant_Remove_h_P0_Q0.qasm,PureState_24,0.0,0.0,0.272896772012193,0.996103966040649,0.26986652288256596,0.8312193643377436,0.3535533905932736,0.9999953334468641,0.5000000000000087,3.659815520210853e-07,0.7080078125,0.0810546875,True,True,True,True,True,True,True,True,True,True,True,True
817,qpeexact_6_Mutant_Remove_h_P0_Q0.qasm,Quratest_24,0.0,0.0,0.4151341834386954,0.8551854285424403,0.39997862362418374,0.7608297600236668,0.522603054995316,0.9724859358585374,0.17192625313252918,0.0033784427616475494,0.0849609375,0.546875,True,True,True,True,True,True,True,True,True,True,True,True
818,qpeexact_6_Mutant_Remove_h_P0_Q0.qasm,PureState_25,0.0,0.0,0.4497534781383243,0.9888631434197652,0.4156740145228931,0.82892997699414,0.46046144063154515,0.9993045785146722,0.5000000000000084,4.613403802313037e-06,0.01708984375,0.63818359375,True,True,True,True,True,True,True,True,True,True,True,True
819,qpeexact_6_Mutant_Remove_h_P0_Q0.qasm,Quratest_25,0.0,0.0,0.3131716146868418,0.9654535675032838,0.3074806180206231,0.8154859955662092,0.47190407768471376,0.992392308644882,0.5650745073072587,9.0529352005398e-05,0.23681640625,0.546875,True,True,True,True,True,True,True,True,True,True,True,True
820,qpeexact_6_Mutant_Remove_h_P0_Q0.qasm,PureState_26,0.0,0.0,0.15167127357601626,0.9868351352512956,0.1443292435723112,0.8242359110548095,0.14293850427866023,0.9993045785146721,0.5000000000000087,1.2058356441649258e-05,0.18505859375,0.80517578125,True,True,True,True,True,True,True,True,True,True,True,True
821,qpeexact_6_Mutant_Remove_h_P0_Q0.qasm,Quratest_26,0.0,0.0,0.28892625015532875,0.9783559376248031,0.28336614635740237,0.821311147410243,0.4069451053993668,0.9957516694720527,8.405938043435312e-05,5.8132662305759815e-05,0.33935546875,0.8056640625,True,True,True,True,True,True,True,True,True,True,True,True
822,qpeexact_6_Mutant_Remove_h_P0_Q0.qasm,PureState_27,0.0,0.0,0.3883808208093713,0.5060802659076312,0.37124270250662933,0.4662942450025062,0.42231159931036655,0.8984528369005411,0.5000000000000074,0.04113484014689085,0.07470703125,0.560546875,True,True,True,True,True,True,True,True,True,True,True,True
823,qpeexact_6_Mutant_Remove_h_P0_Q0.qasm,Quratest_27,0.0,0.0,0.4930445416561256,0.6319240644545936,0.47090944423920433,0.5693868124731237,0.5792791347587901,0.896711362392262,0.057663675376652734,0.02095788718525447,0.08251953125,0.65380859375,True,True,True,True,True,True,True,True,True,True,True,True
824,qpeexact_6_Mutant_Remove_h_P0_Q0.qasm,PureState_28,0.0,0.0,0.3894895175035736,0.9818541661017257,0.37284780989379934,0.8239582313482364,0.4223115993103664,0.9939803278342354,0.5000000000000089,0.00011466937674797641,0.015625,0.6298828125,True,True,True,True,True,True,True,True,True,True,True,True
825,qpeexact_6_Mutant_Remove_h_P0_Q0.qasm,Quratest_28,0.0,0.0,0.26947689745739156,0.8887944909373258,0.26489107218731467,0.7765953747306017,0.385945937317179,0.9662079561383408,0.07202657022040382,0.0021935498227453913,0.1318359375,0.5517578125,True,True,True,True,True,True,True,True,True,True,True,True
826,qpeexact_6_Mutant_Remove_h_P0_Q0.qasm,PureState_29,0.0,0.0,0.5406734314554716,0.2169266916354106,0.4640283640092807,0.18154087209064168,0.49999999999999983,0.1328304784701717,0.5000000000000071,0.8671695386860007,1.0126953125,0.35205078125,True,True,True,True,True,True,True,True,True,True,True,True
827,qpeexact_6_Mutant_Remove_h_P0_Q0.qasm,Quratest_29,0.0,0.0,0.23021215727651823,0.8507910560023756,0.22782462012737156,0.7511012411900285,0.27529990960784256,0.9746462737417878,0.09921584983445468,0.00224460996448657,0.2021484375,0.4814453125,True,True,True,True,True,True,True,True,True,True,True,True
828,qpeexact_6_Mutant_Remove_h_P0_Q0.qasm,PureState_30,0.0,0.0,0.2829145521988501,0.9732881593391843,0.27965111751012994,0.8186833799797044,0.35355339059327356,0.9940209969767122,0.5000000000000085,0.0004634605128980784,0.7080078125,0.0810546875,True,True,True,True,True,True,True,True,True,True,True,True
829,qpeexact_6_Mutant_Remove_h_P0_Q0.qasm,Quratest_30,0.0,0.0,0.2990156884020391,0.6504551944077612,0.28990508998918857,0.5927093643621684,0.35445764026405313,0.7771570277525846,0.521836862029212,0.1711876918771379,0.1494140625,0.7021484375,True,True,True,True,True,True,True,True,True,True,True,True
830,qpeexact_6_Mutant_Remove_h_P0_Q0.qasm,PureState_31,0.0,0.0,0.2809514815955633,0.9524441011821795,0.2777324572050194,0.8097444012477225,0.3535533905932736,0.994020996976712,0.5000000000000093,0.0025260422189668716,0.71630859375,1.34326171875,True,True,True,True,True,True,True,True,True,True,True,True
831,qpeexact_6_Mutant_Remove_h_P0_Q0.qasm,Quratest_31,0.0,0.0,0.48915678394503387,0.9106404539683706,0.4664157956775665,0.7839643422575038,0.7278430112302917,0.9726649383306355,0.05837820262651291,0.0023622457061416857,0.49853515625,0.357421875,True,True,True,True,True,True,True,True,True,True,True,True
832,qpeexact_6_Mutant_Remove_h_P4_Q4.qasm,PureState_0,0.0,0.0,0.5443420184388327,0.5049655861028407,0.4674015016718591,0.46648889564199947,0.49999999999999967,0.8984528369005418,0.5000000000000074,0.04128417729592956,0.0625,0.560546875,True,True,True,True,True,True,True,True,True,True,True,True
833,qpeexact_6_Mutant_Remove_h_P4_Q4.qasm,Quratest_0,0.0,0.0,0.5462956086402778,0.8048930679901923,0.5241194222440272,0.7364591073965838,0.6705483597706356,0.9658296303129541,0.10072979441782434,0.003996506725882304,0.5478515625,0.26708984375,True,True,True,True,True,True,True,True,True,True,True,True
834,qpeexact_6_Mutant_Remove_h_P4_Q4.qasm,PureState_1,0.0,0.0,0.5416385659043789,0.9946941251788798,0.4649763699373911,0.8304390308062463,0.4999999999999999,0.9993046878843501,0.5000000000000082,9.186005078432809e-07,0.04052734375,0.625,True,True,True,True,True,True,True,True,True,True,True,True
835,qpeexact_6_Mutant_Remove_h_P4_Q4.qasm,Quratest_1,0.0,0.0,0.3462854473904789,0.8014551579116067,0.33024651277457723,0.7188946831690027,0.3840497628519137,0.9346534963338605,0.5645148788017215,0.02014103391105217,0.03173828125,0.8740234375,True,True,True,True,True,True,True,True,True,True,True,True
836,qpeexact_6_Mutant_Remove_h_P4_Q4.qasm,PureState_2,0.0,0.0,0.5415276842748014,0.9876451678045968,0.4648530800627228,0.8276106945831988,0.4999999999999998,0.9993045785146727,0.500000000000009,4.612078220217723e-06,0.51708984375,0.63818359375,True,True,True,True,True,True,True,True,True,True,True,True
837,qpeexact_6_Mutant_Remove_h_P4_Q4.qasm,Quratest_2,0.0,0.0,0.4400715612724086,0.8191212951705275,0.4272107733499378,0.7260194537896443,0.6263972073830792,0.9358433433430774,0.030565742438417743,0.035248532835070776,0.11474609375,0.6708984375,True,True,True,True,True,True,True,True,True,True,True,True
838,qpeexact_6_Mutant_Remove_h_P4_Q4.qasm,PureState_3,0.0,0.0,0.5381866464350364,0.9133665781353024,0.4617907922326391,0.7922568999057109,0.4999999999999998,0.9951687180558697,0.5000000000000085,0.00042312880048175775,0.173828125,0.98828125,True,True,True,True,True,True,True,True,True,True,True,True
839,qpeexact_6_Mutant_Remove_h_P4_Q4.qasm,Quratest_3,0.0,0.0,0.538317394089749,0.9130570086096065,0.46195947268410104,0.7851095223505721,0.5000000000000111,0.9767004704731083,0.499999999999987,0.0028938594843718685,0.0986328125,0.5126953125,True,True,True,True,True,True,True,True,True,True,True,True
840,qpeexact_6_Mutant_Remove_h_P4_Q4.qasm,PureState_4,0.0,0.0,0.5398109318579088,0.8572547933697477,0.4633070351466263,0.7648082166633653,0.4999999999999998,0.9817123933687799,0.5000000000000081,0.0019204983906613124,0.044921875,0.71044921875,True,True,True,True,True,True,True,True,True,True,True,True
841,qpeexact_6_Mutant_Remove_h_P4_Q4.qasm,Quratest_4,0.0,0.0,0.17586486626581804,0.9065259898858059,0.1748285728319994,0.7846228474533289,0.23654264700393512,0.974509019976886,0.3570693361970465,0.0018756964009356712,0.0068359375,0.642578125,True,True,True,True,True,True,True,True,True,True,True,True
842,qpeexact_6_Mutant_Remove_h_P4_Q4.qasm,PureState_5,0.0,0.0,0.5429757913055482,0.9499658558894762,0.46622744636556535,0.8097547901075839,0.5,0.9993045785146719,0.5000000000000085,0.00027788746988977953,0.52392578125,0.67626953125,True,True,True,True,True,True,True,True,True,True,True,True
843,qpeexact_6_Mutant_Remove_h_P4_Q4.qasm,Quratest_5,0.0,0.0,0.31951692033070656,0.8634517742118063,0.31378642546316377,0.7632320579173735,0.34859491858998115,0.956559527492737,0.020010601687394238,0.013149256448814732,0.025390625,0.68701171875,True,True,True,True,True,True,True,True,True,True,True,True
844,qpeexact_6_Mutant_Remove_h_P4_Q4.qasm,PureState_6,0.0,0.0,0.5356995511632369,0.9951077004875268,0.4596208184393957,0.8309464571618265,0.4999999999999998,0.9998110891985454,0.500000000000009,5.305763429374897e-06,0.26025390625,1.173828125,True,True,True,True,True,True,True,True,True,True,True,True
845,qpeexact_6_Mutant_Remove_h_P4_Q4.qasm,Quratest_6,0.0,0.0,0.35208771384238396,0.6157442202139349,0.34038872989149777,0.5448155464554051,0.33033425404067107,0.6631331015514838,0.4159087006313187,0.2767292622067433,0.46337890625,0.4072265625,True,True,True,True,True,True,True,True,True,True,True,True
846,qpeexact_6_Mutant_Remove_h_P4_Q4.qasm,PureState_7,0.0,0.0,0.5366752745881586,0.9918896717948941,0.4604458546299941,0.8302948233397175,0.4999999999999997,0.9998110891985454,0.5000000000000084,5.285054733189088e-06,0.63427734375,1.173828125,True,True,True,True,True,True,True,True,True,True,True,True
847,qpeexact_6_Mutant_Remove_h_P4_Q4.qasm,Quratest_7,0.0,0.0,0.5081071250938285,0.9176055614669083,0.49424501701317397,0.7919806901800122,0.6637537321498912,0.989262388979517,0.01289621891309722,0.0004184941026326441,0.08447265625,0.65185546875,True,True,True,True,True,True,True,True,True,True,True,True
848,qpeexact_6_Mutant_Remove_h_P4_Q4.qasm,PureState_8,0.0,0.0,0.5416452451728574,0.9946163224471801,0.4649665401441156,0.8311762897123962,0.49999999999999967,0.9998253413384657,0.5000000000000089,9.784571443538298e-07,0.0859375,0.45947265625,True,True,True,True,True,True,True,True,True,True,True,True
849,qpeexact_6_Mutant_Remove_h_P4_Q4.qasm,Quratest_8,0.0,0.0,0.2779865006255143,0.9282147433810811,0.2686972160792725,0.7931695085245045,0.32349286765585444,0.9800780927444933,0.025833907168914694,0.00046021368129671355,0.00439453125,0.583984375,True,True,True,True,True,True,True,True,True,True,True,True
850,qpeexact_6_Mutant_Remove_h_P4_Q4.qasm,PureState_9,0.0,0.0,0.5373046004769945,0.9554641215342663,0.46101223415395925,0.8115384915007436,0.4999999999999998,0.9939803278342361,0.500000000000009,0.0024252216545552836,0.23876953125,0.630859375,True,True,True,True,True,True,True,True,True,True,True,True
851,qpeexact_6_Mutant_Remove_h_P4_Q4.qasm,Quratest_9,3.0374368321081505e-46,0.0,0.06708002874115124,0.8541056418422486,0.06685189173227914,0.7517802572662627,0.06363362847668785,0.9627906781054872,0.9919015226537937,0.0034474111874087813,0.01416015625,0.85107421875,True,True,False,True,False,True,True,True,True,True,True,True
852,qpeexact_6_Mutant_Remove_h_P4_Q4.qasm,PureState_10,0.0,0.0,0.5414371673549057,0.9538524805155264,0.464728357178116,0.8107679238658891,0.4999999999999998,0.9940209969767129,0.500000000000009,0.002520613715693285,0.59423828125,1.34326171875,True,True,True,True,True,True,True,True,True,True,True,True
853,qpeexact_6_Mutant_Remove_h_P4_Q4.qasm,Quratest_10,0.0,0.0,0.5416730037523219,0.8193752382598684,0.4953353810931899,0.7360720975421441,0.5829718390866727,0.9554030226227221,0.32028766966381167,0.010359058259604785,0.02099609375,0.5380859375,True,True,True,True,True,True,True,True,True,True,True,True
854,qpeexact_6_Mutant_Remove_h_P4_Q4.qasm,PureState_11,0.0,0.0,0.5468825349610276,0.9910030964073663,0.4696750568801149,0.829441264707304,0.4999999999999999,0.9970910946110938,0.5000000000000085,3.2076329532304495e-05,0.24755859375,0.1552734375,True,True,True,True,True,True,True,True,True,True,True,True
855,qpeexact_6_Mutant_Remove_h_P4_Q4.qasm,Quratest_11,0.0,0.0,0.47262976911674504,0.9101996964435675,0.429723536876313,0.7893461818040336,0.45870881810632386,0.9810372167155861,0.561168954461618,0.000866717622870819,0.08447265625,0.5869140625,True,True,True,True,True,True,True,True,True,True,True,True
856,qpeexact_6_Mutant_Remove_h_P4_Q4.qasm,PureState_12,0.0,0.0,0.541409017328755,0.9949939740827594,0.4646973925916058,0.8320246488223719,0.49999999999999967,0.999995364974281,0.5000000000000089,2.317559570059524e-06,0.0546875,0.63525390625,True,True,True,True,True,True,True,True,True,True,True,True
857,qpeexact_6_Mutant_Remove_h_P4_Q4.qasm,Quratest_12,4.6057633764772276e-274,0.0,0.13900639099489331,0.8867456718714664,0.13833613645836745,0.7762755729599373,0.15701097909081413,0.9681780406995949,0.5618057555736388,0.0062657389731724505,0.05078125,1.046875,True,True,True,True,True,True,True,True,True,True,True,True
858,qpeexact_6_Mutant_Remove_h_P4_Q4.qasm,PureState_13,0.0,0.0,0.5410815284539406,0.998181756783344,0.4644524138671087,0.8321460929020589,0.4999999999999998,0.999995333446865,0.500000000000009,3.617445514882244e-07,0.35400390625,0.0810546875,True,True,True,True,True,True,True,True,True,True,True,True
859,qpeexact_6_Mutant_Remove_h_P4_Q4.qasm,Quratest_13,0.0,0.0,0.23984922300257192,0.9534461097689118,0.233356599961867,0.8112557891975952,0.2447999215768576,0.9884865990542402,0.8801459967919396,0.00025082063677818586,0.09716796875,0.51025390625,True,True,True,True,True,True,True,True,True,True,True,True
860,qpeexact_6_Mutant_Remove_h_P4_Q4.qasm,PureState_14,0.0,0.0,0.5386788935025074,0.9839497516491901,0.4622816259038617,0.8271677255783223,0.4999999999999998,0.9970919135931822,0.500000000000009,3.721257042192006e-05,0.24609375,0.66748046875,True,True,True,True,True,True,True,True,True,True,True,True
861,qpeexact_6_Mutant_Remove_h_P4_Q4.qasm,Quratest_14,0.0,0.0,0.29922149970505696,0.8579966200171301,0.28996160882836697,0.7503670937184606,0.31457502856031094,0.9618199665957574,0.6521517732961316,0.002807336419583412,0.0849609375,0.56494140625,True,True,True,True,True,True,True,True,True,True,True,True
862,qpeexact_6_Mutant_Remove_h_P4_Q4.qasm,PureState_15,0.0,0.0,0.5390615900249641,0.9929840042211531,0.462602672039884,0.830068817534178,0.4999999999999998,0.999161155991597,0.5000000000000084,9.22749597864079e-06,0.6123046875,1.15478515625,True,True,True,True,True,True,True,True,True,True,True,True
863,qpeexact_6_Mutant_Remove_h_P4_Q4.qasm,Quratest_15,0.0,0.0,0.5355713016147803,0.9813835401873747,0.459463791714425,0.8220989008674268,0.4931349554057187,0.9932245941506317,0.5136175963975907,8.563441044602176e-05,0.02490234375,0.85498046875,True,True,True,True,True,True,True,True,True,True,True,True
864,qpeexact_6_Mutant_Remove_h_P4_Q4.qasm,PureState_16,0.0,0.0,0.5364507797973656,0.9848499553036232,0.46026257792072295,0.8237728917220808,0.4999999999999999,0.9939393820619828,0.5000000000000084,0.00010469947398326965,0.03955078125,0.73486328125,True,True,True,True,True,True,True,True,True,True,True,True
865,qpeexact_6_Mutant_Remove_h_P4_Q4.qasm,Quratest_16,1.678570646250448e-225,0.0,0.13823522984903605,0.8841590414337344,0.13729951961243167,0.7669357212577843,0.1512557606461782,0.9694842860885164,0.8043680563055872,0.002096042188123621,0.0810546875,0.5556640625,True,True,True,True,True,True,True,True,True,True,True,True
866,qpeexact_6_Mutant_Remove_h_P4_Q4.qasm,PureState_17,0.0,0.0,0.5412614276183539,0.9949874371066197,0.4645605324248916,0.8322479564657578,0.4999999999999996,0.9999953956785453,0.5000000000000087,4.604387283200962e-06,0.49267578125,1.64794921875,True,True,True,True,True,True,True,True,True,True,True,True
867,qpeexact_6_Mutant_Remove_h_P4_Q4.qasm,Quratest_17,0.0,0.0,0.5490571821859173,0.8450955139281792,0.48168411913092485,0.7511467932148918,0.5339528636969021,0.9627185573618012,0.4297886786997644,0.00583158568224832,0.021484375,0.67431640625,True,True,True,True,True,True,True,True,True,True,True,True
868,qpeexact_6_Mutant_Remove_h_P4_Q4.qasm,PureState_18,0.0,0.0,0.5417226882814772,0.9726667379219487,0.46503056690282635,0.8175484390346823,0.4999999999999998,0.9993045785146718,0.5000000000000078,4.868978094522877e-05,0.0166015625,0.6357421875,True,True,True,True,True,True,True,True,True,True,True,True
869,qpeexact_6_Mutant_Remove_h_P4_Q4.qasm,Quratest_18,1.834829988398421e-17,0.0,0.04412265524931819,0.9250528039356913,0.04409329072877179,0.7978818409398448,0.04746001487930158,0.9845081982997169,0.08653827938392704,0.000666121115011064,0.001953125,0.40234375,True,True,False,True,False,True,True,True,True,True,True,True
870,qpeexact_6_Mutant_Remove_h_P4_Q4.qasm,PureState_19,0.0,0.0,0.5364425396753643,0.9845607606954692,0.46026999967864785,0.824796422578529,0.4999999999999997,0.993980327834236,0.5000000000000089,0.00011512359116802675,0.2685546875,0.6298828125,True,True,True,True,True,True,True,True,True,True,True,True
871,qpeexact_6_Mutant_Remove_h_P4_Q4.qasm,Quratest_19,0.0,0.0,0.2704038803594243,0.8994959470106862,0.262288735188836,0.7838622304606975,0.26016863619494357,0.9758564478798946,0.8442017747749462,0.006752906804965669,0.10595703125,0.478515625,True,True,True,True,True,True,True,True,True,True,True,True
872,qpeexact_6_Mutant_Remove_h_P4_Q4.qasm,PureState_20,0.0,0.0,0.5396246594013552,0.9853756775519713,0.46314216081639104,0.8238791492778123,0.4999999999999999,0.9939393820619828,0.5000000000000084,0.00010447400050528938,0.0576171875,0.73486328125,True,True,True,True,True,True,True,True,True,True,True,True
873,qpeexact_6_Mutant_Remove_h_P4_Q4.qasm,Quratest_20,0.0,0.0,0.40016106370385013,0.8102851968423301,0.37109387794686344,0.7236550753054889,0.48884735293901294,0.9324234236576119,0.1709280697401596,0.04429421118355696,0.248046875,0.802734375,True,True,True,True,True,True,True,True,True,True,True,True
874,qpeexact_6_Mutant_Remove_h_P4_Q4.qasm,PureState_21,0.0,0.0,0.5397247297721798,0.9520442141901068,0.4632282760639841,0.8084998306286207,0.4999999999999998,0.9939393820619828,0.5000000000000085,0.002400355871624713,0.365234375,1.32861328125,True,True,True,True,True,True,True,True,True,True,True,True
875,qpeexact_6_Mutant_Remove_h_P4_Q4.qasm,Quratest_21,0.0,0.0,0.5391113092650737,0.842812160029349,0.46269288794967817,0.7504404257823372,0.5000000000000222,0.9593081437360044,0.4999999999999655,0.004256852153457087,0.13623046875,0.68359375,True,True,True,True,True,True,True,True,True,True,True,True
876,qpeexact_6_Mutant_Remove_h_P4_Q4.qasm,PureState_22,0.0,0.0,0.5437758626070965,0.7896560902520916,0.46686911242706514,0.713358827324826,0.4999999999999998,0.927519205537595,0.500000000000009,0.007234783693030046,0.1669921875,0.328125,True,True,True,True,True,True,True,True,True,True,True,True
877,qpeexact_6_Mutant_Remove_h_P4_Q4.qasm,Quratest_22,0.0,0.0,0.4520593397860945,0.8565208801982984,0.4358952689644623,0.7562547261135009,0.5315565020599566,0.9770859880563436,0.0011231272387147333,0.004826604867486621,0.158203125,0.76904296875,True,True,True,True,True,True,True,True,True,True,True,True
878,qpeexact_6_Mutant_Remove_h_P4_Q4.qasm,PureState_23,0.0,0.0,0.5439862115388512,0.9912896285871009,0.4670978054121265,0.8290612654097609,0.4999999999999999,0.9958937211130615,0.5000000000000089,4.025288730683992e-05,0.3515625,0.07177734375,True,True,True,True,True,True,True,True,True,True,True,True
879,qpeexact_6_Mutant_Remove_h_P4_Q4.qasm,Quratest_23,0.0,0.0,0.38195559425141834,0.8147482745114392,0.3615587372331763,0.72553707968894,0.4030601699194251,0.9286579377261999,0.5233327053798598,0.03953510352416777,0.01904296875,0.552734375,True,True,True,True,True,True,True,True,True,True,True,True
880,qpeexact_6_Mutant_Remove_h_P4_Q4.qasm,PureState_24,0.0,0.0,0.5437940914563333,0.9972466641538856,0.4668634931319348,0.8318042455933375,0.4999999999999998,0.9999953334468649,0.5000000000000084,3.6598155202108966e-07,0.33837890625,0.0810546875,True,True,True,True,True,True,True,True,True,True,True,True
881,qpeexact_6_Mutant_Remove_h_P4_Q4.qasm,Quratest_24,0.0,0.0,0.35495139261083697,0.8564287771899136,0.33537000776081705,0.7608409084639488,0.34118136135944904,0.972485935858538,0.7622429757443233,0.003378442761647557,0.0048828125,0.546875,True,True,True,True,True,True,True,True,True,True,True,True
882,qpeexact_6_Mutant_Remove_h_P4_Q4.qasm,PureState_25,0.0,0.0,0.5422399242946014,0.9872068102905882,0.4654831045852401,0.8276395626753107,0.4999999999999999,0.9993045785146729,0.5000000000000087,4.613403802313037e-06,0.02197265625,0.63818359375,True,True,True,True,True,True,True,True,True,True,True,True
883,qpeexact_6_Mutant_Remove_h_P4_Q4.qasm,Quratest_25,0.0,0.0,0.3344538970181821,0.9656068440261815,0.31702504747239735,0.8161692817624715,0.3224403723373764,0.9923923086448829,0.7830340596663362,9.052935200539906e-05,0.05517578125,0.546875,True,True,True,True,True,True,True,True,True,True,True,True
884,qpeexact_6_Mutant_Remove_h_P4_Q4.qasm,PureState_26,0.0,0.0,0.5454374023400946,0.9846755026511176,0.4683832793782567,0.823219560371644,0.4999999999999998,0.9993045785146716,0.5000000000000082,1.2058356441649273e-05,0.115234375,0.80517578125,True,True,True,True,True,True,True,True,True,True,True,True
885,qpeexact_6_Mutant_Remove_h_P4_Q4.qasm,Quratest_26,0.0,0.0,0.5534658879837238,0.9714470088678028,0.4896094322031553,0.8186421598294064,0.5419802099183318,0.995751669472052,0.4125149041137699,5.8132662305760425e-05,0.103515625,0.8056640625,True,True,True,True,True,True,True,True,True,True,True,True
886,qpeexact_6_Mutant_Remove_h_P4_Q4.qasm,PureState_27,0.0,0.0,0.540457698557974,0.5062074965490936,0.4638676581737759,0.4671911822619557,0.4999999999999999,0.8984528369005418,0.500000000000007,0.04113484014689094,0.05859375,0.560546875,True,True,True,True,True,True,True,True,True,True,True,True
887,qpeexact_6_Mutant_Remove_h_P4_Q4.qasm,Quratest_27,0.0,0.0,0.3345146357290187,0.636164159646693,0.3231254548377797,0.5740075356233085,0.3690311009059549,0.8967113623922625,0.5981360068612694,0.020957887185254556,0.1044921875,0.65380859375,True,True,True,True,True,True,True,True,True,True,True,True
888,qpeexact_6_Mutant_Remove_h_P4_Q4.qasm,PureState_28,0.0,0.0,0.5461685729094935,0.9877587408054453,0.46903104655772654,0.8255795097138398,0.49999999999999967,0.9939803278342361,0.5000000000000087,0.00011466937674797667,0.35009765625,0.6298828125,True,True,True,True,True,True,True,True,True,True,True,True
889,qpeexact_6_Mutant_Remove_h_P4_Q4.qasm,Quratest_28,0.0,0.0,0.5383518936760006,0.8960833601126112,0.47557676746019795,0.7792285748813739,0.5276600131327499,0.9662079561383399,0.44153650941072836,0.002193549822745393,0.04443359375,0.5517578125,True,True,True,True,True,True,True,True,True,True,True,True
890,qpeexact_6_Mutant_Remove_h_P4_Q4.qasm,PureState_29,0.0,0.0,0.5468747970468174,0.21005579956662512,0.4696444876344196,0.17573438665486274,0.49999999999999983,0.13283047847017138,0.5000000000000071,0.8671695386860013,0.85498046875,0.35205078125,True,True,True,True,True,True,True,True,True,True,True,True
891,qpeexact_6_Mutant_Remove_h_P4_Q4.qasm,Quratest_29,0.0,0.0,0.5411491044547063,0.8480437075038624,0.497494793316471,0.7503040299732052,0.5809497089542339,0.9746462737417878,0.324994871331988,0.002244609964486572,0.04345703125,0.4814453125,True,True,True,True,True,True,True,True,True,True,True,True
892,qpeexact_6_Mutant_Remove_h_P4_Q4.qasm,PureState_30,0.0,0.0,0.54153547857867,0.9667395480340044,0.4648239550992879,0.8163405310945169,0.4999999999999997,0.9940209969767128,0.5000000000000081,0.00046346051289807884,0.62353515625,0.0810546875,True,True,True,True,True,True,True,True,True,True,True,True
893,qpeexact_6_Mutant_Remove_h_P4_Q4.qasm,Quratest_30,0.0,0.0,0.5413979300324118,0.6514337345462792,0.4647603087516087,0.5943685659190598,0.5000000000000111,0.7771570277525848,0.49999999999998623,0.17118769187713803,0.009765625,0.7021484375,True,True,True,True,True,True,True,True,True,True,True,True
894,qpeexact_6_Mutant_Remove_h_P4_Q4.qasm,PureState_31,0.0,0.0,0.5412497405667019,0.9544890883175949,0.464560329023662,0.8110510595756155,0.4999999999999997,0.9940209969767126,0.500000000000009,0.002526042218966874,0.5859375,1.34326171875,True,True,True,True,True,True,True,True,True,True,True,True
895,qpeexact_6_Mutant_Remove_h_P4_Q4.qasm,Quratest_31,2.7521618835250164e-146,0.0,0.11332910141813625,0.9112468649864959,0.11271649462846543,0.7834726242130252,0.12258344294032782,0.9726649383306362,0.8750531202437912,0.0023622457061416783,0.1025390625,0.357421875,True,True,False,True,False,True,True,True,True,True,True,True
896,qpeexact_6_Mutant_Remove_swap_P12_Q1.qasm,PureState_0,0.0,0.0,0.3780752034353885,0.49963568650186374,0.33002698301034966,0.46301189736167997,0.2866116523516814,0.8984528369005431,0.7285533905932824,0.0412841772959297,0.0595703125,0.560546875,True,True,True,True,True,True,True,True,True,True,True,True
897,qpeexact_6_Mutant_Remove_swap_P12_Q1.qasm,Quratest_0,0.0,0.0,0.2721580703209706,0.805299227439348,0.26435185112453097,0.7358098134758745,0.2770247772162783,0.9658296303129559,0.7327734934287984,0.003996506725882318,0.16357421875,0.26708984375,True,True,True,True,True,True,True,True,True,True,True,True
898,qpeexact_6_Mutant_Remove_swap_P12_Q1.qasm,PureState_1,0.0,0.0,0.3836478920615299,0.993553520038007,0.37150713793040574,0.8298843903197805,0.4275606618970969,0.9993046878843519,0.728553390593284,9.18600507843214e-07,0.2314453125,0.625,True,True,True,True,True,True,True,True,True,True,True,True
899,qpeexact_6_Mutant_Remove_swap_P12_Q1.qasm,Quratest_1,0.0,0.0,0.47654761678355007,0.795989870892739,0.45441944318569777,0.7150089812026759,0.596151509260868,0.9346534963338627,0.12689484064075396,0.020141033911052257,0.2353515625,0.8740234375,True,True,True,True,True,True,True,True,True,True,True,True
900,qpeexact_6_Mutant_Remove_swap_P12_Q1.qasm,PureState_2,0.0,0.0,0.7061347314743541,0.9885064354775499,0.6560198480671852,0.8277576239467752,0.8065324465122369,0.9993045785146746,0.021446609406728417,4.612078220217752e-06,0.2568359375,0.63818359375,True,True,True,True,True,True,True,True,True,True,True,True
901,qpeexact_6_Mutant_Remove_swap_P12_Q1.qasm,Quratest_2,0.0,0.0,0.3380260148818189,0.8183733929912101,0.32816270649869156,0.7264293895842285,0.39887947198644425,0.9358433433430797,0.23248421076505585,0.03524853283507092,0.0087890625,0.6708984375,True,True,True,True,True,True,True,True,True,True,True,True
902,qpeexact_6_Mutant_Remove_swap_P12_Q1.qasm,PureState_3,0.0,0.0,0.8636369197796815,0.915818486691202,0.7350382766721092,0.7928948877493641,0.8535533905932736,0.9951687180558713,0.021446609406728434,0.00042312880048175905,0.9765625,0.98828125,True,True,True,True,True,True,True,True,True,True,True,True
903,qpeexact_6_Mutant_Remove_swap_P12_Q1.qasm,Quratest_3,0.0,0.0,0.2524844619742152,0.9128302166498897,0.2493400983018818,0.7856384317347174,0.35469515605978247,0.976700470473111,0.5494654199375215,0.002893859484371885,0.1904296875,0.5126953125,True,True,True,True,True,True,True,True,True,True,True,True
904,qpeexact_6_Mutant_Remove_swap_P12_Q1.qasm,PureState_4,0.0,0.0,0.3857486275727009,0.8606082891113326,0.33763480614333413,0.7664869115776494,0.2866116523516815,0.9817123933687815,0.7285533905932834,0.0019204983906613191,0.279296875,0.71044921875,True,True,True,True,True,True,True,True,True,True,True,True
905,qpeexact_6_Mutant_Remove_swap_P12_Q1.qasm,Quratest_4,0.0,0.0,0.1900045069939474,0.9017442500047764,0.1885698001506323,0.7824680167111734,0.33235857536125396,0.9745090199768883,0.01320144683335505,0.0018756964009356742,0.0234375,0.642578125,True,True,True,True,True,True,True,True,True,True,True,True
906,qpeexact_6_Mutant_Remove_swap_P12_Q1.qasm,PureState_5,0.0,0.0,0.7056700703301356,0.9463464688159504,0.6553065903101465,0.8078849051295776,0.806532446512237,0.9993045785146747,0.02144660940672841,0.00027788746988978126,0.20751953125,0.67626953125,True,True,True,True,True,True,True,True,True,True,True,True
907,qpeexact_6_Mutant_Remove_swap_P12_Q1.qasm,Quratest_5,0.0,0.0,0.4387153038634894,0.8597298109436023,0.4173801749811688,0.7604644085072008,0.5395632139755342,0.9565595274927384,0.125357811634543,0.013149256448814756,0.14599609375,0.68701171875,True,True,True,True,True,True,True,True,True,True,True,True
908,qpeexact_6_Mutant_Remove_swap_P12_Q1.qasm,PureState_6,0.11551996136388595,0.0,0.01613847355662436,0.9949393436789117,0.01612969413445238,0.8309175112924156,0.0,0.9998110891985481,1.000000000000011,5.305763429375119e-06,0.0,1.173828125,True,True,False,True,False,True,False,True,False,True,False,True
909,qpeexact_6_Mutant_Remove_swap_P12_Q1.qasm,Quratest_6,0.0,0.0,0.5617342568124097,0.6188334969176211,0.5129584922188244,0.546986106774481,0.49970885538157583,0.6631331015514857,0.1673353869934168,0.2767292622067445,0.0458984375,0.4072265625,True,True,True,True,True,True,True,True,True,True,True,True
910,qpeexact_6_Mutant_Remove_swap_P12_Q1.qasm,PureState_7,0.0,0.0,0.396208811588136,0.9926829576254738,0.3787193906206261,0.8304148847146856,0.46193976625564326,0.9998110891985481,3.987336850434821e-16,5.285054733189109e-06,0.01904296875,1.173828125,True,True,True,True,True,True,True,True,True,True,True,True
911,qpeexact_6_Mutant_Remove_swap_P12_Q1.qasm,Quratest_7,0.0,0.0,0.5135860449771211,0.9156117326096156,0.4777643074802784,0.7910155682465384,0.5331929974551723,0.9892623889795196,0.2259053166820479,0.00041849410263264906,0.37841796875,0.65185546875,True,True,True,True,True,True,True,True,True,True,True,True
912,qpeexact_6_Mutant_Remove_swap_P12_Q1.qasm,PureState_8,0.0,0.0,0.357617071231637,0.996068068519785,0.34536154178778994,0.8315690498322486,0.3713968409404118,0.9998253413384675,0.728553390593284,9.78457144353869e-07,0.10302734375,0.45947265625,True,True,True,True,True,True,True,True,True,True,True,True
913,qpeexact_6_Mutant_Remove_swap_P12_Q1.qasm,Quratest_8,0.0,0.0,0.27197591866227444,0.9295011509581016,0.2638532563709241,0.7949066896390505,0.41189580770513834,0.9800780927444958,0.26836692243315036,0.00046021368129673453,0.125,0.583984375,True,True,True,True,True,True,True,True,True,True,True,True
914,qpeexact_6_Mutant_Remove_swap_P12_Q1.qasm,PureState_9,0.0,0.0,1.0,0.9554034827282317,0.8325546111576977,0.8104695039041461,0.9999999999999997,0.9939803278342384,3.996805323293793e-16,0.0024252216545552936,0.71240234375,0.630859375,True,True,True,True,True,True,True,True,True,True,True,True
915,qpeexact_6_Mutant_Remove_swap_P12_Q1.qasm,Quratest_9,0.0,0.0,0.4222823096742208,0.8503029867152598,0.4012293862381088,0.7508004808103323,0.46612897484983457,0.9627906781054886,0.21867410488958985,0.0034474111874087977,0.2109375,0.85107421875,True,True,True,True,True,True,True,True,True,True,True,True
916,qpeexact_6_Mutant_Remove_swap_P12_Q1.qasm,PureState_10,0.59688224290727,0.0,0.004843721778658039,0.9512262060139951,0.004843700319257872,0.8088847630317624,7.649118504695102e-49,0.9940209969767152,1.000000000000011,0.0025206137156932977,0.0,1.34326171875,False,True,False,True,False,True,False,True,False,True,False,True
917,qpeexact_6_Mutant_Remove_swap_P12_Q1.qasm,Quratest_10,0.0,0.0,0.37644652889430014,0.8158522872243678,0.365338396447102,0.7329206823231025,0.3990162665597371,0.9554030226227239,0.34585202488945044,0.010359058259604799,0.1640625,0.5380859375,True,True,True,True,True,True,True,True,True,True,True,True
918,qpeexact_6_Mutant_Remove_swap_P12_Q1.qasm,PureState_11,0.04013844225672755,0.0,0.01888354125644619,0.9913670472949846,0.018469736916822622,0.8292854072404963,0.0,0.9970910946110965,1.000000000000011,3.207632953230452e-05,0.0,0.1552734375,True,True,False,True,False,True,False,True,False,True,False,True
919,qpeexact_6_Mutant_Remove_swap_P12_Q1.qasm,Quratest_11,0.0,0.0,0.4298462674113144,0.9089784835960131,0.41361717697515743,0.7881607119058238,0.45970934777495076,0.9810372167155887,0.26626513305577465,0.0008667176228707943,0.12744140625,0.5869140625,True,True,True,True,True,True,True,True,True,True,True,True
920,qpeexact_6_Mutant_Remove_swap_P12_Q1.qasm,PureState_12,0.0,0.0,0.3833363886119036,0.9999999999999999,0.32426250292783587,0.8325546111576977,0.2714466094067261,0.9999953649742834,0.7285533905932843,2.317559570059548e-06,0.17919921875,0.63525390625,True,True,True,True,True,True,True,True,True,True,True,True
921,qpeexact_6_Mutant_Remove_swap_P12_Q1.qasm,Quratest_12,0.0,0.0,0.4717609334987621,0.8874396723105454,0.4492213446588138,0.776322532373707,0.5261703066625246,0.9681780406995962,0.3255991361655617,0.006265738973172466,0.3193359375,1.046875,True,True,True,True,True,True,True,True,True,True,True,True
922,qpeexact_6_Mutant_Remove_swap_P12_Q1.qasm,PureState_13,0.0,0.0,0.806017986633593,0.9977726599319818,0.7032009487309303,0.8319782425245625,0.8535533905932737,0.9999953334468666,0.02144660940672844,3.617445514882316e-07,1.080078125,0.0810546875,True,True,True,True,True,True,True,True,True,True,True,True
923,qpeexact_6_Mutant_Remove_swap_P12_Q1.qasm,Quratest_13,0.0,0.0,0.31471114296022373,0.9567981963178861,0.3061403908198786,0.8134091899031431,0.3846864894480785,0.9884865990542429,0.24333894143742885,0.0002508206367781942,0.3125,0.51025390625,True,True,True,True,True,True,True,True,True,True,True,True
924,qpeexact_6_Mutant_Remove_swap_P12_Q1.qasm,PureState_14,0.16337859667788104,0.0,0.011217164188542112,0.9867657676480706,0.011215017662852388,0.8285202089792746,0.0,0.9970919135931844,1.000000000000011,3.721257042192047e-05,0.0,0.66748046875,True,True,False,True,False,True,False,True,False,True,False,True
925,qpeexact_6_Mutant_Remove_swap_P12_Q1.qasm,Quratest_14,0.0,0.0,0.6087826660085134,0.856502338909962,0.554699304819617,0.7517869461391246,0.6741420658190529,0.9618199665957587,0.06977068022471282,0.002807336419583415,0.03564453125,0.56494140625,True,True,True,True,True,True,True,True,True,True,True,True
926,qpeexact_6_Mutant_Remove_swap_P12_Q1.qasm,PureState_15,0.34748538927274847,0.0,0.014630922470607556,0.995390660506093,0.01462659893066143,0.8307585695864146,0.0,0.9991611559915996,1.0000000000000107,9.227495978640648e-06,0.0,1.15478515625,False,True,False,True,False,True,False,True,False,True,False,True
927,qpeexact_6_Mutant_Remove_swap_P12_Q1.qasm,Quratest_15,0.0,0.0,0.3811287298140612,0.9787149753889351,0.36680575546630323,0.8208754831040226,0.4759449359923964,0.993224594150634,0.18934340072901926,8.563441044602427e-05,0.203125,0.85498046875,True,True,True,True,True,True,True,True,True,True,True,True
928,qpeexact_6_Mutant_Remove_swap_P12_Q1.qasm,PureState_16,0.012727611480271232,0.0,0.018205674629077743,0.9861868697160499,0.018179918786991236,0.8243376744948911,0.0,0.9939393820619855,1.000000000000011,0.00010469947398327024,0.0,0.73486328125,True,True,False,True,False,True,False,True,False,True,False,True
929,qpeexact_6_Mutant_Remove_swap_P12_Q1.qasm,Quratest_16,0.0,0.0,0.19957384112132565,0.8854869680353157,0.19674337613197987,0.7674726823725776,0.19126784601490415,0.9694842860885176,0.028876938805438252,0.0020960421881236215,0.07373046875,0.5556640625,True,True,True,True,True,True,True,True,True,True,True,True
930,qpeexact_6_Mutant_Remove_swap_P12_Q1.qasm,PureState_17,0.0,0.0,0.9214137568403159,0.991301917643818,0.7990712465590865,0.8317333700469753,0.9785533905932734,0.999995395678547,0.02144660940672844,4.604387283200998e-06,0.515625,1.64794921875,True,True,True,True,True,True,True,True,True,True,True,True
931,qpeexact_6_Mutant_Remove_swap_P12_Q1.qasm,Quratest_17,0.0,0.0,0.24755018035529391,0.8445673871563387,0.24383577380446902,0.7523334208746995,0.33428561800268775,0.9627185573618037,0.693488742954833,0.005831585682248286,0.0029296875,0.67431640625,True,True,True,True,True,True,True,True,True,True,True,True
932,qpeexact_6_Mutant_Remove_swap_P12_Q1.qasm,PureState_18,0.0,0.0,0.3725613462429264,0.9767827355741289,0.3608325528474983,0.819007854481901,0.4275606618970967,0.9993045785146746,0.7285533905932842,4.8689780945229044e-05,0.29345703125,0.6357421875,True,True,True,True,True,True,True,True,True,True,True,True
933,qpeexact_6_Mutant_Remove_swap_P12_Q1.qasm,Quratest_18,0.0,0.0,0.5134540935019681,0.9246615324785664,0.47802966950482084,0.7979061552902451,0.5637870422954958,0.9845081982997197,0.3075203732573074,0.0006661211150110681,0.09375,0.40234375,True,True,True,True,True,True,True,True,True,True,True,True
934,qpeexact_6_Mutant_Remove_swap_P12_Q1.qasm,PureState_19,0.0,0.0,1.0,0.9843796172550664,0.8325546111576978,0.8245139130017071,0.9999999999999997,0.9939803278342383,3.996805324278052e-16,0.00011512359116802717,0.7109375,0.6298828125,True,True,True,True,True,True,True,True,True,True,True,True
935,qpeexact_6_Mutant_Remove_swap_P12_Q1.qasm,Quratest_19,0.0,0.0,0.21290909399061317,0.8988426049565982,0.21027597029022974,0.7839052596079377,0.25004573100013083,0.975856447879897,0.6754023620918342,0.0067529068049657,0.056640625,0.478515625,True,True,True,True,True,True,True,True,True,True,True,True
936,qpeexact_6_Mutant_Remove_swap_P12_Q1.qasm,PureState_20,0.0,0.0,0.7358139752271617,0.9854007865364377,0.6832176780097913,0.8238998690246205,0.8446231986207329,0.9939393820619855,3.939750283658652e-16,0.00010447400050529032,0.59375,0.73486328125,True,True,True,True,True,True,True,True,True,True,True,True
937,qpeexact_6_Mutant_Remove_swap_P12_Q1.qasm,Quratest_20,0.0,0.0,0.17714356233509068,0.8115515781278941,0.175989101090824,0.7241944114022599,0.19770744476327862,0.9324234236576132,0.899749820132238,0.04429421118355709,0.07666015625,0.802734375,True,True,True,True,True,True,True,True,True,True,True,True
938,qpeexact_6_Mutant_Remove_swap_P12_Q1.qasm,PureState_21,0.0,0.0,0.731391165824238,0.9546885173194336,0.6800661441881319,0.8105792263540101,0.8446231986207329,0.9939393820619856,3.998433694897087e-16,0.0024003558716247297,0.59375,1.32861328125,True,True,True,True,True,True,True,True,True,True,True,True
939,qpeexact_6_Mutant_Remove_swap_P12_Q1.qasm,Quratest_21,0.0,0.0,0.39485626980802463,0.8481703018087741,0.38032262203054323,0.7524758189612306,0.45505560305777387,0.9593081437360071,0.18571748759244183,0.004256852153457107,0.11669921875,0.68359375,True,True,True,True,True,True,True,True,True,True,True,True
940,qpeexact_6_Mutant_Remove_swap_P12_Q1.qasm,PureState_22,0.0,0.0,0.8647465865806286,0.7908323807642523,0.736144830257003,0.7140895069660324,0.8535533905932736,0.9275192055375967,0.021446609406728264,0.007234783693030067,0.95166015625,0.328125,True,True,True,True,True,True,True,True,True,True,True,True
941,qpeexact_6_Mutant_Remove_swap_P12_Q1.qasm,Quratest_22,0.0,0.0,0.3783276560627222,0.8584430785826678,0.3676375714576524,0.7572038888269942,0.4400605150634029,0.9770859880563456,0.006558108494728898,0.004826604867486638,0.09130859375,0.76904296875,True,True,True,True,True,True,True,True,True,True,True,True
942,qpeexact_6_Mutant_Remove_swap_P12_Q1.qasm,PureState_23,0.0,0.0,0.7329206426975418,0.9902194160200701,0.6811224082858666,0.8286605132429179,0.8446231986207331,0.9958937211130641,3.987962573551473e-16,4.02528873068407e-05,0.61279296875,0.07177734375,True,True,True,True,True,True,True,True,True,True,True,True
943,qpeexact_6_Mutant_Remove_swap_P12_Q1.qasm,Quratest_23,0.0,0.0,0.2780719584004033,0.8160180156712487,0.2700239936337831,0.7271789572138594,0.31501482332574826,0.9286579377262014,0.37321568379540276,0.03953510352416785,0.00439453125,0.552734375,True,True,True,True,True,True,True,True,True,True,True,True
944,qpeexact_6_Mutant_Remove_swap_P12_Q1.qasm,PureState_24,0.0,0.0,0.38092585913886395,0.998053884106943,0.3473801177399366,0.8321379446832969,0.37499999999999994,0.9999953334468665,0.7285533905932842,3.659815520210891e-07,0.17919921875,0.0810546875,True,True,True,True,True,True,True,True,True,True,True,True
945,qpeexact_6_Mutant_Remove_swap_P12_Q1.qasm,Quratest_24,0.0,0.0,0.4953638507145074,0.8555021376134235,0.47263329546664673,0.7612220752577679,0.5864976472672359,0.97248593585854,0.2725134114290133,0.0033784427616475664,0.1376953125,0.546875,True,True,True,True,True,True,True,True,True,True,True,True
946,qpeexact_6_Mutant_Remove_swap_P12_Q1.qasm,PureState_25,0.0,0.0,0.3303415177625465,0.9892663230447175,0.3222737403949544,0.8287213400256594,0.38793249495182025,0.9993045785146748,0.7285533905932845,4.61340380231307e-06,0.55224609375,0.63818359375,True,True,True,True,True,True,True,True,True,True,True,True
947,qpeexact_6_Mutant_Remove_swap_P12_Q1.qasm,Quratest_25,0.0,0.0,0.2930304824412677,0.9673109351917142,0.27971327709148375,0.816646273220738,0.31844180353737994,0.9923923086448849,0.28734403683493825,9.05293520054023e-05,0.013671875,0.546875,True,True,True,True,True,True,True,True,True,True,True,True
948,qpeexact_6_Mutant_Remove_swap_P12_Q1.qasm,PureState_26,0.0,0.0,0.35290841917182186,0.9831632100513024,0.3400628287359312,0.8230383781894628,0.3713968409404117,0.9993045785146746,0.7285533905932842,1.205835644164933e-05,0.10595703125,0.80517578125,True,True,True,True,True,True,True,True,True,True,True,True
949,qpeexact_6_Mutant_Remove_swap_P12_Q1.qasm,Quratest_26,0.0,0.0,0.2524663977686039,0.9698265990797902,0.24918391373208248,0.8181324501667832,0.3370261682768362,0.9957516694720547,0.007716001993372482,5.813266230576127e-05,0.19189453125,0.8056640625,True,True,True,True,True,True,True,True,True,True,True,True
950,qpeexact_6_Mutant_Remove_swap_P12_Q1.qasm,PureState_27,0.0,0.0,0.38116387363049414,0.5014062289538948,0.3320337184484089,0.46372472182185764,0.2866116523516815,0.8984528369005431,0.7285533905932828,0.04113484014689107,0.27783203125,0.560546875,True,True,True,True,True,True,True,True,True,True,True,True
951,qpeexact_6_Mutant_Remove_swap_P12_Q1.qasm,Quratest_27,0.0,0.0,0.39256786218736667,0.6302396567640325,0.36759340130153,0.5696225590951816,0.32107393172804455,0.8967113623922642,0.41785374349871146,0.02095788718525461,0.17041015625,0.65380859375,True,True,True,True,True,True,True,True,True,True,True,True
952,qpeexact_6_Mutant_Remove_swap_P12_Q1.qasm,PureState_28,0.0,0.0,1.0,0.984208868251543,0.8325546111576977,0.8245199687249387,0.9999999999999998,0.9939803278342384,3.996805325637681e-16,0.00011466937674797759,0.00537109375,0.6298828125,True,True,True,True,True,True,True,True,True,True,True,True
953,qpeexact_6_Mutant_Remove_swap_P12_Q1.qasm,Quratest_28,0.0,0.0,0.21641217940989094,0.8915816806600495,0.2135401309254694,0.7776009315127704,0.3623231970258371,0.9662079561383424,0.33602019118774923,0.002193549822745401,0.0634765625,0.5517578125,True,True,True,True,True,True,True,True,True,True,True,True
954,qpeexact_6_Mutant_Remove_swap_P12_Q1.qasm,PureState_29,,0.0,0.0,0.21400645635769952,0.0,0.17907235326350307,0.0,0.13283047847016954,1.000000000000011,0.8671695386860057,0.0,0.35205078125,False,True,False,True,False,True,False,True,False,True,False,True
955,qpeexact_6_Mutant_Remove_swap_P12_Q1.qasm,Quratest_29,0.0,0.0,0.2630825216739511,0.8488602903458902,0.25333686959614016,0.7492157554017574,0.2260533644862469,0.974646273741789,0.11138087979697708,0.002244609964486576,0.00341796875,0.4814453125,True,True,True,True,True,True,True,True,True,True,True,True
956,qpeexact_6_Mutant_Remove_swap_P12_Q1.qasm,PureState_30,0.005138097269447682,0.0,0.012384232872678327,0.9772749260238837,0.012382965471682142,0.8184660556311409,0.0,0.9940209969767151,1.000000000000011,0.00046346051289808095,0.0,0.0810546875,True,True,False,True,False,True,False,True,False,True,False,True
957,qpeexact_6_Mutant_Remove_swap_P12_Q1.qasm,Quratest_30,0.0,0.0,0.2128473162182251,0.6482476686265348,0.2071301098058666,0.5910635350067981,0.17911116625484397,0.7771570277525867,0.38294079148905724,0.1711876918771388,0.0419921875,0.7021484375,True,True,True,True,True,True,True,True,True,True,True,True
958,qpeexact_6_Mutant_Remove_swap_P12_Q1.qasm,PureState_31,0.0,0.0,1.0,0.9558481452809034,0.8325546111576978,0.810837335901583,0.9999999999999997,0.9940209969767149,3.996805324466034e-16,0.0025260422189668807,0.71240234375,1.34326171875,True,True,True,True,True,True,True,True,True,True,True,True
959,qpeexact_6_Mutant_Remove_swap_P12_Q1.qasm,Quratest_31,0.0,0.0,0.32515190384631587,0.9115681896119753,0.3096700310106297,0.7844216253968421,0.4264845435440204,0.9726649383306378,0.32620797421438424,0.00236224570614168,0.056640625,0.357421875,True,True,True,True,True,True,True,True,True,True,True,True
960,qpeexact_6_Mutant_Remove_x_P5_Q5.qasm,PureState_0,0.0,0.0,1.0,0.5006155074072101,0.8325546111576977,0.4630424653518705,0.9999999999999998,0.8984528369005413,3.517402164064661e-16,0.04128417729592947,0.0693359375,0.560546875,True,True,True,True,True,True,True,True,True,True,True,True
961,qpeexact_6_Mutant_Remove_x_P5_Q5.qasm,Quratest_0,0.0,0.0,0.8742683600329907,0.8081180863861783,0.776251205775738,0.7379723422494788,0.9922868655548064,0.9658296303129534,0.006969366521901406,0.003996506725882292,0.08349609375,0.26708984375,True,True,True,True,True,True,True,True,True,True,True,True
962,qpeexact_6_Mutant_Remove_x_P5_Q5.qasm,PureState_1,0.0,0.0,0.7535506172966899,0.9933549952780883,0.6809705919349106,0.8297685638798102,0.9999999999999998,0.9993046878843495,3.996805285774098e-16,9.186005078432431e-07,0.48974609375,0.625,True,True,True,True,True,True,True,True,True,True,True,True
963,qpeexact_6_Mutant_Remove_x_P5_Q5.qasm,Quratest_1,0.0,0.0,0.3688769273554139,0.7967039453773616,0.357448049536962,0.7152617632436855,0.47654818321880654,0.9346534963338607,0.01664434323208211,0.02014103391105222,0.013671875,0.8740234375,True,True,True,True,True,True,True,True,True,True,True,True
964,qpeexact_6_Mutant_Remove_x_P5_Q5.qasm,PureState_2,0.0,0.0,0.8372409119718924,0.9886888489414722,0.7525200826104984,0.827814195153698,0.9999999999999997,0.9993045785146721,3.9968052928854555e-16,4.612078220217738e-06,0.6904296875,0.63818359375,True,True,True,True,True,True,True,True,True,True,True,True
965,qpeexact_6_Mutant_Remove_x_P5_Q5.qasm,Quratest_2,0.0,0.0,0.34323697177350654,0.8160548113491574,0.3357139419387876,0.7246675003220174,0.40515159650015153,0.9358433433430768,0.019833408140361913,0.03524853283507066,0.08154296875,0.6708984375,True,True,True,True,True,True,True,True,True,True,True,True
966,qpeexact_6_Mutant_Remove_x_P5_Q5.qasm,PureState_3,0.0,0.0,1.0,0.9128321351816678,0.8325546111576977,0.7918817925635859,0.9999999999999998,0.9951687180558688,3.9940181963222625e-16,0.00042312880048175693,0.3291015625,0.98828125,True,True,True,True,True,True,True,True,True,True,True,True
967,qpeexact_6_Mutant_Remove_x_P5_Q5.qasm,Quratest_3,0.0,0.0,0.5190279791840037,0.9105103335317687,0.5022195338975554,0.7852272269387089,0.8347455702015691,0.9767004704731089,0.07244993102957482,0.0028938594843718724,0.2509765625,0.5126953125,True,True,True,True,True,True,True,True,True,True,True,True
968,qpeexact_6_Mutant_Remove_x_P5_Q5.qasm,PureState_4,0.0,0.0,1.0,0.8683775940487428,0.8325546111576978,0.7694619334533992,0.9999999999999997,0.9817123933687791,3.980491918501947e-16,0.0019204983906613087,0.07958984375,0.71044921875,True,True,True,True,True,True,True,True,True,True,True,True
969,qpeexact_6_Mutant_Remove_x_P5_Q5.qasm,Quratest_4,9.73230868648333e-112,0.0,0.08782601928426029,0.9042459930273143,0.08767724926277723,0.782424090569835,0.23026242679981307,0.974509019976886,0.036132118460522035,0.0018756964009356736,0.0029296875,0.642578125,True,True,False,True,False,True,True,True,True,True,True,True
970,qpeexact_6_Mutant_Remove_x_P5_Q5.qasm,PureState_5,0.0,0.0,0.8453164765656908,0.9452327247358591,0.7571232535544572,0.806576933908929,0.9999999999999999,0.9993045785146724,3.9968052971015344e-16,0.0002778874698897808,0.748046875,0.67626953125,True,True,True,True,True,True,True,True,True,True,True,True
971,qpeexact_6_Mutant_Remove_x_P5_Q5.qasm,Quratest_5,0.0,0.0,0.48907030641618665,0.8640888351462097,0.47417550924230156,0.7623531503457504,0.7524482441703977,0.9565595274927362,0.32693163051603114,0.013149256448814694,0.04296875,0.68701171875,True,True,True,True,True,True,True,True,True,True,True,True
972,qpeexact_6_Mutant_Remove_x_P5_Q5.qasm,PureState_6,0.0,0.0,0.6099753050843731,0.9943193955743064,0.5560592627539823,0.8306256947715923,0.9999999999999998,0.9998110891985459,3.9968052857740993e-16,5.3057634293744016e-06,0.48291015625,1.173828125,True,True,True,True,True,True,True,True,True,True,True,True
973,qpeexact_6_Mutant_Remove_x_P5_Q5.qasm,Quratest_6,0.0,0.0,0.4017775106033904,0.6182427213054709,0.3956398780997151,0.5455098837542732,0.5748093988977717,0.6631331015514831,0.5440124742701332,0.27672926220674265,0.78759765625,0.4072265625,True,True,True,True,True,True,True,True,True,True,True,True
974,qpeexact_6_Mutant_Remove_x_P5_Q5.qasm,PureState_7,0.0,0.0,0.6105759937688587,0.9933404559279694,0.5583957872683478,0.8301038921305407,0.9999999999999996,0.9998110891985459,3.996805285774097e-16,5.285054733189103e-06,0.48291015625,1.173828125,True,True,True,True,True,True,True,True,True,True,True,True
975,qpeexact_6_Mutant_Remove_x_P5_Q5.qasm,Quratest_7,0.0,0.0,0.6275948078762549,0.9165082666695994,0.5890226164524555,0.7915714523747929,0.9287668555388431,0.9892623889795172,0.014506692199358623,0.00041849410263264066,0.00732421875,0.65185546875,True,True,True,True,True,True,True,True,True,True,True,True
976,qpeexact_6_Mutant_Remove_x_P5_Q5.qasm,PureState_8,0.0,0.0,0.5075382438695548,0.992741146722249,0.47381779799300383,0.830464685993162,0.9999999999999998,0.999825341338465,3.9968053007913874e-16,9.784571443538933e-07,0.275390625,0.45947265625,True,True,True,True,True,True,True,True,True,True,True,True
977,qpeexact_6_Mutant_Remove_x_P5_Q5.qasm,Quratest_8,0.0,0.0,0.29590670505398003,0.9324572525925877,0.2928899040396626,0.7942296413570986,0.556605467224556,0.9800780927444936,0.0012075766090183212,0.00046021368129673784,0.20849609375,0.583984375,True,True,True,True,True,True,True,True,True,True,True,True
978,qpeexact_6_Mutant_Remove_x_P5_Q5.qasm,PureState_9,0.0,0.0,1.0,0.9542947414305875,0.8325546111576978,0.8098258716813894,0.9999999999999997,0.9939803278342361,3.980491918501947e-16,0.002425221654555279,0.07958984375,0.630859375,True,True,True,True,True,True,True,True,True,True,True,True
979,qpeexact_6_Mutant_Remove_x_P5_Q5.qasm,Quratest_9,0.0,0.0,0.677588222521473,0.8546551895517569,0.6293875316010474,0.7526363050621211,0.9999999999999996,0.9627906781054865,3.9492332163894877e-16,0.0034474111874087713,0.408203125,0.85107421875,True,True,True,True,True,True,True,True,True,True,True,True
980,qpeexact_6_Mutant_Remove_x_P5_Q5.qasm,PureState_10,0.0,0.0,1.0,0.9518362884204814,0.8325546111576977,0.8092460958707306,0.9999999999999998,0.9940209969767129,3.9968052857741007e-16,0.002520613715693285,1.42431640625,1.34326171875,True,True,True,True,True,True,True,True,True,True,True,True
981,qpeexact_6_Mutant_Remove_x_P5_Q5.qasm,Quratest_10,0.0,0.0,0.5148416948693587,0.8136974226467807,0.48178394090966015,0.733547390903144,0.5894787227885647,0.9554030226227219,0.061555344123825476,0.010359058259604792,0.24560546875,0.5380859375,True,True,True,True,True,True,True,True,True,True,True,True
982,qpeexact_6_Mutant_Remove_x_P5_Q5.qasm,PureState_11,0.0,0.0,0.6043958415999383,0.9921316826526753,0.5532701006748414,0.8294910458265198,0.9999999999999998,0.9970910946110942,3.9968052975419363e-16,3.2076329532305424e-05,0.466796875,0.1552734375,True,True,True,True,True,True,True,True,True,True,True,True
983,qpeexact_6_Mutant_Remove_x_P5_Q5.qasm,Quratest_11,0.0,0.0,0.6563777195802262,0.9083684852634176,0.6200258172821576,0.7878445677193545,0.9256272200153357,0.9810372167155861,0.1432142495666868,0.0008667176228708206,0.01953125,0.5869140625,True,True,True,True,True,True,True,True,True,True,True,True
984,qpeexact_6_Mutant_Remove_x_P5_Q5.qasm,PureState_12,0.0,0.0,1.0,0.9949939740827591,0.8325546111576977,0.8320246488223718,0.9999999999999997,0.9999953649742804,3.9968052857741017e-16,2.317559570059557e-06,0.0,0.63525390625,True,True,True,True,True,True,True,True,True,True,False,True
985,qpeexact_6_Mutant_Remove_x_P5_Q5.qasm,Quratest_12,0.0,0.0,0.6061082780534899,0.8881908693910789,0.5708629065627693,0.7766000084378161,0.8364865801571164,0.9681780406995949,0.11178676878652989,0.006265738973172521,0.1845703125,1.046875,True,True,True,True,True,True,True,True,True,True,True,True
986,qpeexact_6_Mutant_Remove_x_P5_Q5.qasm,PureState_13,0.0,0.0,1.0,0.99742764497909,0.8325546111576977,0.8318205254892592,0.9999999999999998,0.9999953334468643,3.9968052857741007e-16,3.6174455148821735e-07,1.42431640625,0.0810546875,True,True,True,True,True,True,True,True,True,True,True,True
987,qpeexact_6_Mutant_Remove_x_P5_Q5.qasm,Quratest_13,0.0,0.0,0.3960798506518655,0.954488521977278,0.3874538667242666,0.8121165606259967,0.738694763330633,0.9884865990542402,0.1960983708152689,0.0002508206367781872,0.1767578125,0.51025390625,True,True,True,True,True,True,True,True,True,True,True,True
988,qpeexact_6_Mutant_Remove_x_P5_Q5.qasm,PureState_14,0.0,0.0,1.0,0.9839476110772303,0.8325546111576977,0.8280288984900299,0.9999999999999997,0.9970919135931822,3.9248129930300587e-16,3.7212570421919926e-05,0.33935546875,0.66748046875,True,True,True,True,True,True,True,True,True,True,True,True
989,qpeexact_6_Mutant_Remove_x_P5_Q5.qasm,Quratest_14,0.0,0.0,0.3548874940161212,0.8575887658589888,0.3490639060544929,0.7528935700044147,0.48092254070175056,0.9618199665957567,0.7134060282983873,0.0028073364195834367,0.04833984375,0.56494140625,True,True,True,True,True,True,True,True,True,True,True,True
990,qpeexact_6_Mutant_Remove_x_P5_Q5.qasm,PureState_15,0.0,0.0,0.7521427041961731,0.9911984958516822,0.6788607805363048,0.8296541382813103,0.9999999999999998,0.9991611559915975,3.996805296312415e-16,9.227495978640975e-06,0.51904296875,1.15478515625,True,True,True,True,True,True,True,True,True,True,True,True
991,qpeexact_6_Mutant_Remove_x_P5_Q5.qasm,Quratest_15,0.0,0.0,0.3807479709542382,0.9766659246530717,0.37335736743084913,0.8205132245621529,0.7318875486726946,0.9932245941506317,0.41133508821045817,8.563441044602157e-05,0.021484375,0.85498046875,True,True,True,True,True,True,True,True,True,True,True,True
992,qpeexact_6_Mutant_Remove_x_P5_Q5.qasm,PureState_16,0.0,0.0,0.5165406661996336,0.9846501400463107,0.479803825989442,0.8233612019035909,0.9999999999999998,0.9939393820619834,3.9968052966117534e-16,0.00010469947398327057,0.275390625,0.73486328125,True,True,True,True,True,True,True,True,True,True,True,True
993,qpeexact_6_Mutant_Remove_x_P5_Q5.qasm,Quratest_16,1.1764123568788525e-131,0.0,0.09347505843524172,0.8900977748550994,0.09336518186881047,0.7709936813683514,0.1412203302904564,0.9694842860885153,0.43043081343882095,0.002096042188123621,0.0751953125,0.5556640625,True,True,False,True,False,True,True,True,True,True,True,True
994,qpeexact_6_Mutant_Remove_x_P5_Q5.qasm,PureState_17,0.0,0.0,1.0,0.9876766184192921,0.8325546111576977,0.8310364109394458,0.9999999999999997,0.9999953956785446,3.9968053257261644e-16,4.604387283200962e-06,2.0,1.64794921875,True,True,True,True,True,True,True,True,True,True,True,True
995,qpeexact_6_Mutant_Remove_x_P5_Q5.qasm,Quratest_17,0.0,0.0,0.15721463115758458,0.8474389646341765,0.1561770004817442,0.7531148675890187,0.2583656129506745,0.9627185573618016,0.8084483262409798,0.005831585682248386,0.02392578125,0.67431640625,True,True,True,True,True,True,True,True,True,True,True,True
996,qpeexact_6_Mutant_Remove_x_P5_Q5.qasm,PureState_18,0.0,0.0,0.7464385643281705,0.9754922794593831,0.6754252070211291,0.8181488160964896,0.9999999999999998,0.9993045785146722,3.996805293826353e-16,4.8689780945228936e-05,0.51904296875,0.6357421875,True,True,True,True,True,True,True,True,True,True,True,True
997,qpeexact_6_Mutant_Remove_x_P5_Q5.qasm,Quratest_18,0.0,0.0,0.5432650604504559,0.9200643054895705,0.5222104342906594,0.7962442799313025,0.6787433072189593,0.9845081982997169,0.012203761925495969,0.0006661211150110726,0.39990234375,0.40234375,True,True,True,True,True,True,True,True,True,True,True,True
998,qpeexact_6_Mutant_Remove_x_P5_Q5.qasm,PureState_19,0.0,0.0,1.0,0.9850109926951932,0.8325546111576977,0.824416507554567,0.9999999999999997,0.993980327834236,3.517402161279867e-16,0.00011512359116802639,0.0693359375,0.6298828125,True,True,True,True,True,True,True,True,True,True,True,True
999,qpeexact_6_Mutant_Remove_x_P5_Q5.qasm,Quratest_19,0.0,0.0,0.21033448590094095,0.8985075382376523,0.20878133110942726,0.7835152941683211,0.4731877970681365,0.9758564478798946,0.07102654930297307,0.006752906804965669,0.06591796875,0.478515625,True,True,True,True,True,True,True,True,True,True,True,True
1000,qpeexact_6_Mutant_Remove_x_P5_Q5.qasm,PureState_20,0.0,0.0,0.5103950716387511,0.9856528546824957,0.4763427306673262,0.8240677880849893,0.9999999999999998,0.9939393820619833,3.9968053007913874e-16,0.00010447400050528958,0.275390625,0.73486328125,True,True,True,True,True,True,True,True,True,True,True,True
1001,qpeexact_6_Mutant_Remove_x_P5_Q5.qasm,Quratest_20,0.0,0.0,0.6831431751411987,0.8101208603211303,0.6239239039999867,0.72537749758289,0.9961359674034497,0.9324234236576112,0.002401040280291641,0.044294211183556795,0.5029296875,0.802734375,True,True,True,True,True,True,True,True,True,True,True,True
1002,qpeexact_6_Mutant_Remove_x_P5_Q5.qasm,PureState_21,0.0,0.0,0.8449469675140164,0.9542477678710166,0.7571239701590574,0.8103122629387675,0.9999999999999998,0.9939393820619833,3.9968052945995216e-16,0.002400355871624721,0.6904296875,1.32861328125,True,True,True,True,True,True,True,True,True,True,True,True
1003,qpeexact_6_Mutant_Remove_x_P5_Q5.qasm,Quratest_21,0.0,0.0,0.36863545912843526,0.8449808039515627,0.36228072448678184,0.752927744039739,0.6743242975223525,0.9593081437360045,0.47236803813758477,0.004256852153457138,0.13623046875,0.68359375,True,True,True,True,True,True,True,True,True,True,True,True
1004,qpeexact_6_Mutant_Remove_x_P5_Q5.qasm,PureState_22,0.0,0.0,1.0,0.7954548419376226,0.8325546111576978,0.7172379192320206,0.9999999999999997,0.9275192055375944,3.9248129930300587e-16,0.00723478369303003,0.33935546875,0.328125,True,True,True,True,True,True,True,True,True,True,True,True
1005,qpeexact_6_Mutant_Remove_x_P5_Q5.qasm,Quratest_22,0.0,0.0,0.5258354984179443,0.8608035822405723,0.5052466818984445,0.7591204723408411,0.9601960167454346,0.9770859880563436,0.07802360942620437,0.004826604867486622,0.1767578125,0.76904296875,True,True,True,True,True,True,True,True,True,True,True,True
1006,qpeexact_6_Mutant_Remove_x_P5_Q5.qasm,PureState_23,0.0,0.0,0.8445859836069051,0.9882530443677432,0.756773098084503,0.8277578006970419,0.9999999999999998,0.995893721113062,3.9968053080873115e-16,4.025288730683872e-05,0.748046875,0.07177734375,True,True,True,True,True,True,True,True,True,True,True,True
1007,qpeexact_6_Mutant_Remove_x_P5_Q5.qasm,Quratest_23,0.0,0.0,0.34244840156880674,0.8134506239334457,0.3381504507780329,0.7252104989860279,0.5148337221794517,0.9286579377261994,0.6098818026388437,0.0395351035241677,0.2177734375,0.552734375,True,True,True,True,True,True,True,True,True,True,True,True
1008,qpeexact_6_Mutant_Remove_x_P5_Q5.qasm,PureState_24,0.0,0.0,1.0,0.9963560541333658,0.8325546111576977,0.8313584180353255,0.9999999999999996,0.9999953334468641,3.9968052857740993e-16,3.659815520210853e-07,1.42431640625,0.0810546875,True,True,True,True,True,True,True,True,True,True,True,True
1009,qpeexact_6_Mutant_Remove_x_P5_Q5.qasm,Quratest_24,0.0,0.0,0.4724989750539158,0.8556706671563538,0.46209073052461425,0.7610147523966831,0.6531561688443643,0.972485935858538,0.01630149011660521,0.0033784427616475633,0.197265625,0.546875,True,True,True,True,True,True,True,True,True,True,True,True
1010,qpeexact_6_Mutant_Remove_x_P5_Q5.qasm,PureState_25,0.0,0.0,0.8495526730874577,0.9867407502202843,0.7593265838734459,0.827702450877479,0.9999999999999998,0.9993045785146722,3.9968052945995216e-16,4.613403802313037e-06,0.6904296875,0.63818359375,True,True,True,True,True,True,True,True,True,True,True,True
1011,qpeexact_6_Mutant_Remove_x_P5_Q5.qasm,Quratest_25,0.0,0.0,0.34276054950254303,0.9682330758388581,0.33683716896613297,0.8170486412478796,0.7725884935722538,0.9923923086448823,0.0007052874690011779,9.052935200541467e-05,0.09326171875,0.546875,True,True,True,True,True,True,True,True,True,True,True,True
1012,qpeexact_6_Mutant_Remove_x_P5_Q5.qasm,PureState_26,0.0,0.0,0.5131356835974848,0.9846779680588892,0.47862925220095287,0.8238770031374862,0.9999999999999998,0.9993045785146716,3.9968052857740993e-16,1.2058356441649348e-05,0.26416015625,0.80517578125,True,True,True,True,True,True,True,True,True,True,True,True
1013,qpeexact_6_Mutant_Remove_x_P5_Q5.qasm,Quratest_26,0.0,0.0,0.3680121847201422,0.9677131740554011,0.35865520634577924,0.8177899048835601,0.7867850956047123,0.995751669472052,0.14738451228684288,5.813266230576718e-05,0.263671875,0.8056640625,True,True,True,True,True,True,True,True,True,True,True,True
1014,qpeexact_6_Mutant_Remove_x_P5_Q5.qasm,PureState_27,0.0,0.0,1.0,0.5025261643483176,0.8325546111576977,0.46499169683273783,0.9999999999999997,0.8984528369005411,3.517402161279867e-16,0.04113484014689085,0.0693359375,0.560546875,True,True,True,True,True,True,True,True,True,True,True,True
1015,qpeexact_6_Mutant_Remove_x_P5_Q5.qasm,Quratest_27,0.0,0.0,0.4673686646250687,0.6251415956926452,0.4506695899273118,0.5663040284928296,0.9975198376606191,0.8967113623922625,0.0033408618027609403,0.020957887185254435,0.26513671875,0.65380859375,True,True,True,True,True,True,True,True,True,True,True,True
1016,qpeexact_6_Mutant_Remove_x_P5_Q5.qasm,PureState_28,0.0,0.0,1.0,0.9860926324804752,0.8325546111576977,0.8249852703251999,0.9999999999999998,0.9939803278342361,3.517402164064661e-16,0.00011466937674797652,0.0693359375,0.6298828125,True,True,True,True,True,True,True,True,True,True,True,True
1017,qpeexact_6_Mutant_Remove_x_P5_Q5.qasm,Quratest_28,0.0,0.0,0.03900312964359902,0.8947053404759864,0.03777855359013562,0.7791006037627012,0.07413946326499704,0.9662079561383401,0.8538805462168595,0.0021935498227453275,0.041015625,0.5517578125,True,True,False,True,False,True,True,True,True,True,True,True
1018,qpeexact_6_Mutant_Remove_x_P5_Q5.qasm,PureState_29,0.0,0.0,1.0,0.21473987581471973,0.8325546111576977,0.17969222957360412,0.9999999999999997,0.13283047847017138,3.9968053257261644e-16,0.8671695386860014,2.0,0.35205078125,True,True,True,True,True,True,True,True,True,True,True,True
1019,qpeexact_6_Mutant_Remove_x_P5_Q5.qasm,Quratest_29,0.0,0.0,0.4027526054471685,0.849106801563996,0.3900936159456441,0.7497252696873618,0.9951844650075088,0.9746462737417878,0.0036167004378727515,0.00224460996448657,0.2734375,0.4814453125,True,True,True,True,True,True,True,True,True,True,True,True
1020,qpeexact_6_Mutant_Remove_x_P5_Q5.qasm,PureState_30,0.0,0.0,1.0,0.9674759600904312,0.8325546111576977,0.8171085284358947,0.9999999999999998,0.9940209969767128,3.996805285774103e-16,0.00046346051289807873,1.42431640625,0.0810546875,True,True,True,True,True,True,True,True,True,True,True,True
1021,qpeexact_6_Mutant_Remove_x_P5_Q5.qasm,Quratest_30,0.0,0.0,0.42032005853340515,0.6488416924977212,0.40700432497807343,0.5919748272791329,0.6499119852653581,0.7771570277525846,0.4353492489762071,0.1711876918771379,0.103515625,0.7021484375,True,True,True,True,True,True,True,True,True,True,True,True
1022,qpeexact_6_Mutant_Remove_x_P5_Q5.qasm,PureState_31,0.0,0.0,1.0,0.9522615649412233,0.8325546111576978,0.8097709689063879,0.9999999999999996,0.9940209969767126,3.9968052857740993e-16,0.002526042218966874,1.42431640625,1.34326171875,True,True,True,True,True,True,True,True,True,True,True,True
1023,qpeexact_6_Mutant_Remove_x_P5_Q5.qasm,Quratest_31,0.0,0.0,0.32973233082661535,0.9081433392993263,0.3260230196012605,0.7824329015410263,0.4837897445338528,0.9726649383306355,0.76594748308388,0.0023622457061416788,0.01904296875,0.357421875,True,True,True,True,True,True,True,True,True,True,True,True
1024,qpeexact_6_Mutant_Replace_ch_P7_Q0_[].qasm,PureState_0,0.0,0.0,0.366251864802358,0.5007661639169914,0.32471428431241217,0.4633843752194671,0.3166393084384103,0.8984528369003074,0.6538053121734668,0.04128417729602545,0.18408203125,0.560546875,True,True,True,True,True,True,True,True,True,True,True,True
1025,qpeexact_6_Mutant_Replace_ch_P7_Q0_[].qasm,Quratest_0,0.0,0.0,0.4961692094928537,0.8062196164712689,0.4636468146298476,0.7376553670369274,0.5167775316152118,0.9658296303131999,0.0006824063570785445,0.003996506722821581,0.23193359375,0.26708984375,True,True,True,True,True,True,True,True,True,True,True,True
1026,qpeexact_6_Mutant_Replace_ch_P7_Q0_[].qasm,PureState_1,0.0,0.0,0.8496250532258875,0.9945879818656548,0.7384747772754809,0.8303314785284113,0.8774639786712042,0.9993046878843583,0.02538787565772918,9.186005075318904e-07,0.0322265625,0.625,True,True,True,True,True,True,True,True,True,True,True,True
1027,qpeexact_6_Mutant_Replace_ch_P7_Q0_[].qasm,Quratest_1,0.0,0.0,0.481793007148897,0.7963403067214525,0.45801575972616476,0.7159061924211476,0.595841081331631,0.9346534963359008,0.062843819451008,0.02014103418274955,0.09912109375,0.8740234375,True,True,True,True,True,True,True,True,True,True,True,True
1028,qpeexact_6_Mutant_Replace_ch_P7_Q0_[].qasm,PureState_2,0.0,0.0,0.8836609766870364,0.9837826116093531,0.7729080993099872,0.8272800421801877,0.9446839958978965,0.9993045785149117,0.02538787565772919,4.612078218646671e-06,0.62109375,0.63818359375,True,True,True,True,True,True,True,True,True,True,True,True
1029,qpeexact_6_Mutant_Replace_ch_P7_Q0_[].qasm,Quratest_2,0.0,0.0,0.29610848288603286,0.8163526538472172,0.2873038517508083,0.7240602015958038,0.47714714375822664,0.93584334334535,0.23511357315156226,0.035248532667036835,0.0380859375,0.6708984375,True,True,True,True,True,True,True,True,True,True,True,True
1030,qpeexact_6_Mutant_Replace_ch_P7_Q0_[].qasm,PureState_3,0.0,0.0,0.7991045352147584,0.9121826733601002,0.695620641894464,0.790817453512296,0.8324735087333004,0.9951687180558666,0.09619468782654611,0.0004231288004827415,0.21484375,0.98828125,True,True,True,True,True,True,True,True,True,True,True,True
1031,qpeexact_6_Mutant_Replace_ch_P7_Q0_[].qasm,Quratest_3,0.0,0.0,0.6459793812556397,0.9120225756506432,0.561956524344553,0.7855976655677139,0.6447310295546544,0.9767004704730894,0.010539974367494896,0.0028938594843785914,0.1337890625,0.5126953125,True,True,True,True,True,True,True,True,True,True,True,True
1032,qpeexact_6_Mutant_Replace_ch_P7_Q0_[].qasm,PureState_4,0.0,0.0,0.8049722948786057,0.8670214432088499,0.7057581545222162,0.7706755690009387,0.8606366016112323,0.9817123933687768,0.09619468782654611,0.0019204983906657776,0.14794921875,0.71044921875,True,True,True,True,True,True,True,True,True,True,True,True
1033,qpeexact_6_Mutant_Replace_ch_P7_Q0_[].qasm,Quratest_4,0.0,0.0,0.3182004339231616,0.9021967380103115,0.3120331415347794,0.7822247775227885,0.3665768940197934,0.974509019979184,0.4886701755518068,0.001875696412110912,0.07568359375,0.642578125,True,True,True,True,True,True,True,True,True,True,True,True
1034,qpeexact_6_Mutant_Replace_ch_P7_Q0_[].qasm,PureState_5,0.0,0.0,0.7184754871637931,0.9554044120579448,0.656504224650882,0.8105342495175545,0.8162914987222802,0.999304578514912,0.12105873374900396,0.00027788746979502037,0.123046875,0.67626953125,True,True,True,True,True,True,True,True,True,True,True,True
1035,qpeexact_6_Mutant_Replace_ch_P7_Q0_[].qasm,Quratest_5,0.0,0.0,0.3907393678418284,0.8593403918797615,0.3810199212661323,0.7607561117227287,0.571106909684876,0.9565595274947786,0.027439747530744518,0.013149256620191502,0.0087890625,0.68701171875,True,True,True,True,True,True,True,True,True,True,True,True
1036,qpeexact_6_Mutant_Replace_ch_P7_Q0_[].qasm,PureState_6,0.0,0.0,0.8202347254169239,0.9935049610359257,0.7158772442183228,0.8301370394484553,0.862623956477429,0.9998110891986036,0.021446609406728368,5.305763427558438e-06,0.548828125,1.173828125,True,True,True,True,True,True,True,True,True,True,True,True
1037,qpeexact_6_Mutant_Replace_ch_P7_Q0_[].qasm,Quratest_6,0.0,0.0,0.43523628029664757,0.6212657120309336,0.41947147079864516,0.5491398444809544,0.683842397603263,0.663133101553773,0.016912389594685516,0.2767292614627412,0.31689453125,0.4072265625,True,True,True,True,True,True,True,True,True,True,True,True
1038,qpeexact_6_Mutant_Replace_ch_P7_Q0_[].qasm,PureState_7,0.0,0.0,0.8225717957094247,0.9951346509591844,0.7174572542108885,0.8310526586578756,0.862623956477429,0.9998110891986035,0.021446609406728368,5.28505473139062e-06,1.02978515625,1.173828125,True,True,True,True,True,True,True,True,True,True,True,True
1039,qpeexact_6_Mutant_Replace_ch_P7_Q0_[].qasm,Quratest_7,0.0,0.0,0.3244244964790086,0.9158567079410637,0.31633195617677706,0.7904208438932498,0.3763122318110791,0.9892623889795613,0.4325797296779883,0.00041849410255071574,0.14306640625,0.65185546875,True,True,True,True,True,True,True,True,True,True,True,True
1040,qpeexact_6_Mutant_Replace_ch_P7_Q0_[].qasm,PureState_8,0.0,0.0,0.7859722782704681,0.9940456964128664,0.6858352303145858,0.830806021102536,0.8335101664556508,0.9998253413384739,0.02538787565772921,9.784571440207288e-07,0.30029296875,0.45947265625,True,True,True,True,True,True,True,True,True,True,True,True
1041,qpeexact_6_Mutant_Replace_ch_P7_Q0_[].qasm,Quratest_8,0.0,0.0,0.3698260185151156,0.9316712755898473,0.35391201486189555,0.7950494526222334,0.4397533185624005,0.9800780927467799,0.0800165357615467,0.0004602136799019687,0.2265625,0.583984375,True,True,True,True,True,True,True,True,True,True,True,True
1042,qpeexact_6_Mutant_Replace_ch_P7_Q0_[].qasm,PureState_9,0.0,0.0,0.31679388803364106,0.9511180098005955,0.2773091162055812,0.8080804973805462,0.2406473063630897,0.9939803278342244,0.728553390593284,0.002425221654560908,0.06787109375,0.630859375,True,True,True,True,True,True,True,True,True,True,True,True
1043,qpeexact_6_Mutant_Replace_ch_P7_Q0_[].qasm,Quratest_9,0.0,0.0,0.1884036851588577,0.8548942727458495,0.18446081813128792,0.752746333010179,0.1723587126434096,0.9627906781057207,0.7424903976245564,0.0034474112040878964,0.1083984375,0.85107421875,True,True,True,True,True,True,True,True,True,True,True,True
1044,qpeexact_6_Mutant_Replace_ch_P7_Q0_[].qasm,PureState_10,0.0,0.0,0.2907694781264832,0.9519211319851087,0.2491188929313793,0.8095588254074515,0.21338834764831827,0.9940209969767013,0.7285533905932843,0.002520613715699144,0.2392578125,1.34326171875,True,True,True,True,True,True,True,True,True,True,True,True
1045,qpeexact_6_Mutant_Replace_ch_P7_Q0_[].qasm,Quratest_10,0.0,0.0,0.6316095335252653,0.8141995536464619,0.5725622727700508,0.73335911532944,0.7469883014016305,0.9554030226227233,0.01633079948610874,0.010359058257104875,0.01318359375,0.5380859375,True,True,True,True,True,True,True,True,True,True,True,True
1046,qpeexact_6_Mutant_Replace_ch_P7_Q0_[].qasm,PureState_11,0.0,0.0,0.4722732482361839,0.9874867865309581,0.44041877954297404,0.828329281912656,0.5381302415326736,0.9970910946111382,0.1250000000000046,3.207632952136597e-05,0.82275390625,0.1552734375,True,True,True,True,True,True,True,True,True,True,True,True
1047,qpeexact_6_Mutant_Replace_ch_P7_Q0_[].qasm,Quratest_11,0.0,0.0,0.3658750375995304,0.9097523907091598,0.3544805584494073,0.7892502965088757,0.44327604372306945,0.9810372167156305,0.4287710976430313,0.0008667176204033653,0.0478515625,0.5869140625,True,True,True,True,True,True,True,True,True,True,True,True
1048,qpeexact_6_Mutant_Replace_ch_P7_Q0_[].qasm,PureState_12,0.0,0.0,0.33292305268043637,0.9949939740827594,0.29051934276357905,0.8320246488223718,0.259515058436089,0.9999953649742825,0.6538053121734685,2.3175595700649324e-06,0.3642578125,0.63525390625,True,True,True,True,True,True,True,True,True,True,True,True
1049,qpeexact_6_Mutant_Replace_ch_P7_Q0_[].qasm,Quratest_12,0.0,0.0,0.4143058416904429,0.885250927207671,0.3966621720355863,0.7750862237182824,0.4347674032265759,0.9681780407018825,0.2603083210088859,0.0062657389519256345,0.37451171875,1.046875,True,True,True,True,True,True,True,True,True,True,True,True
1050,qpeexact_6_Mutant_Replace_ch_P7_Q0_[].qasm,PureState_13,0.0,0.0,0.800343233634606,0.9987146506806971,0.6993286602066028,0.8323295805800264,0.8266407412190938,0.9999953334468665,0.09619468782654607,3.6174455148804704e-07,0.68359375,0.0810546875,True,True,True,True,True,True,True,True,True,True,True,True
1051,qpeexact_6_Mutant_Replace_ch_P7_Q0_[].qasm,Quratest_13,0.0,0.0,0.44185896878966857,0.9519165176827384,0.41818544157813486,0.8118961984387054,0.48329740961872125,0.9884865990565435,0.2230716830250957,0.00025082063556710075,0.177734375,0.51025390625,True,True,True,True,True,True,True,True,True,True,True,True
1052,qpeexact_6_Mutant_Replace_ch_P7_Q0_[].qasm,PureState_14,0.0,0.0,0.7883271243782369,0.9854714288787556,0.6909136945157005,0.8281408147936126,0.8535533905932736,0.9970919135931844,0.12500000000000444,3.72125704220005e-05,0.30712890625,0.66748046875,True,True,True,True,True,True,True,True,True,True,True,True
1053,qpeexact_6_Mutant_Replace_ch_P7_Q0_[].qasm,Quratest_14,0.0,0.0,0.39148709168308865,0.8553965671206275,0.3730250458377742,0.7514451952486151,0.4478187206026326,0.9618199665960321,0.17788445196308494,0.0028073364280682793,0.0947265625,0.56494140625,True,True,True,True,True,True,True,True,True,True,True,True
1054,qpeexact_6_Mutant_Replace_ch_P7_Q0_[].qasm,PureState_15,0.0,0.0,0.8578003947266223,0.9866466255609527,0.7470028304140914,0.8288810448553526,0.888557260250229,0.9991611559916552,0.021446609406728386,9.227495975495555e-06,1.00048828125,1.15478515625,True,True,True,True,True,True,True,True,True,True,True,True
1055,qpeexact_6_Mutant_Replace_ch_P7_Q0_[].qasm,Quratest_15,0.0,0.0,0.7121017362812294,0.9799527502936604,0.6246359979147548,0.8215823042435676,0.7875894468726492,0.9932245941529377,0.019299013532101544,8.563440958070285e-05,0.19482421875,0.85498046875,True,True,True,True,True,True,True,True,True,True,True,True
1056,qpeexact_6_Mutant_Replace_ch_P7_Q0_[].qasm,PureState_16,0.0,0.0,0.3643874918568028,0.9837619112830707,0.3240532936476309,0.8227418156604487,0.3024328278857398,0.9939393820640525,0.1250000000000044,0.00010469947394757083,0.14111328125,0.73486328125,True,True,True,True,True,True,True,True,True,True,True,True
1057,qpeexact_6_Mutant_Replace_ch_P7_Q0_[].qasm,Quratest_16,0.0,0.0,0.3954837447063841,0.8854005151945865,0.3811642534167544,0.7690532014985529,0.49177053683244026,0.9694842860907887,0.30842963451766203,0.0020960421752852136,0.2041015625,0.5556640625,True,True,True,True,True,True,True,True,True,True,True,True
1058,qpeexact_6_Mutant_Replace_ch_P7_Q0_[].qasm,PureState_17,0.0,0.0,0.8280551473724233,0.9929037538333052,0.7259747593937202,0.8319828431172546,0.9038053121734577,0.9999953956785469,0.09619468782654607,4.6043872831996576e-06,1.02294921875,1.64794921875,True,True,True,True,True,True,True,True,True,True,True,True
1059,qpeexact_6_Mutant_Replace_ch_P7_Q0_[].qasm,Quratest_17,0.0,0.0,0.602531779232661,0.8420625609409977,0.53218745461228,0.7494362643125216,0.6056521899152271,0.9627185573617758,0.0011890578992853015,0.005831585679103357,0.0380859375,0.67431640625,True,True,True,True,True,True,True,True,True,True,True,True
1060,qpeexact_6_Mutant_Replace_ch_P7_Q0_[].qasm,PureState_18,0.0,0.0,0.5891030557297001,0.9783096868980987,0.5485846188370916,0.8187106248699366,0.7016882919613695,0.9993045785149116,0.12105873374900376,4.868978092862572e-05,0.02734375,0.6357421875,True,True,True,True,True,True,True,True,True,True,True,True
1061,qpeexact_6_Mutant_Replace_ch_P7_Q0_[].qasm,Quratest_18,0.0,0.0,0.16090950604398277,0.9250051050589202,0.15969203520128686,0.7992442601188049,0.21102007263892938,0.9845081982999935,0.08308269088877833,0.0006661211181655114,0.056640625,0.40234375,True,True,True,True,True,True,True,True,True,True,True,True
1062,qpeexact_6_Mutant_Replace_ch_P7_Q0_[].qasm,PureState_19,0.0,0.0,0.7898743130749651,0.9845218776032725,0.6922648258964949,0.8250363906850374,0.8535533905932733,0.9939803278342243,0.12500000000000452,0.00011512359116824911,0.2841796875,0.6298828125,True,True,True,True,True,True,True,True,True,True,True,True
1063,qpeexact_6_Mutant_Replace_ch_P7_Q0_[].qasm,Quratest_19,0.0,0.0,0.46260276798848515,0.9006995664110152,0.4424818611472066,0.784842464862155,0.5625742786226395,0.9758564478821842,0.526865235850855,0.006752906714745163,0.3466796875,0.478515625,True,True,True,True,True,True,True,True,True,True,True,True
1064,qpeexact_6_Mutant_Replace_ch_P7_Q0_[].qasm,PureState_20,0.0,0.0,0.35943629532681937,0.9833460842612101,0.3201732222085115,0.8230833307238965,0.3024328278857398,0.9939393820640524,0.12500000000000452,0.00010447400046965677,0.16455078125,0.73486328125,True,True,True,True,True,True,True,True,True,True,True,True
1065,qpeexact_6_Mutant_Replace_ch_P7_Q0_[].qasm,Quratest_20,0.0,0.0,0.2689601527110262,0.8130608687635335,0.25506460146806254,0.7262643799767793,0.357334744513747,0.9324234236575921,0.4666374823965481,0.04429421118859957,0.087890625,0.802734375,True,True,True,True,True,True,True,True,True,True,True,True
1066,qpeexact_6_Mutant_Replace_ch_P7_Q0_[].qasm,PureState_21,0.0,0.0,0.7121038913301007,0.9526097928368981,0.652522766767266,0.808916411393547,0.8115978090655404,0.9939393820640523,0.1250000000000045,0.0024003558708061887,1.12744140625,1.32861328125,True,True,True,True,True,True,True,True,True,True,True,True
1067,qpeexact_6_Mutant_Replace_ch_P7_Q0_[].qasm,Quratest_21,0.0,0.0,0.697713030879364,0.8422400755323186,0.6105328110254925,0.7506208899250362,0.7402813085224222,0.9593081437359576,0.0035735199009062453,0.004256852153466971,0.06005859375,0.68359375,True,True,True,True,True,True,True,True,True,True,True,True
1068,qpeexact_6_Mutant_Replace_ch_P7_Q0_[].qasm,PureState_22,0.0,0.0,0.3377290438670087,0.7940237284831179,0.29481033724513833,0.7146477372874163,0.2693160302557048,0.9275192055375919,0.6538053121734667,0.007234783693046851,0.1435546875,0.328125,True,True,True,True,True,True,True,True,True,True,True,True
1069,qpeexact_6_Mutant_Replace_ch_P7_Q0_[].qasm,Quratest_22,0.0,0.0,0.4308847993679439,0.8581646404365408,0.4100595795525447,0.7571895788290739,0.44971874653755656,0.9770859880566171,0.014702059548435455,0.0048266048541629174,0.23486328125,0.76904296875,True,True,True,True,True,True,True,True,True,True,True,True
1070,qpeexact_6_Mutant_Replace_ch_P7_Q0_[].qasm,PureState_23,0.0,0.0,0.8912401732073958,0.9875857990813145,0.7779565958472663,0.8281111917611492,0.9507223407028533,0.9958937211131196,0.02144660940672835,4.0252887293120366e-05,0.7822265625,0.07177734375,True,True,True,True,True,True,True,True,True,True,True,True
1071,qpeexact_6_Mutant_Replace_ch_P7_Q0_[].qasm,Quratest_23,0.0,0.0,0.6081459420287113,0.816451512747583,0.5684495322870988,0.7270263461233116,0.6822207868186241,0.928657937728228,0.0017722634310893993,0.03953510359138614,0.23828125,0.552734375,True,True,True,True,True,True,True,True,True,True,True,True
1072,qpeexact_6_Mutant_Replace_ch_P7_Q0_[].qasm,PureState_24,0.0,0.0,0.7981173165024184,0.9972466641538856,0.6977462857896902,0.8318042455933375,0.8266407412190938,0.9999953334468665,0.09619468782654604,3.6598155202292745e-07,0.8564453125,0.0810546875,True,True,True,True,True,True,True,True,True,True,True,True
1073,qpeexact_6_Mutant_Replace_ch_P7_Q0_[].qasm,Quratest_24,0.0,0.0,0.38152587505853786,0.8575840577638337,0.3609169869616967,0.7629891591394877,0.35268189432010966,0.9724859358587856,0.5648388067684937,0.003378442764149822,0.07861328125,0.546875,True,True,True,True,True,True,True,True,True,True,True,True
1074,qpeexact_6_Mutant_Replace_ch_P7_Q0_[].qasm,PureState_25,0.0,0.0,0.8861075430367686,0.9909685837648631,0.7741634408966074,0.8290067298620208,0.9446839958978968,0.999304578514912,0.02538787565772918,4.613403800741314e-06,0.02197265625,0.63818359375,True,True,True,True,True,True,True,True,True,True,True,True
1075,qpeexact_6_Mutant_Replace_ch_P7_Q0_[].qasm,Quratest_25,0.0,0.0,0.5481305983114785,0.9667056610885292,0.5135186948265293,0.8167416476577593,0.589154344199341,0.9923923086451729,0.10588554994170538,9.052934881457381e-05,0.06982421875,0.546875,True,True,True,True,True,True,True,True,True,True,True,True
1076,qpeexact_6_Mutant_Replace_ch_P7_Q0_[].qasm,PureState_26,0.0,0.0,0.3773511887862086,0.9870931841040705,0.3338236094264813,0.8245473145952457,0.3131690161308723,0.999304578514911,0.12105873374900387,1.2058356437537699e-05,0.1630859375,0.80517578125,True,True,True,True,True,True,True,True,True,True,True,True
1077,qpeexact_6_Mutant_Replace_ch_P7_Q0_[].qasm,Quratest_26,0.0,0.0,0.5345630229772539,0.9654624870387927,0.4800579763825253,0.8164992858646346,0.54512603029331,0.9957516694723463,0.07231013445561656,5.813266317045218e-05,0.1962890625,0.8056640625,True,True,True,True,True,True,True,True,True,True,True,True
1078,qpeexact_6_Mutant_Replace_ch_P7_Q0_[].qasm,PureState_27,0.0,0.0,0.3665005428055084,0.5051967531213418,0.32617946642599527,0.4665559451342773,0.31663930843841037,0.8984528369003074,0.6538053121734667,0.04113484014698648,0.19677734375,0.560546875,True,True,True,True,True,True,True,True,True,True,True,True
1079,qpeexact_6_Mutant_Replace_ch_P7_Q0_[].qasm,Quratest_27,0.0,0.0,0.2015414086222516,0.6338829687953238,0.19834647553040033,0.571554282695058,0.2028258108585843,0.8967113623922638,0.7248058422707447,0.02095788725248329,0.14013671875,0.65380859375,True,True,True,True,True,True,True,True,True,True,True,True
1080,qpeexact_6_Mutant_Replace_ch_P7_Q0_[].qasm,PureState_28,0.0,0.0,0.7919392793276284,0.9866851945957195,0.6941406702945349,0.8251006918038007,0.8535533905932735,0.9939803278342244,0.12500000000000444,0.00011466937674819932,0.43505859375,0.6298828125,True,True,True,True,True,True,True,True,True,True,True,True
1081,qpeexact_6_Mutant_Replace_ch_P7_Q0_[].qasm,Quratest_28,0.0,0.0,0.5484399206860543,0.8885865673926288,0.48683080579775595,0.7752852357297673,0.5379001399455473,0.9662079561383115,0.012993645203530397,0.0021935498228601437,0.1826171875,0.5517578125,True,True,True,True,True,True,True,True,True,True,True,True
1082,qpeexact_6_Mutant_Replace_ch_P7_Q0_[].qasm,PureState_29,0.0,0.0,0.3776509907641108,0.21486189244993248,0.3193080804206217,0.17979536251196943,0.27144660940672605,0.13283047846815813,0.7285533905932842,0.8671695386880169,0.32080078125,0.35205078125,True,True,True,True,True,True,True,True,True,True,True,True
1083,qpeexact_6_Mutant_Replace_ch_P7_Q0_[].qasm,Quratest_29,0.0,0.0,0.3764017161846375,0.8484928006016795,0.36375892786052216,0.7501363265138027,0.4108373872182086,0.9746462737420615,0.15420482459092386,0.002244609950009034,0.251953125,0.4814453125,True,True,True,True,True,True,True,True,True,True,True,True
1084,qpeexact_6_Mutant_Replace_ch_P7_Q0_[].qasm,PureState_30,0.0,0.0,0.7922536453323072,0.9724103170787136,0.6942053946954568,0.8181800490751722,0.8535533905932737,0.9940209969767013,0.12500000000000444,0.0004634605128991991,0.361328125,0.0810546875,True,True,True,True,True,True,True,True,True,True,True,True
1085,qpeexact_6_Mutant_Replace_ch_P7_Q0_[].qasm,Quratest_30,0.0,0.0,0.5618420544947851,0.6542208302105388,0.48408984322343,0.5952342580066252,0.5284289580725166,0.7771570277525266,0.001483445799695601,0.17118769187753555,0.01025390625,0.7021484375,True,True,True,True,True,True,True,True,True,True,True,True
1086,qpeexact_6_Mutant_Replace_ch_P7_Q0_[].qasm,PureState_31,0.0,0.0,0.2837975584406555,0.9520774396945428,0.24291757234353148,0.8100491548743016,0.21338834764831818,0.9940209969767013,0.728553390593285,0.0025260422189727493,0.22265625,1.34326171875,True,True,True,True,True,True,True,True,True,True,True,True
1087,qpeexact_6_Mutant_Replace_ch_P7_Q0_[].qasm,Quratest_31,0.0,0.0,0.40032604742280686,0.9130578722591056,0.3833495309603308,0.7855173474211988,0.5007059301182697,0.9726649383306543,0.18367858225840866,0.0023622457101344736,0.0693359375,0.357421875,True,True,True,True,True,True,True,True,True,True,True,True
1088,qpeexact_6_Mutant_Replace_cx_P15_Q2_[].qasm,PureState_0,0.0,0.0,0.538473423564253,0.5058068059295242,0.462055458468984,0.4679685728585561,0.4999999999999998,0.8984528369005425,0.2500000000000052,0.04128417729592961,0.00146484375,0.560546875,True,True,True,True,True,True,True,True,True,True,True,True
1089,qpeexact_6_Mutant_Replace_cx_P15_Q2_[].qasm,Quratest_0,0.0,0.0,0.5673712846441227,0.8121773745529214,0.5368280895228958,0.741018306712068,0.629479798005895,0.9658296303129545,0.15522035352181382,0.003996506725882308,0.6513671875,0.26708984375,True,True,True,True,True,True,True,True,True,True,True,True
1090,qpeexact_6_Mutant_Replace_cx_P15_Q2_[].qasm,PureState_1,0.0,0.0,0.5907745352432195,0.991993270709559,0.5185256502403127,0.829411564901666,0.6035533905932737,0.999304687884351,0.25000000000000633,9.1860050784324e-07,0.07177734375,0.625,True,True,True,True,True,True,True,True,True,True,True,True
1091,qpeexact_6_Mutant_Replace_cx_P15_Q2_[].qasm,Quratest_1,0.0,0.0,0.45746101059267663,0.7989732592933213,0.4388271166378575,0.7175006267009563,0.6141510875330403,0.934653496333862,0.2589589254413131,0.020141033911052295,0.267578125,0.8740234375,True,True,True,True,True,True,True,True,True,True,True,True
1092,qpeexact_6_Mutant_Replace_cx_P15_Q2_[].qasm,PureState_2,0.0,0.0,0.5852555632013328,0.989394834200873,0.5137000690288279,0.8277737244749842,0.6035533905932736,0.9993045785146737,0.25000000000000633,4.612078220217732e-06,0.05859375,0.63818359375,True,True,True,True,True,True,True,True,True,True,True,True
1093,qpeexact_6_Mutant_Replace_cx_P15_Q2_[].qasm,Quratest_2,0.0,0.0,0.35360347466111886,0.8167890545111367,0.3443925735531979,0.7261861793477501,0.47239262301163065,0.9358433433430783,0.046800309575025165,0.0352485328350708,0.13330078125,0.6708984375,True,True,True,True,True,True,True,True,True,True,True,True
1094,qpeexact_6_Mutant_Replace_cx_P15_Q2_[].qasm,PureState_3,0.0,0.0,0.5425299945843309,0.9122700114880684,0.4657388992449731,0.7899255371843183,0.49999999999999994,0.9951687180558704,0.25000000000000644,0.0004231288004817582,0.36474609375,0.98828125,True,True,True,True,True,True,True,True,True,True,True,True
1095,qpeexact_6_Mutant_Replace_cx_P15_Q2_[].qasm,Quratest_3,0.0,0.0,0.985678735630908,0.9087157687636006,0.8294490120221982,0.7835474421786197,0.998797129066282,0.9767004704731096,1.4468984836030978e-06,0.0028938594843718763,0.2529296875,0.5126953125,True,True,True,True,True,True,True,True,True,True,True,True
1096,qpeexact_6_Mutant_Replace_cx_P15_Q2_[].qasm,PureState_4,0.0,0.0,0.5418370442614587,0.8587714148815762,0.46511624352513226,0.7643794024289048,0.4999999999999999,0.9817123933687806,0.2500000000000062,0.0019204983906613154,0.02392578125,0.71044921875,True,True,True,True,True,True,True,True,True,True,True,True
1097,qpeexact_6_Mutant_Replace_cx_P15_Q2_[].qasm,Quratest_4,0.0,0.0,0.4589635111724931,0.9041785950949635,0.4492670024820621,0.7830955647251572,0.6186840244064067,0.9745090199768869,0.43848398555700213,0.0018756964009356725,0.0078125,0.642578125,True,True,True,True,True,True,True,True,True,True,True,True
1098,qpeexact_6_Mutant_Replace_cx_P15_Q2_[].qasm,PureState_5,0.0,0.0,0.586148820815631,0.9493033620351364,0.5148449936851996,0.8088039554608027,0.6035533905932737,0.9993045785146738,0.2500000000000061,0.00027788746988978126,0.078125,0.67626953125,True,True,True,True,True,True,True,True,True,True,True,True
1099,qpeexact_6_Mutant_Replace_cx_P15_Q2_[].qasm,Quratest_5,0.0,0.0,0.44142655903801764,0.8596073292593839,0.42999739545951415,0.7604940802327879,0.6622219012710271,0.9565595274927371,0.2226185313769014,0.01314925644881475,0.021484375,0.68701171875,True,True,True,True,True,True,True,True,True,True,True,True
1100,qpeexact_6_Mutant_Replace_cx_P15_Q2_[].qasm,PureState_6,0.0,0.0,0.5851140694208653,0.9931851328216963,0.5136162930040377,0.8309709499391664,0.6035533905932736,0.9998110891985466,0.25000000000000644,5.305763429374831e-06,0.5068359375,1.173828125,True,True,True,True,True,True,True,True,True,True,True,True
1101,qpeexact_6_Mutant_Replace_cx_P15_Q2_[].qasm,Quratest_6,0.0,0.0,0.6214553435594216,0.6185636241216469,0.582387325171892,0.5468624381190055,0.7296776564724493,0.663133101551484,0.06580760753232455,0.27672926220674354,0.244140625,0.4072265625,True,True,True,True,True,True,True,True,True,True,True,True
1102,qpeexact_6_Mutant_Replace_cx_P15_Q2_[].qasm,PureState_7,0.0,0.0,0.5799762205581876,0.9955865613094965,0.508556631442069,0.8312358423985479,0.6035533905932735,0.9998110891985466,0.2500000000000058,5.285054733189361e-06,0.5068359375,1.173828125,True,True,True,True,True,True,True,True,True,True,True,True
1103,qpeexact_6_Mutant_Replace_cx_P15_Q2_[].qasm,Quratest_7,0.0,0.0,0.33946389332441573,0.9173695051446894,0.33060306026088576,0.7917294382007308,0.36455067092222915,0.989262388979518,0.27680865250644354,0.00041849410263264055,0.14501953125,0.65185546875,True,True,True,True,True,True,True,True,True,True,True,True
1104,qpeexact_6_Mutant_Replace_cx_P15_Q2_[].qasm,PureState_8,0.0,0.0,0.5817285696109342,0.990242040634787,0.5102007976031786,0.8300907261812244,0.6035533905932735,0.9998253413384666,0.25000000000000644,9.78457144353831e-07,0.14892578125,0.45947265625,True,True,True,True,True,True,True,True,True,True,True,True
1105,qpeexact_6_Mutant_Replace_cx_P15_Q2_[].qasm,Quratest_8,0.0,0.0,0.13834736907381343,0.9300432896960966,0.13751579497036862,0.7939785964211641,0.19664134118362972,0.9800780927444942,0.8502521330693,0.0004602136812967232,0.0546875,0.583984375,True,True,True,True,True,True,True,True,True,True,True,True
1106,qpeexact_6_Mutant_Replace_cx_P15_Q2_[].qasm,PureState_9,0.0,0.0,0.5387085555781223,0.9514819135752277,0.46227453150452286,0.8085581139158784,0.4999999999999998,0.9939803278342375,0.25000000000000644,0.002425221654555291,0.0556640625,0.630859375,True,True,True,True,True,True,True,True,True,True,True,True
1107,qpeexact_6_Mutant_Replace_cx_P15_Q2_[].qasm,Quratest_9,0.0,0.0,0.1588646400237051,0.8540254050267284,0.15667075146023215,0.7518590012554972,0.1294710502477197,0.9627906781054878,0.8775452852779708,0.0034474111874087925,0.02685546875,0.85107421875,True,True,True,True,True,True,True,True,True,True,True,True
1108,qpeexact_6_Mutant_Replace_cx_P15_Q2_[].qasm,PureState_10,0.0,0.0,0.7016350263744786,0.9542426852001992,0.6117128435383592,0.8114430158186947,0.7499999999999998,0.9940209969767142,0.2500000000000059,0.002520613715693295,0.697265625,1.34326171875,True,True,True,True,True,True,True,True,True,True,True,True
1109,qpeexact_6_Mutant_Replace_cx_P15_Q2_[].qasm,Quratest_10,0.0,0.0,0.7924162580254593,0.8181405968076165,0.7094966497868693,0.736412012366398,0.8797090585302298,0.9554030226227226,0.0036051418239095977,0.010359058259604818,0.1669921875,0.5380859375,True,True,True,True,True,True,True,True,True,True,True,True
1110,qpeexact_6_Mutant_Replace_cx_P15_Q2_[].qasm,PureState_11,0.0,0.0,0.585826272714783,0.9859350035230228,0.5141980722287778,0.827832815201736,0.6035533905932737,0.9970910946110949,0.250000000000006,3.207632953230479e-05,0.4873046875,0.1552734375,True,True,True,True,True,True,True,True,True,True,True,True
1111,qpeexact_6_Mutant_Replace_cx_P15_Q2_[].qasm,Quratest_11,0.0,0.0,0.3692592233463425,0.9107907873782534,0.34553185555370586,0.7901764348185324,0.35460937336398457,0.9810372167155873,0.20737270855399864,0.0008667176228708491,0.27392578125,0.5869140625,True,True,True,True,True,True,True,True,True,True,True,True
1112,qpeexact_6_Mutant_Replace_cx_P15_Q2_[].qasm,PureState_12,0.0,0.0,0.7125732885349939,0.9929130179014899,0.6218041496371336,0.8315776820501821,0.7499999999999997,0.9999953649742824,0.25000000000000655,2.317559570059548e-06,0.080078125,0.63525390625,True,True,True,True,True,True,True,True,True,True,True,True
1113,qpeexact_6_Mutant_Replace_cx_P15_Q2_[].qasm,Quratest_12,0.0,0.0,0.4050740845267303,0.8826775920203773,0.38945290304980285,0.7732197159177172,0.49559275634082756,0.9681780406995955,0.14947681915759656,0.006265738973172459,0.751953125,1.046875,True,True,True,True,True,True,True,True,True,True,True,True
1114,qpeexact_6_Mutant_Replace_cx_P15_Q2_[].qasm,PureState_13,0.0,0.0,0.6996219395922852,0.998181756783344,0.6098549177025493,0.8321460929020589,0.7499999999999999,0.9999953334468656,0.25000000000000633,3.617445514882343e-07,0.73388671875,0.0810546875,True,True,True,True,True,True,True,True,True,True,True,True
1115,qpeexact_6_Mutant_Replace_cx_P15_Q2_[].qasm,Quratest_13,0.0,0.0,0.5257517124059679,0.9555279948510819,0.49629787021324834,0.8123219009568545,0.5972738534974806,0.9884865990542413,0.15077064717624386,0.0002508206367781905,0.13720703125,0.51025390625,True,True,True,True,True,True,True,True,True,True,True,True
1116,qpeexact_6_Mutant_Replace_cx_P15_Q2_[].qasm,PureState_14,0.0,0.0,0.5409050968331977,0.9873076675518794,0.46430957718051724,0.828304905811076,0.4999999999999998,0.9970919135931828,0.2500000000000061,3.7212570421920204e-05,0.0888671875,0.66748046875,True,True,True,True,True,True,True,True,True,True,True,True
1117,qpeexact_6_Mutant_Replace_cx_P15_Q2_[].qasm,Quratest_14,0.0,0.0,0.29504172446240906,0.8524652719907292,0.28949900352632557,0.7496271016417045,0.38443215351790017,0.9618199665957576,0.4540564391649645,0.0028073364195834198,0.04638671875,0.56494140625,True,True,True,True,True,True,True,True,True,True,True,True
1118,qpeexact_6_Mutant_Replace_cx_P15_Q2_[].qasm,PureState_15,0.0,0.0,0.5919529527803249,0.9954599093661038,0.5205446484219415,0.8308937535854692,0.6035533905932736,0.999161155991598,0.2500000000000062,9.22749597864088e-06,0.537109375,1.15478515625,True,True,True,True,True,True,True,True,True,True,True,True
1119,qpeexact_6_Mutant_Replace_cx_P15_Q2_[].qasm,Quratest_15,0.0,0.0,0.9883862263328005,0.9798717916237834,0.8305673906581591,0.821939819132141,0.9986952663758938,0.9932245941506331,1.6915428487076628e-06,8.563441044602401e-05,0.26220703125,0.85498046875,True,True,True,True,True,True,True,True,True,True,True,True
1120,qpeexact_6_Mutant_Replace_cx_P15_Q2_[].qasm,PureState_16,0.0,0.0,0.589860917322066,0.9864950372307318,0.5177663138692161,0.8243088171851661,0.6035533905932737,0.993939382061984,0.2500000000000062,0.00010469947398327035,0.09228515625,0.73486328125,True,True,True,True,True,True,True,True,True,True,True,True
1121,qpeexact_6_Mutant_Replace_cx_P15_Q2_[].qasm,Quratest_16,0.0,0.0,0.21375883903646145,0.889936131530623,0.20969127809613933,0.771355752031013,0.23380915886179526,0.9694842860885164,0.8268022887887654,0.002096042188123617,0.05029296875,0.5556640625,True,True,True,True,True,True,True,True,True,True,True,True
1122,qpeexact_6_Mutant_Replace_cx_P15_Q2_[].qasm,PureState_17,0.0,0.0,0.7112912391690024,0.9899494936611664,0.6206219637003176,0.8314940356750048,0.7499999999999997,0.999995395678546,0.25000000000000633,4.604387283200973e-06,0.9951171875,1.64794921875,True,True,True,True,True,True,True,True,True,True,True,True
1123,qpeexact_6_Mutant_Replace_cx_P15_Q2_[].qasm,Quratest_17,0.0,0.0,0.058662266779752274,0.8417812777806418,0.05228294536564418,0.7501254894322809,0.01651632387675462,0.9627185573618029,0.9908625302975735,0.005831585682248371,0.00634765625,0.67431640625,True,True,False,True,False,True,True,True,True,True,True,True
1124,qpeexact_6_Mutant_Replace_cx_P15_Q2_[].qasm,PureState_18,0.0,0.0,0.5883363800900978,0.9758338679242342,0.5169753170749527,0.8180824657742073,0.6035533905932736,0.9993045785146736,0.2500000000000058,4.868978094522903e-05,0.03759765625,0.6357421875,True,True,True,True,True,True,True,True,True,True,True,True
1125,qpeexact_6_Mutant_Replace_cx_P15_Q2_[].qasm,Quratest_18,0.0,0.0,0.38865379632083125,0.9204945745618773,0.38015282910179865,0.7965042663471794,0.5221602757200754,0.9845081982997181,0.2987519099009812,0.0006661211150110694,0.51220703125,0.40234375,True,True,True,True,True,True,True,True,True,True,True,True
1126,qpeexact_6_Mutant_Replace_cx_P15_Q2_[].qasm,PureState_19,0.0,0.0,0.5415720588894468,0.9823819605854311,0.46488985431956376,0.8240874615519507,0.4999999999999997,0.9939803278342374,0.250000000000006,0.00011512359116802698,0.05029296875,0.6298828125,True,True,True,True,True,True,True,True,True,True,True,True
1127,qpeexact_6_Mutant_Replace_cx_P15_Q2_[].qasm,Quratest_19,0.0,0.0,0.5419833263272933,0.8965963673534714,0.5094970352843714,0.7827083306627669,0.6645556265231649,0.9758564478798961,0.056487777917134774,0.006752906804965694,0.1923828125,0.478515625,True,True,True,True,True,True,True,True,True,True,True,True
1128,qpeexact_6_Mutant_Replace_cx_P15_Q2_[].qasm,PureState_20,0.0,0.0,0.5911361904887571,0.9833786395094704,0.5197969653791266,0.8239887732282344,0.6035533905932737,0.993939382061984,0.2500000000000062,0.00010447400050529012,0.09228515625,0.73486328125,True,True,True,True,True,True,True,True,True,True,True,True
1129,qpeexact_6_Mutant_Replace_cx_P15_Q2_[].qasm,Quratest_20,0.0,0.0,0.27870745100112415,0.8137292249494987,0.2665925732296147,0.7262719511908889,0.3304365083811641,0.9324234236576123,0.7117371892392764,0.044294211183556975,0.16259765625,0.802734375,True,True,True,True,True,True,True,True,True,True,True,True
1130,qpeexact_6_Mutant_Replace_cx_P15_Q2_[].qasm,PureState_21,0.0,0.0,0.5901441843530916,0.9533819914840208,0.5186457372610158,0.8092562848998247,0.6035533905932735,0.9939393820619846,0.25000000000000566,0.0024003558716247245,0.67138671875,1.32861328125,True,True,True,True,True,True,True,True,True,True,True,True
1131,qpeexact_6_Mutant_Replace_cx_P15_Q2_[].qasm,Quratest_21,0.0,0.0,0.6065676572131293,0.8453797907930408,0.5272854395003301,0.7507408257888599,0.5202242706763868,0.9593081437360057,0.2610321373912265,0.004256852153457093,0.12255859375,0.68359375,True,True,True,True,True,True,True,True,True,True,True,True
1132,qpeexact_6_Mutant_Replace_cx_P15_Q2_[].qasm,PureState_22,0.0,0.0,0.5432599930494252,0.7907695603199227,0.4664272985613808,0.7129339418105374,0.4999999999999999,0.9275192055375957,0.2500000000000061,0.007234783693030056,0.3310546875,0.328125,True,True,True,True,True,True,True,True,True,True,True,True
1133,qpeexact_6_Mutant_Replace_cx_P15_Q2_[].qasm,Quratest_22,0.0,0.0,0.34599682635009343,0.8581588041520558,0.34008434467609605,0.7575082576649551,0.415796272610949,0.9770859880563447,0.649903979057043,0.0048266048674866285,0.015625,0.76904296875,True,True,True,True,True,True,True,True,True,True,True,True
1134,qpeexact_6_Mutant_Replace_cx_P15_Q2_[].qasm,PureState_23,0.0,0.0,0.5829046819311942,0.989694289513021,0.5114898360696796,0.828323339806304,0.6035533905932737,0.9958937211130625,0.2500000000000062,4.025288730684007e-05,0.689453125,0.07177734375,True,True,True,True,True,True,True,True,True,True,True,True
1135,qpeexact_6_Mutant_Replace_cx_P15_Q2_[].qasm,Quratest_23,0.0,0.0,0.7806687911242886,0.8159434665838515,0.715642800157064,0.7272613271013186,0.8977536386556559,0.9286579377262003,0.05697435141194191,0.03953510352416775,0.05859375,0.552734375,True,True,True,True,True,True,True,True,True,True,True,True
1136,qpeexact_6_Mutant_Replace_cx_P15_Q2_[].qasm,PureState_24,0.0,0.0,0.7053780118624968,0.998053884106943,0.6151655297591807,0.8321379446832969,0.75,0.9999953334468656,0.2500000000000062,3.6598155202109437e-07,0.65234375,0.0810546875,True,True,True,True,True,True,True,True,True,True,True,True
1137,qpeexact_6_Mutant_Replace_cx_P15_Q2_[].qasm,Quratest_24,0.0,0.0,0.17106609945035448,0.8541176111416924,0.16768731434339645,0.7608262124598731,0.19706515960141954,0.9724859358585387,0.8864150103385934,0.003378442761647556,0.17724609375,0.546875,True,True,True,True,True,True,True,True,True,True,True,True
1138,qpeexact_6_Mutant_Replace_cx_P15_Q2_[].qasm,PureState_25,0.0,0.0,0.5839846353989312,0.9880680821902524,0.5121785598429247,0.8282982150920465,0.6035533905932737,0.9993045785146739,0.25000000000000666,4.613403802313065e-06,0.05859375,0.63818359375,True,True,True,True,True,True,True,True,True,True,True,True
1139,qpeexact_6_Mutant_Replace_cx_P15_Q2_[].qasm,Quratest_25,0.0,0.0,0.6986250185851115,0.9675721677123718,0.647921633642578,0.8171515295744095,0.8060750359005536,0.9923923086448834,0.006339637283413581,9.052935200541557e-05,0.15576171875,0.546875,True,True,True,True,True,True,True,True,True,True,True,True
1140,qpeexact_6_Mutant_Replace_cx_P15_Q2_[].qasm,PureState_26,0.0,0.0,0.5888908135562818,0.983005666840821,0.5163378044390385,0.8233308862359642,0.6035533905932735,0.9993045785146737,0.2500000000000062,1.2058356441649315e-05,0.11669921875,0.80517578125,True,True,True,True,True,True,True,True,True,True,True,True
1141,qpeexact_6_Mutant_Replace_cx_P15_Q2_[].qasm,Quratest_26,0.0,0.0,0.7299407931631399,0.9690008350116857,0.6476254165060005,0.8181904569754881,0.7916384463705789,0.9957516694720532,0.060878334909090566,5.813266230575972e-05,0.23486328125,0.8056640625,True,True,True,True,True,True,True,True,True,True,True,True
1142,qpeexact_6_Mutant_Replace_cx_P15_Q2_[].qasm,PureState_27,0.0,0.0,0.5430730564876779,0.4978594449896491,0.46623790870178417,0.4612149898018839,0.4999999999999999,0.8984528369005422,0.25000000000000533,0.041134840146891,0.00146484375,0.560546875,True,True,True,True,True,True,True,True,True,True,True,True
1143,qpeexact_6_Mutant_Replace_cx_P15_Q2_[].qasm,Quratest_27,0.0,0.0,0.4431984930591479,0.6332774164678462,0.4288744814733373,0.5718948713143915,0.5287267840182812,0.8967113623922631,0.08767479449200481,0.020957887185254587,0.017578125,0.65380859375,True,True,True,True,True,True,True,True,True,True,True,True
1144,qpeexact_6_Mutant_Replace_cx_P15_Q2_[].qasm,PureState_28,0.0,0.0,0.5410052555904463,0.9869537602302474,0.464342276914506,0.825664959660804,0.4999999999999997,0.9939803278342375,0.25000000000000633,0.00011466937674797697,0.05029296875,0.6298828125,True,True,True,True,True,True,True,True,True,True,True,True
1145,qpeexact_6_Mutant_Replace_cx_P15_Q2_[].qasm,Quratest_28,0.0,0.0,0.5729371717007689,0.8983148224092824,0.515199722466378,0.7797912844282502,0.656348203112543,0.9662079561383417,0.256986755395957,0.002193549822745386,0.05810546875,0.5517578125,True,True,True,True,True,True,True,True,True,True,True,True
1146,qpeexact_6_Mutant_Replace_cx_P15_Q2_[].qasm,PureState_29,0.0,0.0,0.7107934474415762,0.2081805479671147,0.6201628966311588,0.1741505884033314,0.7499999999999998,0.13283047847017024,0.25000000000000555,0.8671695386860033,0.998046875,0.35205078125,True,True,True,True,True,True,True,True,True,True,True,True
1147,qpeexact_6_Mutant_Replace_cx_P15_Q2_[].qasm,Quratest_29,0.0,0.0,0.3329864304385735,0.8493621955742624,0.3237716510245586,0.7497480745267577,0.35232758960145244,0.9746462737417884,0.5374657785934176,0.002244609964486583,0.1875,0.4814453125,True,True,True,True,True,True,True,True,True,True,True,True
1148,qpeexact_6_Mutant_Replace_cx_P15_Q2_[].qasm,PureState_30,0.0,0.0,0.7037493449955805,0.9765798823413896,0.6136641761592732,0.8197722053024236,0.7499999999999998,0.9940209969767142,0.25000000000000644,0.0004634605128980806,0.73388671875,0.0810546875,True,True,True,True,True,True,True,True,True,True,True,True
1149,qpeexact_6_Mutant_Replace_cx_P15_Q2_[].qasm,Quratest_30,0.0,0.0,0.714356418134422,0.6487870397066504,0.6234169647613574,0.5931090889708424,0.7624621550970825,0.7771570277525853,0.05699244611465144,0.17118769187713823,0.08984375,0.7021484375,True,True,True,True,True,True,True,True,True,True,True,True
1150,qpeexact_6_Mutant_Replace_cx_P15_Q2_[].qasm,PureState_31,0.0,0.0,0.7009200345711025,0.9533041131250966,0.6110528468954554,0.810776245412081,0.7499999999999998,0.9940209969767133,0.2500000000000061,0.0025260422189668777,0.6279296875,1.34326171875,True,True,True,True,True,True,True,True,True,True,True,True
1151,qpeexact_6_Mutant_Replace_cx_P15_Q2_[].qasm,Quratest_31,0.0,0.0,0.21997549345033515,0.9152235219169226,0.21858231695872726,0.7861546477356703,0.2902058207830473,0.9726649383306366,0.7554144846375763,0.0023622457061416783,0.328125,0.357421875,True,True,True,True,True,True,True,True,True,True,True,True
1152,qpeexact_6_Mutant_Replace_id_P26_Q4_[].qasm,PureState_0,0.0,0.0,0.37840141512304915,0.5042293477938726,0.3629736475563711,0.465986557376181,0.42231159931036666,0.8984528369005411,0.3109296083845628,0.04107580028748789,0.07470703125,0.5546875,True,True,True,True,True,True,True,True,True,True,True,True
1153,qpeexact_6_Mutant_Replace_id_P26_Q4_[].qasm,Quratest_0,0.0,0.0,0.2578041790249781,0.7989129629590104,0.2517334266518376,0.7309974853718931,0.2777943152772461,0.9652287038921062,0.12165430360337122,0.004116013650529229,0.0234375,0.26123046875,True,True,True,True,True,True,True,True,True,True,True,True
1154,qpeexact_6_Mutant_Replace_id_P26_Q4_[].qasm,PureState_1,0.0,0.0,0.34244749401612845,0.9903042467110199,0.33063997856459865,0.8288809209568181,0.3881348243794678,0.9993045785146722,0.009544919780109793,1.171470526345528e-06,0.0361328125,0.619140625,True,True,True,True,True,True,True,True,True,True,True,True
1155,qpeexact_6_Mutant_Replace_id_P26_Q4_[].qasm,Quratest_1,0.0,0.0,0.2420321652755854,0.7913309770724508,0.2361937634706299,0.7118258870601482,0.36703936277888893,0.9340959454899322,0.03006140296862525,0.02008051552518942,0.22998046875,0.8681640625,True,True,True,True,True,True,True,True,True,True,True,True
1156,qpeexact_6_Mutant_Replace_id_P26_Q4_[].qasm,PureState_2,0.0,0.0,0.45004970375906056,0.9878405717958307,0.4166069428523875,0.8274412429938913,0.4604614406315449,0.9993045785146721,0.32424629631935586,6.058011608139842e-06,0.01708984375,0.63232421875,True,True,True,True,True,True,True,True,True,True,True,True
1157,qpeexact_6_Mutant_Replace_id_P26_Q4_[].qasm,Quratest_2,0.0,0.0,0.22207933782038908,0.817200584108326,0.21594834000061502,0.7241168676287898,0.3744919996873524,0.9352857924991475,0.07240510125896492,0.035093558185483716,0.009765625,0.6650390625,True,True,True,True,True,True,True,True,True,True,True,True
1158,qpeexact_6_Mutant_Replace_id_P26_Q4_[].qasm,PureState_3,0.0,0.0,0.2030052452054804,0.9076433084056155,0.19789605888729156,0.7880928019506962,0.23096988312782166,0.9946457272896083,0.00915291308792188,0.0004591715387952664,0.33056640625,0.982421875,True,True,True,True,True,True,True,True,True,True,True,True
1159,qpeexact_6_Mutant_Replace_id_P26_Q4_[].qasm,Quratest_3,0.0,0.0,0.39173017557757883,0.9058413364129996,0.37935089227700974,0.7823377553450023,0.4812574456128084,0.9761154743713469,0.015552294712611086,0.0029036895173160013,0.33154296875,0.5068359375,True,True,True,True,True,True,True,True,True,True,True,True
1160,qpeexact_6_Mutant_Replace_id_P26_Q4_[].qasm,PureState_4,0.0,0.0,0.38234595323368203,0.8534568263901692,0.36722497343512994,0.7614426469328017,0.42231159931036655,0.9811894026025185,0.3109296083845638,0.00212805954025208,0.0751953125,0.70458984375,True,True,True,True,True,True,True,True,True,True,True,True
1161,qpeexact_6_Mutant_Replace_id_P26_Q4_[].qasm,Quratest_4,0.0,0.0,0.5024093177057412,0.9021242289691429,0.4521153106314622,0.7823373190427415,0.5019981241584726,0.9738930211774903,0.4826347570406853,0.0018821526269292418,0.01123046875,0.63671875,True,True,True,True,True,True,True,True,True,True,True,True
1162,qpeexact_6_Mutant_Replace_id_P26_Q4_[].qasm,PureState_5,0.0,0.0,0.4489475242393731,0.9476959145158794,0.4153880668466653,0.8094915344208818,0.4604614406315451,0.9993045785146724,0.32424629631935536,0.0002764410478140072,0.02099609375,0.67041015625,True,True,True,True,True,True,True,True,True,True,True,True
1163,qpeexact_6_Mutant_Replace_id_P26_Q4_[].qasm,Quratest_5,0.0,0.0,0.26204389042662135,0.8577974968787991,0.2547627169708825,0.759483868127664,0.3300657542530939,0.9559984192952258,0.0029824586554760162,0.013096594345481126,0.04638671875,0.68115234375,True,True,True,True,True,True,True,True,True,True,True,True
1164,qpeexact_6_Mutant_Replace_id_P26_Q4_[].qasm,PureState_6,0.0,0.0,0.240074476383017,0.9938591875885872,0.23621680314081078,0.8305531407616821,0.28992295458108,0.9997800865308023,3.953393022528968e-16,5.447196530975175e-06,0.5029296875,1.16796875,True,True,True,True,True,True,True,True,True,True,True,True
1165,qpeexact_6_Mutant_Replace_id_P26_Q4_[].qasm,Quratest_6,0.0,0.0,0.37528884956604697,0.6162074285474256,0.3492765234917916,0.5448963939313635,0.4696642350524945,0.6626911404235527,0.0036168212253280445,0.27527622398521634,0.2529296875,0.4013671875,True,True,True,True,True,True,True,True,True,True,True,True
1166,qpeexact_6_Mutant_Replace_id_P26_Q4_[].qasm,PureState_7,0.0,0.0,0.23766126815257732,0.9938608438095728,0.2334960540799038,0.8303638297190948,0.28992295458108,0.9997800865308022,3.656681420209743e-16,5.425522161140266e-06,0.5029296875,1.16796875,True,True,True,True,True,True,True,True,True,True,True,True
1167,qpeexact_6_Mutant_Replace_id_P26_Q4_[].qasm,Quratest_7,0.0,0.0,0.23231335806505288,0.9138029453528432,0.22812354579808447,0.7892411145713931,0.2799415472100912,0.9886980329901636,0.0028113535253226347,0.0004530937434498885,0.0048828125,0.64599609375,True,True,True,True,True,True,True,True,True,True,True,True
1168,qpeexact_6_Mutant_Replace_id_P26_Q4_[].qasm,PureState_8,0.0,0.0,0.14673111247156537,0.9923163752958497,0.13988167079195732,0.8298916126297735,0.14293850427866028,0.9998217839584305,0.0005076006493642412,1.0371157069998002e-06,0.16064453125,0.45361328125,True,True,True,True,True,True,True,True,True,True,True,True
1169,qpeexact_6_Mutant_Replace_id_P26_Q4_[].qasm,Quratest_8,0.0,0.0,0.16656667920099003,0.9275910865143241,0.16480668528982378,0.7931563517959163,0.18638387725084218,0.9795182009652204,0.025051201784009543,0.0004659735070765839,0.1552734375,0.578125,True,True,True,True,True,True,True,True,True,True,True,True
1170,qpeexact_6_Mutant_Replace_id_P26_Q4_[].qasm,PureState_9,0.0,0.0,0.37633250037290167,0.9524598000616364,0.3610757040484279,0.8093892247972586,0.42231159931036644,0.9939803278342361,3.9946943652078367e-16,0.002412995570628126,0.0146484375,0.625,True,True,True,True,True,True,True,True,True,True,True,True
1171,qpeexact_6_Mutant_Replace_id_P26_Q4_[].qasm,Quratest_9,0.0,0.0,0.2733806018630295,0.8467613761447151,0.26537575639244665,0.7486473495084373,0.2662689637222174,0.9622641299591903,0.015050283209260516,0.003428503252942824,0.34765625,0.84521484375,True,True,True,True,True,True,True,True,True,True,True,True
1172,qpeexact_6_Mutant_Replace_id_P26_Q4_[].qasm,PureState_10,0.0,0.0,0.2770086549894271,0.9543547620181697,0.2739218020498298,0.8116036095375851,0.3535533905932736,0.9940209969767129,3.9618244194149147e-16,0.002509727218180795,0.71630859375,1.33740234375,True,True,True,True,True,True,True,True,True,True,True,True
1173,qpeexact_6_Mutant_Replace_id_P26_Q4_[].qasm,Quratest_10,0.0,0.0,0.21597308360881692,0.8133051774345814,0.21014367907582543,0.7313850630229877,0.3173039515544062,0.9519464265395774,0.026756727482808496,0.010405096437200927,0.0908203125,0.5322265625,True,True,True,True,True,True,True,True,True,True,True,True
1174,qpeexact_6_Mutant_Replace_id_P26_Q4_[].qasm,PureState_11,0.0,0.0,0.24044750691006914,0.9876817242048622,0.2364991812960209,0.8284478611714489,0.28992295458108,0.9970910946110938,4.078180253273598e-16,3.193443255110574e-05,0.515625,0.1494140625,True,True,True,True,True,True,True,True,True,True,True,True
1175,qpeexact_6_Mutant_Replace_id_P26_Q4_[].qasm,Quratest_11,0.0,0.0,0.33177227679109245,0.9068383245582454,0.3231249717918554,0.7865000660842449,0.40763302903138066,0.9804335202859955,0.05231406582690866,0.0009226703178466623,0.07080078125,0.5810546875,True,True,True,True,True,True,True,True,True,True,True,True
1176,qpeexact_6_Mutant_Replace_id_P26_Q4_[].qasm,PureState_12,0.7039444617269945,0.0,0.0013435038196710429,0.9949939740827594,0.0013435036175951777,0.8320246488223718,2.775557561562892e-17,0.999995364974281,3.738263768618052e-16,2.317560883400038e-06,0.0,0.62939453125,False,True,False,True,False,True,False,True,True,True,False,True
1177,qpeexact_6_Mutant_Replace_id_P26_Q4_[].qasm,Quratest_12,0.0,0.0,0.34065302497239264,0.8867017116429379,0.32972852193412555,0.7761665225692757,0.3753871604689031,0.9681124779541752,0.14177212381298004,0.0062468372202866005,0.3466796875,1.041015625,True,True,True,True,True,True,True,True,True,True,True,True
1178,qpeexact_6_Mutant_Replace_id_P26_Q4_[].qasm,PureState_13,0.0,0.0,0.28608126166705866,0.998181756783344,0.2826401461013766,0.8321460929020589,0.3535533905932736,0.9999953334468643,3.9893889904645282e-16,3.702421307109291e-07,0.7080078125,0.0869140625,True,True,True,True,True,True,True,True,True,True,True,True
1179,qpeexact_6_Mutant_Replace_id_P26_Q4_[].qasm,Quratest_13,0.0,0.0,0.32832491275240544,0.9546303739243102,0.3180187811673113,0.8120422141332254,0.3890771014343039,0.9884484815931076,0.1456481790600707,0.00024970696382921,0.3720703125,0.50439453125,True,True,True,True,True,True,True,True,True,True,True,True
1180,qpeexact_6_Mutant_Replace_id_P26_Q4_[].qasm,PureState_14,0.0,0.0,0.20948674955003607,0.9859587613219998,0.202892182530699,0.8283141204065445,0.23096988312782157,0.9970609109254309,3.9640324678945084e-16,3.932122416720974e-05,0.02001953125,0.66162109375,True,True,True,True,True,True,True,True,True,True,True,True
1181,qpeexact_6_Mutant_Replace_id_P26_Q4_[].qasm,Quratest_14,0.0,0.0,0.16717099140816763,0.8535648391330548,0.1640293480452982,0.7501620793083492,0.21949088209169954,0.961234970494002,0.10723897328259951,0.0028151308101940593,0.0009765625,0.55908203125,True,True,True,True,True,True,True,True,True,True,True,True
1182,qpeexact_6_Mutant_Replace_id_P26_Q4_[].qasm,PureState_15,0.0,0.0,0.3355458746399586,0.9924739888445058,0.3229674613748627,0.8296900633965969,0.3881348243794677,0.9991301533238539,4.133874035740072e-16,1.1435677141542194e-05,0.5048828125,1.14892578125,True,True,True,True,True,True,True,True,True,True,True,True
1183,qpeexact_6_Mutant_Replace_id_P26_Q4_[].qasm,Quratest_15,0.0,0.0,0.1738017133157648,0.9799923633068834,0.17155953893092726,0.8219119895655521,0.26361752695855734,0.9932207760614269,0.1612480926811118,8.614776873323195e-05,0.27880859375,0.84912109375,True,True,True,True,True,True,True,True,True,True,True,True
1184,qpeexact_6_Mutant_Replace_id_P26_Q4_[].qasm,PureState_16,0.0,0.0,0.15589528979082987,0.9856874524587383,0.15066869781795572,0.823982500279114,0.14293850427866017,0.9939393820619828,3.255431857899511e-16,0.00010420980973188495,0.08544921875,0.72900390625,True,True,True,True,True,True,True,True,True,True,True,True
1185,qpeexact_6_Mutant_Replace_id_P26_Q4_[].qasm,Quratest_16,0.0,0.0,0.2748238528050116,0.8841450477482499,0.26675072608839917,0.7669210552127792,0.38937823448000675,0.9689267352445858,0.00043132541782023006,0.0021421339320816754,0.08544921875,0.5498046875,True,True,True,True,True,True,True,True,True,True,True,True
1186,qpeexact_6_Mutant_Replace_id_P26_Q4_[].qasm,PureState_17,0.0,0.0,0.5405427506058558,0.9876766184192921,0.4639101003770659,0.8310364109394458,0.49999999999999983,0.9999918382985091,0.5000000000000085,8.161791565867508e-06,0.9873046875,1.64208984375,True,True,True,True,True,True,True,True,True,True,True,True
1187,qpeexact_6_Mutant_Replace_id_P26_Q4_[].qasm,Quratest_17,0.0,0.0,0.23016413289502344,0.8366632983830596,0.22582280067050675,0.7464383535811574,0.30384094649949867,0.9621880058780724,0.23124766603902153,0.005918796969626201,0.107421875,0.66845703125,True,True,True,True,True,True,True,True,True,True,True,True
1188,qpeexact_6_Mutant_Replace_id_P26_Q4_[].qasm,PureState_18,0.0,0.0,0.3377458818159417,0.9732511795833475,0.3251957902125687,0.8170304982988214,0.3881348243794676,0.9993045785146721,0.00954491978010986,4.8437040815994394e-05,0.025390625,0.6298828125,True,True,True,True,True,True,True,True,True,True,True,True
1189,qpeexact_6_Mutant_Replace_id_P26_Q4_[].qasm,Quratest_18,0.0,0.0,0.16805709828080378,0.9235928717364753,0.1665450142275429,0.797138299431478,0.2281118719613942,0.9844151902964723,0.05223966373969529,0.0006640639758217353,0.1240234375,0.396484375,True,True,True,True,True,True,True,True,True,True,True,True
1190,qpeexact_6_Mutant_Replace_id_P26_Q4_[].qasm,PureState_19,0.0,0.0,0.37631346441825303,0.9828539458992803,0.36104341837962345,0.8243556632537338,0.4223115993103664,0.993980327834236,3.9414803124395616e-16,0.00012734783434371796,0.015625,0.6240234375,True,True,True,True,True,True,True,True,True,True,True,True
1191,qpeexact_6_Mutant_Replace_id_P26_Q4_[].qasm,Quratest_19,0.0,0.0,0.44231350923828383,0.895228896442821,0.4260288861593919,0.7811212178257375,0.5254665236621494,0.9712294484124967,0.27522451965213107,0.006807691268092121,0.314453125,0.47265625,True,True,True,True,True,True,True,True,True,True,True,True
1192,qpeexact_6_Mutant_Replace_id_P26_Q4_[].qasm,PureState_20,0.0,0.0,0.15918883387667965,0.9815758068608404,0.15182250498597186,0.8234283463034021,0.14293850427866006,0.9939393820619827,4.273802136851097e-16,0.00010398557401362826,0.08544921875,0.72900390625,True,True,True,True,True,True,True,True,True,True,True,True
1193,qpeexact_6_Mutant_Replace_id_P26_Q4_[].qasm,Quratest_20,0.0,0.0,0.32867855127801365,0.8086619690739708,0.31506959368824167,0.7225346037596068,0.36244557692566887,0.9324087723739203,0.002431228285788007,0.04406690259629505,0.16943359375,0.796875,True,True,True,True,True,True,True,True,True,True,True,True
1194,qpeexact_6_Mutant_Replace_id_P26_Q4_[].qasm,PureState_21,0.0,0.0,0.45061012427882113,0.9514149337367203,0.41782533948501654,0.8080096575921388,0.4604614406315448,0.9939393820619833,3.946185497119029e-16,0.0023878661271186496,0.71044921875,1.32275390625,True,True,True,True,True,True,True,True,True,True,True,True
1195,qpeexact_6_Mutant_Replace_id_P26_Q4_[].qasm,Quratest_21,0.0,0.0,0.25848686310893787,0.8360119303077913,0.2541826983278027,0.745332115716585,0.3559653141809765,0.9541962709335969,0.01605198062814209,0.005095287329588752,0.16552734375,0.677734375,True,True,True,True,True,True,True,True,True,True,True,True
1196,qpeexact_6_Mutant_Replace_id_P26_Q4_[].qasm,PureState_22,0.0,0.0,0.20239590833337542,0.7938918995252955,0.19703419907187159,0.7156335642880169,0.23096988312782152,0.9269962147713335,0.009152913087921856,0.00719872814612464,0.32958984375,0.322265625,True,True,True,True,True,True,True,True,True,True,True,True
1197,qpeexact_6_Mutant_Replace_id_P26_Q4_[].qasm,Quratest_22,0.0,0.0,0.45622856494201997,0.860006398163745,0.428395946803693,0.7586764817294965,0.47912537036740976,0.9764538483505925,0.2627703515441605,0.004814077955967764,0.44140625,0.76318359375,True,True,True,True,True,True,True,True,True,True,True,True
1198,qpeexact_6_Mutant_Replace_id_P26_Q4_[].qasm,PureState_23,0.0,0.0,0.451562542186772,0.9876210181161497,0.41845198049168075,0.8276148674878513,0.46046144063154504,0.9958627184453184,3.95457326509684e-16,5.274270326967648e-05,0.68994140625,0.07763671875,True,True,True,True,True,True,True,True,True,True,True,True
1199,qpeexact_6_Mutant_Replace_id_P26_Q4_[].qasm,Quratest_23,0.0,0.0,0.23933572708007148,0.8145925735170566,0.23588452215091069,0.7250808559169997,0.34079352627857334,0.9281393496713806,0.04362006327172178,0.0393379620012939,0.10693359375,0.546875,True,True,True,True,True,True,True,True,True,True,True,True
1200,qpeexact_6_Mutant_Replace_id_P26_Q4_[].qasm,PureState_24,0.0,0.0,0.27870127443773507,0.998053884106943,0.2755390083393559,0.8321379446832969,0.3535533905932736,0.9999953334468643,3.6256934244240183e-16,3.744791329991342e-07,0.7080078125,0.0869140625,True,True,True,True,True,True,True,True,True,True,True,True
1201,qpeexact_6_Mutant_Replace_id_P26_Q4_[].qasm,Quratest_24,0.0,0.0,0.3313845335036026,0.8506758914295903,0.32141718373840994,0.7572167069916386,0.3797569110780895,0.9678348376368207,0.21277028565961778,0.0037016603948858496,0.0380859375,0.541015625,True,True,True,True,True,True,True,True,True,True,True,True
1202,qpeexact_6_Mutant_Replace_id_P26_Q4_[].qasm,PureState_25,0.0,0.0,0.4469210159163534,0.9881340933467793,0.41344907767871386,0.8282886337107662,0.46046144063154504,0.9993045785146722,0.32424629631935603,6.05678136468441e-06,0.01708984375,0.63232421875,True,True,True,True,True,True,True,True,True,True,True,True
1203,qpeexact_6_Mutant_Replace_id_P26_Q4_[].qasm,Quratest_25,0.0,0.0,0.3798525669548588,0.9643092441636861,0.3628101086113881,0.8162269687764724,0.39512251601422166,0.9922645296838066,0.5010933426268278,9.023083487058131e-05,0.306640625,0.541015625,True,True,True,True,True,True,True,True,True,True,True,True
1204,qpeexact_6_Mutant_Replace_id_P26_Q4_[].qasm,PureState_26,0.0,0.0,0.14671213189879478,0.9872977813474261,0.1392835994222611,0.824578924777564,0.14293850427866017,0.9993045785146721,0.0005076006493642314,1.1999737174588577e-05,0.18505859375,0.79931640625,True,True,True,True,True,True,True,True,True,True,True,True
1205,qpeexact_6_Mutant_Replace_id_P26_Q4_[].qasm,Quratest_26,0.0,0.0,0.20707055157634693,0.9665755089096698,0.204372256135334,0.8167501033573303,0.21703186680051623,0.995680318528633,0.45294876462848455,5.8350844656573744e-05,0.01318359375,0.7998046875,True,True,True,True,True,True,True,True,True,True,True,True
1206,qpeexact_6_Mutant_Replace_id_P26_Q4_[].qasm,PureState_27,0.0,0.0,0.39165029189838696,0.5036965539003275,0.3743430073967777,0.4644660325033826,0.42231159931036666,0.8984528369005411,0.3109296083845633,0.04092735656877723,0.07470703125,0.5546875,True,True,True,True,True,True,True,True,True,True,True,True
1207,qpeexact_6_Mutant_Replace_id_P26_Q4_[].qasm,Quratest_27,0.0,0.0,0.33406495421104826,0.6290408357277877,0.32154757043472665,0.5663902800013968,0.30227125686330714,0.8967103079920613,0.34158609440400334,0.02085745769916482,0.158203125,0.64794921875,True,True,True,True,True,True,True,True,True,True,True,True
1208,qpeexact_6_Mutant_Replace_id_P26_Q4_[].qasm,PureState_28,0.0,0.0,0.3951374060886535,0.9815885275498976,0.37815480431019394,0.8237977769384334,0.42231159931036644,0.9939803278342361,3.966774467274712e-16,0.0001268814502864907,0.015625,0.6240234375,True,True,True,True,True,True,True,True,True,True,True,True
1209,qpeexact_6_Mutant_Replace_id_P26_Q4_[].qasm,Quratest_28,0.0,0.0,0.36718019907468874,0.8908330645281972,0.3531902984357196,0.775818321767902,0.44243911247692624,0.9611003453089353,0.08760406330787524,0.0022784089998198194,0.267578125,0.5458984375,True,True,True,True,True,True,True,True,True,True,True,True
1210,qpeexact_6_Mutant_Replace_id_P26_Q4_[].qasm,PureState_29,0.0,0.0,0.5387780118405352,0.21728923048277524,0.46231338936885924,0.18184740179678066,0.4999999999999999,0.1373883578086854,0.5000000000000075,0.8626116601332123,1.0126953125,0.35791015625,True,True,True,True,True,True,True,True,True,True,True,True
1211,qpeexact_6_Mutant_Replace_id_P26_Q4_[].qasm,Quratest_29,0.0,0.0,0.3470970503870851,0.8487864314186897,0.3387800447984682,0.7478404911102279,0.40748171408022293,0.97406067536134,0.00029836266801604985,0.002243788420541279,0.28515625,0.4755859375,True,True,True,True,True,True,True,True,True,True,True,True
1212,qpeexact_6_Mutant_Replace_id_P26_Q4_[].qasm,PureState_30,0.0,0.0,0.27364629781308886,0.9711484089794282,0.27060736013238956,0.8180857119740262,0.3535533905932736,0.9940209969767129,3.8407309570952406e-16,0.0004743470786835627,0.7080078125,0.0869140625,True,True,True,True,True,True,True,True,True,True,True,True
1213,qpeexact_6_Mutant_Replace_id_P26_Q4_[].qasm,Quratest_30,0.0,0.0,0.40051737042894614,0.6441830145979413,0.38070701261184203,0.588140871908705,0.43548781193884306,0.7721434917968609,0.49537854280200616,0.1718150702380356,0.39599609375,0.6962890625,True,True,True,True,True,True,True,True,True,True,True,True
1214,qpeexact_6_Mutant_Replace_id_P26_Q4_[].qasm,PureState_31,0.0,0.0,0.2789605038715247,0.9517999049771525,0.27579080200858663,0.8088175929739201,0.3535533905932736,0.9940209969767122,3.755515859505971e-16,0.002515155721506733,0.71630859375,1.33740234375,True,True,True,True,True,True,True,True,True,True,True,True
1215,qpeexact_6_Mutant_Replace_id_P26_Q4_[].qasm,Quratest_31,0.0,0.0,0.27086891332869006,0.9139270076848989,0.2626002385054617,0.7857006122094897,0.36342687772630805,0.9726268208993935,0.07747412684138094,0.0023691658196029588,0.2978515625,0.3515625,True,True,True,True,True,True,True,True,True,True,True,True
1216,qpeexact_6_Mutant_Replace_rxx_P16_Q2_[3.9269908169872414].qasm,PureState_0,0.0,0.0,0.7855970940210083,0.5026077811759287,0.688459282689071,0.46429945577069826,0.8535533905932736,0.8984528369005411,0.14644660940673093,0.0412841772959295,0.05810546875,0.560546875,True,True,True,True,True,True,True,True,True,True,True,True
1217,qpeexact_6_Mutant_Replace_rxx_P16_Q2_[3.9269908169872414].qasm,Quratest_0,0.0,0.0,0.7044120199293299,0.8063209025465882,0.649944153506468,0.7364062589605327,0.8167540007727211,0.9658296303129532,0.13588341103623336,0.003996506725882299,0.69482421875,0.26708984375,True,True,True,True,True,True,True,True,True,True,True,True
1218,qpeexact_6_Mutant_Replace_rxx_P16_Q2_[3.9269908169872414].qasm,PureState_1,0.0,0.0,0.2858331614506557,0.9927408113407128,0.2824676681182846,0.8295017658699141,0.35355339059327384,0.9993046878843495,0.13572330470336766,9.186005078433103e-07,0.55908203125,0.625,True,True,True,True,True,True,True,True,True,True,True,True
1219,qpeexact_6_Mutant_Replace_rxx_P16_Q2_[3.9269908169872414].qasm,Quratest_1,0.0,0.0,0.3942349234999588,0.795336721940798,0.37718272285310567,0.7149098386203638,0.441633361403944,0.9346534963338609,0.06815733345387111,0.0201410339110522,0.0732421875,0.8740234375,True,True,True,True,True,True,True,True,True,True,True,True
1220,qpeexact_6_Mutant_Replace_rxx_P16_Q2_[3.9269908169872414].qasm,PureState_2,0.0,0.0,0.27895601768683775,0.989065614736812,0.2757480920828794,0.828103810411521,0.35355339059327345,0.999304578514672,0.1357233047033679,4.612078220217704e-06,0.666015625,0.63818359375,True,True,True,True,True,True,True,True,True,True,True,True
1221,qpeexact_6_Mutant_Replace_rxx_P16_Q2_[3.9269908169872414].qasm,Quratest_2,0.0,0.0,0.24962624721988866,0.8201630122836729,0.2453219154125232,0.7267114435653327,0.33004477583934205,0.9358433433430768,0.10145429677191976,0.03524853283507069,0.0810546875,0.6708984375,True,True,True,True,True,True,True,True,True,True,True,True
1222,qpeexact_6_Mutant_Replace_rxx_P16_Q2_[3.9269908169872414].qasm,PureState_3,0.0,0.0,0.7831161600551366,0.9132415630995112,0.6862540709818182,0.7927197670045741,0.8535533905932735,0.9951687180558688,0.14644660940673093,0.00042312880048175693,0.61181640625,0.98828125,True,True,True,True,True,True,True,True,True,True,True,True
1223,qpeexact_6_Mutant_Replace_rxx_P16_Q2_[3.9269908169872414].qasm,Quratest_3,0.0,0.0,0.4349394064774414,0.9088475991548466,0.4249971329423474,0.7842157463917916,0.6690773070184652,0.976700470473109,0.10818402939911702,0.0028938594843718724,0.048828125,0.5126953125,True,True,True,True,True,True,True,True,True,True,True,True
1224,qpeexact_6_Mutant_Replace_rxx_P16_Q2_[3.9269908169872414].qasm,PureState_4,0.0,0.0,0.7867793922404781,0.8606962563289331,0.6895319062769899,0.7681989495954457,0.8535533905932735,0.981712393368779,0.14644660940673113,0.0019204983906613087,0.0869140625,0.71044921875,True,True,True,True,True,True,True,True,True,True,True,True
1225,qpeexact_6_Mutant_Replace_rxx_P16_Q2_[3.9269908169872414].qasm,Quratest_4,8.364141269766575e-171,0.0,0.10877259578827997,0.9005278162203473,0.1085772120501002,0.7809024456657185,0.49301136606005885,0.9745090199768858,0.1395256508036415,0.0018756964009356682,0.00927734375,0.642578125,True,True,False,True,False,True,True,True,True,True,True,True
1226,qpeexact_6_Mutant_Replace_rxx_P16_Q2_[3.9269908169872414].qasm,PureState_5,0.0,0.0,0.27846422120445063,0.9467218981117635,0.27531930594449544,0.8079853958140342,0.3535533905932735,0.9993045785146721,0.13572330470336771,0.00027788746988978034,0.6552734375,0.67626953125,True,True,True,True,True,True,True,True,True,True,True,True
1227,qpeexact_6_Mutant_Replace_rxx_P16_Q2_[3.9269908169872414].qasm,Quratest_5,0.0,0.0,0.5312433969497161,0.8657053403810457,0.5046657242472897,0.7622452738091019,0.7097260994732081,0.9565595274927361,0.0969637566852748,0.013149256448814728,0.04296875,0.68701171875,True,True,True,True,True,True,True,True,True,True,True,True
1228,qpeexact_6_Mutant_Replace_rxx_P16_Q2_[3.9269908169872414].qasm,PureState_6,0.0,0.0,0.5866209362144431,0.9949366784715712,0.5593561548542147,0.8312286615368826,0.7071067811865474,0.9998110891985454,0.01072330470336474,5.305763429374816e-06,0.63134765625,1.173828125,True,True,True,True,True,True,True,True,True,True,True,True
1229,qpeexact_6_Mutant_Replace_rxx_P16_Q2_[3.9269908169872414].qasm,Quratest_6,0.0,0.0,0.5172951250653158,0.6137750518548526,0.4941035096286471,0.5461414748554759,0.6422580088151407,0.6631331015514835,0.09923035174710902,0.2767292622067433,0.62744140625,0.4072265625,True,True,True,True,True,True,True,True,True,True,True,True
1230,qpeexact_6_Mutant_Replace_rxx_P16_Q2_[3.9269908169872414].qasm,PureState_7,0.0,0.0,0.2777737533352872,0.9930199796657386,0.27463831620712936,0.8304818549855176,0.3535533905932736,0.9998110891985454,0.3857233047033705,5.285054733189101e-06,0.01318359375,1.173828125,True,True,True,True,True,True,True,True,True,True,True,True
1231,qpeexact_6_Mutant_Replace_rxx_P16_Q2_[3.9269908169872414].qasm,Quratest_7,0.0,0.0,0.38529088818880186,0.9215538773354826,0.3663700946086865,0.7931869833922811,0.42672891166664445,0.9892623889795172,0.11282163846348793,0.0004184941026327619,0.09765625,0.65185546875,True,True,True,True,True,True,True,True,True,True,True,True
1232,qpeexact_6_Mutant_Replace_rxx_P16_Q2_[3.9269908169872414].qasm,PureState_8,0.0,0.0,0.2804176728284911,0.9926720354323029,0.2772156905542678,0.8301584688962165,0.3535533905932735,0.999825341338465,0.1357233047033679,9.784571443537707e-07,0.11328125,0.45947265625,True,True,True,True,True,True,True,True,True,True,True,True
1233,qpeexact_6_Mutant_Replace_rxx_P16_Q2_[3.9269908169872414].qasm,Quratest_8,0.0,0.0,0.24942158260732522,0.9256188818972964,0.2448468369447424,0.7927319062734803,0.47087415971384833,0.9800780927444938,0.08428985400433474,0.0004602136812967158,0.07958984375,0.583984375,True,True,True,True,True,True,True,True,True,True,True,True
1234,qpeexact_6_Mutant_Replace_rxx_P16_Q2_[3.9269908169872414].qasm,PureState_9,0.0,0.0,0.8544415132882972,0.9553380945449658,0.721462836778996,0.8103930158968142,0.8535533905932734,0.993980327834236,0.0732233047033668,0.00242522165455528,0.50439453125,0.630859375,True,True,True,True,True,True,True,True,True,True,True,True
1235,qpeexact_6_Mutant_Replace_rxx_P16_Q2_[3.9269908169872414].qasm,Quratest_9,0.0,0.0,0.6241088595858202,0.8529195818060706,0.5887968109833549,0.7497310297329924,0.7223476940542649,0.9627906781054865,0.11001593230832538,0.00344741118740877,0.3505859375,0.85107421875,True,True,True,True,True,True,True,True,True,True,True,True
1236,qpeexact_6_Mutant_Replace_rxx_P16_Q2_[3.9269908169872414].qasm,PureState_10,0.0,0.0,0.7914976664724733,0.9516226659300642,0.6937576890302822,0.8100784550082488,0.8535533905932735,0.9940209969767126,0.14644660940673127,0.002520613715693284,1.330078125,1.34326171875,True,True,True,True,True,True,True,True,True,True,True,True
1237,qpeexact_6_Mutant_Replace_rxx_P16_Q2_[3.9269908169872414].qasm,Quratest_10,0.0,0.0,0.4926883271469661,0.8146297995467144,0.4676056645537848,0.7330034238854102,0.5380244758256376,0.9554030226227213,0.037195551765101566,0.010359058259604764,0.537109375,0.5380859375,True,True,True,True,True,True,True,True,True,True,True,True
1238,qpeexact_6_Mutant_Replace_rxx_P16_Q2_[3.9269908169872414].qasm,PureState_11,0.0,0.0,0.5951530086654676,0.9871571869509046,0.5654734993138641,0.8283240678956834,0.7071067811865475,0.9970910946110938,0.010723304703364762,3.2076329532304855e-05,0.58544921875,0.1552734375,True,True,True,True,True,True,True,True,True,True,True,True
1239,qpeexact_6_Mutant_Replace_rxx_P16_Q2_[3.9269908169872414].qasm,Quratest_11,0.0,0.0,0.3102677242757657,0.9106554929945255,0.29958944715920355,0.7895052444539749,0.3494481633500883,0.9810372167155869,0.1556623392864603,0.000866717622870822,0.00390625,0.5869140625,True,True,True,True,True,True,True,True,True,True,True,True
1240,qpeexact_6_Mutant_Replace_rxx_P16_Q2_[3.9269908169872414].qasm,PureState_12,0.0,0.0,0.8604601645607091,0.993865425161768,0.7532906931873989,0.8317960920947832,0.9267766952966365,0.9999953649742808,0.07322330470336667,2.3175595700595288e-06,0.20458984375,0.63525390625,True,True,True,True,True,True,True,True,True,True,True,True
1241,qpeexact_6_Mutant_Replace_rxx_P16_Q2_[3.9269908169872414].qasm,Quratest_12,0.0,0.0,0.525628942465084,0.8833694722017104,0.5044811616060406,0.7738353824058694,0.6745424027185745,0.968178040699595,0.08294333394483694,0.006265738973172488,0.55859375,1.046875,True,True,True,True,True,True,True,True,True,True,True,True
1242,qpeexact_6_Mutant_Replace_rxx_P16_Q2_[3.9269908169872414].qasm,PureState_13,0.0,0.0,0.8507662312731469,0.99742764497909,0.7452707844801397,0.8318205254892592,0.9267766952966365,0.9999953334468641,0.07322330470336673,3.617445514882179e-07,0.810546875,0.0810546875,True,True,True,True,True,True,True,True,True,True,True,True
1243,qpeexact_6_Mutant_Replace_rxx_P16_Q2_[3.9269908169872414].qasm,Quratest_13,0.0,0.0,0.2789966457915769,0.9541019409008753,0.27518006847060816,0.8117441376949766,0.3958269118135697,0.9884865990542409,0.11882278000360155,0.0002508206367781885,0.04638671875,0.51025390625,True,True,True,True,True,True,True,True,True,True,True,True
1244,qpeexact_6_Mutant_Replace_rxx_P16_Q2_[3.9269908169872414].qasm,PureState_14,0.0,0.0,0.8570885178263583,0.9908067484085735,0.7239883940332712,0.8288212293400681,0.8535533905932734,0.9970919135931817,0.07322330470336673,3.7212570421920285e-05,0.57470703125,0.66748046875,True,True,True,True,True,True,True,True,True,True,True,True
1245,qpeexact_6_Mutant_Replace_rxx_P16_Q2_[3.9269908169872414].qasm,Quratest_14,0.0,0.0,0.5265710240469343,0.852362485222533,0.4970630418665444,0.7487697435169586,0.7361403473909821,0.9618199665957563,0.06028779421988044,0.002807336419583412,0.00390625,0.56494140625,True,True,True,True,True,True,True,True,True,True,True,True
1246,qpeexact_6_Mutant_Replace_rxx_P16_Q2_[3.9269908169872414].qasm,PureState_15,0.0,0.0,0.28218791997576237,0.9924915686886429,0.27866038406721605,0.8297366718552935,0.3535533905932736,0.999161155991597,0.3857233047033705,9.227495978640946e-06,0.00341796875,1.15478515625,True,True,True,True,True,True,True,True,True,True,True,True
1247,qpeexact_6_Mutant_Replace_rxx_P16_Q2_[3.9269908169872414].qasm,Quratest_15,0.0,0.0,0.2915393021657886,0.979508997376853,0.2853829197216245,0.8216342118902594,0.3894291253792466,0.9932245941506319,0.08665377901824083,8.563441044602289e-05,0.017578125,0.85498046875,True,True,True,True,True,True,True,True,True,True,True,True
1248,qpeexact_6_Mutant_Replace_rxx_P16_Q2_[3.9269908169872414].qasm,PureState_16,0.0,0.0,0.27411351074491946,0.9823261062249192,0.27102031485596473,0.8223923658490405,0.35355339059327384,0.9939393820619828,0.3857233047033708,0.00010469947398327018,0.0283203125,0.73486328125,True,True,True,True,True,True,True,True,True,True,True,True
1249,qpeexact_6_Mutant_Replace_rxx_P16_Q2_[3.9269908169872414].qasm,Quratest_16,0.0,0.0,0.28786526002388485,0.8862169126628285,0.2748848932989482,0.767614656794811,0.3610657574800219,0.9694842860885153,0.34049213535808526,0.0020960421881236185,0.11279296875,0.5556640625,True,True,True,True,True,True,True,True,True,True,True,True
1250,qpeexact_6_Mutant_Replace_rxx_P16_Q2_[3.9269908169872414].qasm,PureState_17,0.0,0.0,0.8571289382418308,0.9899494936611664,0.750553696654304,0.831494035675005,0.9267766952966365,0.9999953956785445,0.07322330470336667,4.604387283200954e-06,0.91845703125,1.64794921875,True,True,True,True,True,True,True,True,True,True,True,True
1251,qpeexact_6_Mutant_Replace_rxx_P16_Q2_[3.9269908169872414].qasm,Quratest_17,0.0,0.0,0.44952478542709184,0.8418979848877536,0.4340641836637155,0.7490211453028757,0.6414342918964303,0.9627185573618018,0.14864727510394105,0.0058315856822483665,0.0126953125,0.67431640625,True,True,True,True,True,True,True,True,True,True,True,True
1252,qpeexact_6_Mutant_Replace_rxx_P16_Q2_[3.9269908169872414].qasm,PureState_18,0.0,0.0,0.27249260587,0.9776649155543152,0.269586193082156,0.8187333376280259,0.3535533905932737,0.999304578514672,0.1357233047033678,4.868978094522892e-05,0.56689453125,0.6357421875,True,True,True,True,True,True,True,True,True,True,True,True
1253,qpeexact_6_Mutant_Replace_rxx_P16_Q2_[3.9269908169872414].qasm,Quratest_18,0.0,0.0,0.5600323733717854,0.9226958096097533,0.5197907522904606,0.7969141021709067,0.64886448697497,0.9845081982997169,0.10108929288582313,0.0006661211150110624,0.32275390625,0.40234375,True,True,True,True,True,True,True,True,True,True,True,True
1254,qpeexact_6_Mutant_Replace_rxx_P16_Q2_[3.9269908169872414].qasm,PureState_19,0.0,0.0,0.8535638339934546,0.981798171708941,0.7203258322491706,0.8237263679680565,0.8535533905932733,0.9939803278342357,0.07322330470336667,0.00011512359116802639,0.474609375,0.6298828125,True,True,True,True,True,True,True,True,True,True,True,True
1255,qpeexact_6_Mutant_Replace_rxx_P16_Q2_[3.9269908169872414].qasm,Quratest_19,0.0,0.0,0.357227542874864,0.9032045530245583,0.3464456529390705,0.786222808455627,0.40191508255228314,0.9758564478798946,0.1632120975180701,0.006752906804965662,0.1474609375,0.478515625,True,True,True,True,True,True,True,True,True,True,True,True
1256,qpeexact_6_Mutant_Replace_rxx_P16_Q2_[3.9269908169872414].qasm,PureState_20,0.0,0.0,0.5878525308383833,0.9840660187595052,0.5602557566206525,0.8236104579000999,0.7071067811865475,0.9939393820619828,0.01072330470336474,0.00010447400050529001,0.60302734375,0.73486328125,True,True,True,True,True,True,True,True,True,True,True,True
1257,qpeexact_6_Mutant_Replace_rxx_P16_Q2_[3.9269908169872414].qasm,Quratest_20,0.0,0.0,0.2419976076710865,0.8098492636453205,0.2393605283942611,0.7237278079531321,0.277376879198929,0.932423423657611,0.3029519559890424,0.04429421118355683,0.29736328125,0.802734375,True,True,True,True,True,True,True,True,True,True,True,True
1258,qpeexact_6_Mutant_Replace_rxx_P16_Q2_[3.9269908169872414].qasm,PureState_21,0.0,0.0,0.27323727061772407,0.9526877783314428,0.270242888790226,0.8086209739164789,0.35355339059327373,0.9939393820619831,0.3857233047033709,0.0024003558716247167,0.0087890625,1.32861328125,True,True,True,True,True,True,True,True,True,True,True,True
1259,qpeexact_6_Mutant_Replace_rxx_P16_Q2_[3.9269908169872414].qasm,Quratest_21,0.0,0.0,0.24458503224963646,0.847766003359211,0.24164815119670716,0.7523465935053789,0.29007387425501985,0.9593081437360054,0.23254612815230014,0.004256852153457091,0.05078125,0.68359375,True,True,True,True,True,True,True,True,True,True,True,True
1260,qpeexact_6_Mutant_Replace_rxx_P16_Q2_[3.9269908169872414].qasm,PureState_22,0.0,0.0,0.7865158771452605,0.7897090395241905,0.6892964021599254,0.713460869133678,0.8535533905932735,0.9275192055375941,0.14644660940673082,0.00723478369303003,0.55517578125,0.328125,True,True,True,True,True,True,True,True,True,True,True,True
1261,qpeexact_6_Mutant_Replace_rxx_P16_Q2_[3.9269908169872414].qasm,Quratest_22,0.0,0.0,0.43789743495791517,0.856429373041259,0.42566874062624915,0.7587203779193069,0.5549584154914164,0.9770859880563436,0.1391726941557994,0.004826604867486624,0.064453125,0.76904296875,True,True,True,True,True,True,True,True,True,True,True,True
1262,qpeexact_6_Mutant_Replace_rxx_P16_Q2_[3.9269908169872414].qasm,PureState_23,0.0,0.0,0.2782041975248726,0.9879757024485459,0.2750525548009578,0.8281763262366483,0.35355339059327395,0.9958937211130615,0.385723304703371,4.025288730683983e-05,0.00146484375,0.07177734375,True,True,True,True,True,True,True,True,True,True,True,True
1263,qpeexact_6_Mutant_Replace_rxx_P16_Q2_[3.9269908169872414].qasm,Quratest_23,0.0,0.0,0.41557210090332775,0.8183549018073643,0.40668862226079927,0.7277256539623222,0.6739341225822673,0.9286579377261992,0.10634940590212227,0.0395351035241677,0.3701171875,0.552734375,True,True,True,True,True,True,True,True,True,True,True,True
1264,qpeexact_6_Mutant_Replace_rxx_P16_Q2_[3.9269908169872414].qasm,PureState_24,0.0,0.0,0.8542181149078806,0.9972466641538856,0.7481104129181507,0.8318042455933375,0.9267766952966365,0.999995333446864,0.07322330470336676,3.6598155202108923e-07,0.9638671875,0.0810546875,True,True,True,True,True,True,True,True,True,True,True,True
1265,qpeexact_6_Mutant_Replace_rxx_P16_Q2_[3.9269908169872414].qasm,Quratest_24,0.0,0.0,0.5644700002945621,0.8546837721802039,0.5369913396362577,0.7601900360374626,0.8100092654016344,0.9724859358585383,0.16373208203870684,0.003378442761647552,0.07763671875,0.546875,True,True,True,True,True,True,True,True,True,True,True,True
1266,qpeexact_6_Mutant_Replace_rxx_P16_Q2_[3.9269908169872414].qasm,PureState_25,0.0,0.0,0.26953462640055115,0.9876907077757305,0.26666517948872526,0.8280159959660996,0.3535533905932735,0.9993045785146722,0.2607233047033697,4.613403802313051e-06,0.65087890625,0.63818359375,True,True,True,True,True,True,True,True,True,True,True,True
1267,qpeexact_6_Mutant_Replace_rxx_P16_Q2_[3.9269908169872414].qasm,Quratest_25,0.0,0.0,0.2088927644982849,0.9687968787582444,0.20730777410231152,0.817452209407991,0.3074620240463412,0.9923923086448823,0.3003643017209928,9.052935200539915e-05,0.04296875,0.546875,True,True,True,True,True,True,True,True,True,True,True,True
1268,qpeexact_6_Mutant_Replace_rxx_P16_Q2_[3.9269908169872414].qasm,PureState_26,0.0,0.0,0.2858943681592776,0.9829158431623733,0.28252686045616665,0.8226022430692684,0.3535533905932736,0.9993045785146718,0.1357233047033678,1.2058356441649297e-05,0.09375,0.80517578125,True,True,True,True,True,True,True,True,True,True,True,True
1269,qpeexact_6_Mutant_Replace_rxx_P16_Q2_[3.9269908169872414].qasm,Quratest_26,0.0,0.0,0.2256011943694845,0.9678849247638512,0.22155003002157184,0.8175323061403916,0.3378482805216343,0.9957516694720527,0.07762251067957572,5.8132662305764416e-05,0.20703125,0.8056640625,True,True,True,True,True,True,True,True,True,True,True,True
1270,qpeexact_6_Mutant_Replace_rxx_P16_Q2_[3.9269908169872414].qasm,PureState_27,0.0,0.0,0.7844537227846473,0.5004360474488894,0.6874314255440838,0.46196995307608657,0.8535533905932736,0.8984528369005411,0.14644660940673057,0.041134840146890866,0.05810546875,0.560546875,True,True,True,True,True,True,True,True,True,True,True,True
1271,qpeexact_6_Mutant_Replace_rxx_P16_Q2_[3.9269908169872414].qasm,Quratest_27,0.0,0.0,0.23803106707163887,0.6308332981265096,0.23659162664582403,0.5693054851110821,0.3130357953461753,0.8967113623922625,0.14525061342229195,0.020957887185254508,0.02880859375,0.65380859375,True,True,True,True,True,True,True,True,True,True,True,True
1272,qpeexact_6_Mutant_Replace_rxx_P16_Q2_[3.9269908169872414].qasm,PureState_28,0.0,0.0,0.8506154016429643,0.9846345021392346,0.7188951383353664,0.8246664432146517,0.8535533905932735,0.9939803278342358,0.07322330470336685,0.00011466937674797663,0.76513671875,0.6298828125,True,True,True,True,True,True,True,True,True,True,True,True
1273,qpeexact_6_Mutant_Replace_rxx_P16_Q2_[3.9269908169872414].qasm,Quratest_28,0.0,0.0,0.39118768127631975,0.8903262850657965,0.3812347139163728,0.7755953585615192,0.6085212327247773,0.9662079561383399,0.1354322989801384,0.0021935498227453926,0.1044921875,0.5517578125,True,True,True,True,True,True,True,True,True,True,True,True
1274,qpeexact_6_Mutant_Replace_rxx_P16_Q2_[3.9269908169872414].qasm,PureState_29,0.0,0.0,0.7877351590349351,0.20943241071018176,0.6904083482048524,0.17520784087706304,0.8535533905932735,0.13283047847017146,0.14644660940673096,0.8671695386860013,1.5849609375,0.35205078125,True,True,True,True,True,True,True,True,True,True,True,True
1275,qpeexact_6_Mutant_Replace_rxx_P16_Q2_[3.9269908169872414].qasm,Quratest_29,0.0,0.0,0.19027733443249456,0.8506759682467901,0.18908317841958983,0.7503648898740244,0.2338165578447564,0.9746462737417879,0.14762429260235513,0.0022446099644865738,0.12255859375,0.4814453125,True,True,True,True,True,True,True,True,True,True,True,True
1276,qpeexact_6_Mutant_Replace_rxx_P16_Q2_[3.9269908169872414].qasm,PureState_30,0.0,0.0,0.7868308342439532,0.9758053500528983,0.6895834520994676,0.8189177836410442,0.8535533905932733,0.9940209969767126,0.14644660940673113,0.00046346051289807857,1.35791015625,0.0810546875,True,True,True,True,True,True,True,True,True,True,True,True
1277,qpeexact_6_Mutant_Replace_rxx_P16_Q2_[3.9269908169872414].qasm,Quratest_30,0.0,0.0,0.39599949879235163,0.650663055824816,0.38663794187382955,0.5933362478318401,0.6324814349765174,0.7771570277525846,0.18379628819426358,0.17118769187713795,0.10693359375,0.7021484375,True,True,True,True,True,True,True,True,True,True,True,True
1278,qpeexact_6_Mutant_Replace_rxx_P16_Q2_[3.9269908169872414].qasm,PureState_31,0.0,0.0,0.7871823970582286,0.9535581445710437,0.6899074678686976,0.8103394720997534,0.8535533905932734,0.9940209969767122,0.14644660940673113,0.0025260422189668733,0.97998046875,1.34326171875,True,True,True,True,True,True,True,True,True,True,True,True
1279,qpeexact_6_Mutant_Replace_rxx_P16_Q2_[3.9269908169872414].qasm,Quratest_31,0.0,0.0,0.44482049514638755,0.9078951578756979,0.4299109027892595,0.7833544251766934,0.5715152909618815,0.972664938330636,0.3401851102340681,0.0023622457061417282,0.24560546875,0.357421875,True,True,True,True,True,True,True,True,True,True,True,True
1280,qpeexact_6_Mutant_Add_sx_P1_Q1_[].qasm,PureState_0,0.0,0.0,0.5367079666170931,0.5049175965455688,0.5218806282641464,0.4664059402393754,0.7071067811865475,0.8984528369005413,2.91753844697569e-16,0.04128417729592947,0.232421875,0.560546875,True,True,True,True,True,True,True,True,True,True,True,True
1281,qpeexact_6_Mutant_Add_sx_P1_Q1_[].qasm,Quratest_0,0.0,0.0,0.5359307459541071,0.8067362111145756,0.5193518002915989,0.7366584037733817,0.6897862242265074,0.9658296303129534,0.05527421719261696,0.003996506725882299,0.64697265625,0.26708984375,True,True,True,True,True,True,True,True,True,True,True,True
1282,qpeexact_6_Mutant_Add_sx_P1_Q1_[].qasm,PureState_1,0.0,0.0,0.3935650230969053,0.993790264282737,0.37582365640097254,0.8299731924993874,0.46193976625564326,0.9993046878843495,3.4836947248165556e-16,9.186005078432431e-07,0.0029296875,0.625,True,True,True,True,True,True,True,True,True,True,True,True
1283,qpeexact_6_Mutant_Add_sx_P1_Q1_[].qasm,Quratest_1,0.0,0.0,0.43616707629912593,0.7954599143147268,0.42605082470419675,0.7158341584772449,0.5563904311111609,0.9346534963338599,0.03428288155060164,0.020141033911052146,0.33935546875,0.8740234375,True,True,True,True,True,True,True,True,True,True,True,True
1284,qpeexact_6_Mutant_Add_sx_P1_Q1_[].qasm,PureState_2,0.0,0.0,0.7331734978547902,0.9883180317369891,0.6812727692471537,0.8275895420862383,0.8446231986207329,0.9993045785146721,3.9739678973174074e-16,4.612078220217738e-06,0.1787109375,0.63818359375,True,True,True,True,True,True,True,True,True,True,True,True
1285,qpeexact_6_Mutant_Add_sx_P1_Q1_[].qasm,Quratest_2,0.0,0.0,0.39934443704574274,0.8153350048267041,0.3857049929221466,0.7236122069287614,0.5000973516078476,0.9358433433430768,8.983028569837028e-06,0.03524853283507069,0.02734375,0.6708984375,True,True,True,True,True,True,True,True,True,True,True,True
1286,qpeexact_6_Mutant_Add_sx_P1_Q1_[].qasm,PureState_3,0.0,0.0,0.5310481281255276,0.9127365209609057,0.516711098040307,0.7925540602318637,0.7071067811865475,0.9951687180558688,3.5413937275920193e-16,0.00042312880048175693,0.27783203125,0.98828125,True,True,True,True,True,True,True,True,True,True,True,True
1287,qpeexact_6_Mutant_Add_sx_P1_Q1_[].qasm,Quratest_3,0.0,0.0,0.40401492704571235,0.9134047803748437,0.39257223471466035,0.787254203735717,0.502850179276336,0.9767004704731089,0.13317384052478617,0.0028938594843718546,0.2763671875,0.5126953125,True,True,True,True,True,True,True,True,True,True,True,True
1288,qpeexact_6_Mutant_Add_sx_P1_Q1_[].qasm,PureState_4,0.0,0.0,0.5390814655782599,0.8596300616342806,0.5240389783373051,0.7665655408214673,0.7071067811865475,0.9817123933687792,3.972731097585162e-16,0.0019204983906613087,0.27783203125,0.71044921875,True,True,True,True,True,True,True,True,True,True,True,True
1289,qpeexact_6_Mutant_Add_sx_P1_Q1_[].qasm,Quratest_4,0.0,0.0,0.17659295052010998,0.9036543850178853,0.17603518797907108,0.7823914637671908,0.23385317242741627,0.974509019976886,0.894295758833342,0.0018756964009356647,0.0185546875,0.642578125,True,True,True,True,True,True,True,True,True,True,True,True
1290,qpeexact_6_Mutant_Add_sx_P1_Q1_[].qasm,PureState_5,0.0,0.0,0.7360890112196149,0.9457748275830966,0.6832786746821977,0.8074109393992621,0.844623198620733,0.9993045785146724,3.986417526815123e-16,0.0002778874698897808,0.12890625,0.67626953125,True,True,True,True,True,True,True,True,True,True,True,True
1291,qpeexact_6_Mutant_Add_sx_P1_Q1_[].qasm,Quratest_5,0.0,0.0,0.16218035824619456,0.8597660322756383,0.16092386811408038,0.7609713014094446,0.19234947489048615,0.9565595274927362,0.7432534149803469,0.013149256448814699,0.1513671875,0.68701171875,True,True,True,True,True,True,True,True,True,True,True,True
1292,qpeexact_6_Mutant_Add_sx_P1_Q1_[].qasm,PureState_6,0.0,0.0,0.3884021215113943,0.9949552443150789,0.37072317599284527,0.8308295102772296,0.4619397662556433,0.9998110891985461,3.773042123028262e-16,5.30576342937431e-06,0.01904296875,1.173828125,True,True,True,True,True,True,True,True,True,True,True,True
1293,qpeexact_6_Mutant_Add_sx_P1_Q1_[].qasm,Quratest_6,0.0,0.0,0.7689836389119725,0.6256519379194683,0.707129246894414,0.5494011026878876,0.8675423442502777,0.6631331015514831,0.08223320730308037,0.27672926220674265,0.1708984375,0.4072265625,True,True,True,True,True,True,True,True,True,True,True,True
1294,qpeexact_6_Mutant_Add_sx_P1_Q1_[].qasm,PureState_7,0.0,0.0,0.3858484252605571,0.9949421601698698,0.37033706783286835,0.831226179719565,0.46193976625564326,0.9998110891985461,3.5675613328433734e-16,5.2850547331890396e-06,0.01904296875,1.173828125,True,True,True,True,True,True,True,True,True,True,True,True
1295,qpeexact_6_Mutant_Add_sx_P1_Q1_[].qasm,Quratest_7,0.0,0.0,0.43970146865519516,0.9166787644177962,0.42987538638489026,0.7913184735210796,0.5857847422012614,0.9892623889795172,0.12479888413412878,0.00041849410263264424,0.05859375,0.65185546875,True,True,True,True,True,True,True,True,True,True,True,True
1296,qpeexact_6_Mutant_Add_sx_P1_Q1_[].qasm,PureState_8,0.0,0.0,0.7374441507038282,0.9933359815087905,0.6838290330787754,0.8302584476843027,0.8446231986207329,0.999825341338465,3.9565109086139103e-16,9.784571443538933e-07,0.1787109375,0.45947265625,True,True,True,True,True,True,True,True,True,True,True,True
1297,qpeexact_6_Mutant_Add_sx_P1_Q1_[].qasm,Quratest_8,0.0,0.0,0.40136461294792447,0.9284960310632068,0.3866771265524507,0.7932308613845624,0.5842708797362701,0.980078092744493,0.0009704642331010432,0.00046021368129671355,0.205078125,0.583984375,True,True,True,True,True,True,True,True,True,True,True,True
1298,qpeexact_6_Mutant_Add_sx_P1_Q1_[].qasm,PureState_9,0.0,0.0,0.5391872032901309,0.9540953595890184,0.5241337623650683,0.8104367062570207,0.7071067811865472,0.9939803278342362,3.9897376866486215e-16,0.002425221654555285,0.0283203125,0.630859375,True,True,True,True,True,True,True,True,True,True,True,True
1299,qpeexact_6_Mutant_Add_sx_P1_Q1_[].qasm,Quratest_9,0.0,0.0,0.5120888696355862,0.8532615521080888,0.4911939526799119,0.7506944454477629,0.614563290057917,0.9627906781054871,0.06872675153141533,0.0034474111874087925,0.31787109375,0.85107421875,True,True,True,True,True,True,True,True,True,True,True,True
1300,qpeexact_6_Mutant_Add_sx_P1_Q1_[].qasm,PureState_10,0.1316091257459467,0.0,0.00852882475634967,0.9443831385775452,0.008528285373849547,0.8066774920698693,5.551115123125784e-17,0.9940209969767129,3.9302875786167623e-16,0.0025206137156932864,0.0,1.34326171875,True,True,False,True,False,True,False,True,True,True,False,True
1301,qpeexact_6_Mutant_Add_sx_P1_Q1_[].qasm,Quratest_10,0.0,0.0,0.07746241234745807,0.8174102612870757,0.07600401423766662,0.7332382383569478,0.08755841254397546,0.9554030226227221,0.9695036069257537,0.010359058259604804,0.03369140625,0.5380859375,True,True,False,True,False,True,True,True,True,True,True,True
1302,qpeexact_6_Mutant_Add_sx_P1_Q1_[].qasm,PureState_11,0.0,0.0,0.39275002774187134,0.9881022190872595,0.37590723733312975,0.8285454758897175,0.46193976625564337,0.9970910946110942,4.2277663087146707e-16,3.207632953230513e-05,0.02001953125,0.1552734375,True,True,True,True,True,True,True,True,True,True,True,True
1303,qpeexact_6_Mutant_Add_sx_P1_Q1_[].qasm,Quratest_11,0.0,0.0,0.5306504086237025,0.9074794745215293,0.50292596996467,0.7878691328356733,0.5947496147399661,0.981037216715586,6.681844697508341e-05,0.0008667176228708185,0.109375,0.5869140625,True,True,True,True,True,True,True,True,True,True,True,True
1304,qpeexact_6_Mutant_Add_sx_P1_Q1_[].qasm,PureState_12,0.0,0.0,1.0,0.9964628094209649,0.8325546111576977,0.8322688544316489,0.9999999999999997,0.999995364974281,3.996805325726166e-16,2.31755957005951e-06,0.9873046875,0.63525390625,True,True,True,True,True,True,True,True,True,True,True,True
1305,qpeexact_6_Mutant_Add_sx_P1_Q1_[].qasm,Quratest_12,0.0,0.0,0.16179355710805957,0.8832460850268116,0.16131378525608056,0.7736417317700794,0.21502289726644291,0.968178040699595,0.8939058844772901,0.006265738973172461,0.0498046875,1.046875,True,True,True,True,True,True,True,True,True,True,True,True
1306,qpeexact_6_Mutant_Add_sx_P1_Q1_[].qasm,PureState_13,0.0017060178788751586,0.0,0.013381358059868034,0.9971235817858597,0.013379250292230534,0.8316703286109961,6.245004513516508e-17,0.9999953334468643,3.934039458274146e-16,3.617445514882193e-07,0.0,0.0810546875,True,True,False,True,False,True,False,True,True,True,False,True
1307,qpeexact_6_Mutant_Add_sx_P1_Q1_[].qasm,Quratest_13,0.0,0.0,0.3972048367956469,0.9537813449242659,0.37943822397494104,0.8122127734427986,0.4990129810972318,0.9884865990542402,0.00035521171758935027,0.0002508206367781904,0.40966796875,0.51025390625,True,True,True,True,True,True,True,True,True,True,True,True
1308,qpeexact_6_Mutant_Add_sx_P1_Q1_[].qasm,PureState_14,0.0,0.0,0.54277988845633,0.9858506576301919,0.5273597508876936,0.8281113047823246,0.7071067811865472,0.9970919135931822,3.988237874486656e-16,3.7212570421920164e-05,0.03759765625,0.66748046875,True,True,True,True,True,True,True,True,True,True,True,True
1309,qpeexact_6_Mutant_Add_sx_P1_Q1_[].qasm,Quratest_14,0.0,0.0,0.460753288904971,0.8542070483446412,0.4482643393923501,0.7502465952814663,0.600357824669044,0.9618199665957567,0.027802420526684357,0.002807336419583409,0.3837890625,0.56494140625,True,True,True,True,True,True,True,True,True,True,True,True
1310,qpeexact_6_Mutant_Add_sx_P1_Q1_[].qasm,PureState_15,0.0,0.0,0.39311138708927224,0.9920686190381974,0.37533049903731514,0.8296208229381763,0.46193976625564326,0.9991611559915976,4.0591867846800273e-16,9.227495978640687e-06,0.01904296875,1.15478515625,True,True,True,True,True,True,True,True,True,True,True,True
1311,qpeexact_6_Mutant_Add_sx_P1_Q1_[].qasm,Quratest_15,0.0,0.0,0.4950859132964969,0.9770985429371184,0.4692135349726264,0.8206194484758523,0.5971434382635006,0.9932245941506317,0.004262028304944332,8.563441044603222e-05,0.54736328125,0.85498046875,True,True,True,True,True,True,True,True,True,True,True,True
1312,qpeexact_6_Mutant_Add_sx_P1_Q1_[].qasm,PureState_16,0.0,0.0,0.73204831325798,0.9845765602989383,0.6809484907640447,0.8235828097953435,0.844623198620733,0.9939393820619834,3.942260742076131e-16,0.00010469947398327011,0.59375,0.73486328125,True,True,True,True,True,True,True,True,True,True,True,True
1313,qpeexact_6_Mutant_Add_sx_P1_Q1_[].qasm,Quratest_16,0.0,0.0,0.2160400967817184,0.8869716457470944,0.21452248156283735,0.7680802348193699,0.2712786675036851,0.9694842860885153,0.6901903538557432,0.0020960421881236063,0.01171875,0.5556640625,True,True,True,True,True,True,True,True,True,True,True,True
1314,qpeexact_6_Mutant_Add_sx_P1_Q1_[].qasm,PureState_17,0.0,0.0,1.0,0.991301917643818,0.8325546111576977,0.8317333700469753,0.9999999999999996,0.9999953956785447,3.9968053257212616e-16,4.6043872832009866e-06,1.0126953125,1.64794921875,True,True,True,True,True,True,True,True,True,True,True,True
1315,qpeexact_6_Mutant_Add_sx_P1_Q1_[].qasm,Quratest_17,0.0,0.0,0.3955264689530863,0.8427835016966155,0.3880061249265514,0.7518883647274407,0.613042411387984,0.9627185573618019,0.048282535889282344,0.005831585682248364,0.14990234375,0.67431640625,True,True,True,True,True,True,True,True,True,True,True,True
1316,qpeexact_6_Mutant_Add_sx_P1_Q1_[].qasm,PureState_18,0.0,0.0,0.3896757905853106,0.9771221859264801,0.3734665022498726,0.8187458124160598,0.4619397662556432,0.9993045785146722,3.9691948579826673e-16,4.8689780945228936e-05,0.05517578125,0.6357421875,True,True,True,True,True,True,True,True,True,True,True,True
1317,qpeexact_6_Mutant_Add_sx_P1_Q1_[].qasm,Quratest_18,0.0,0.0,0.7461129648051282,0.9214706919959446,0.6797387209211015,0.796656728980018,0.8345636792368223,0.9845081982997169,1.3663917285101064e-05,0.0006661211150110659,0.1669921875,0.40234375,True,True,True,True,True,True,True,True,True,True,True,True
1318,qpeexact_6_Mutant_Add_sx_P1_Q1_[].qasm,PureState_19,0.0,0.0,0.5431058617607744,0.9830353864979514,0.5276121632643327,0.8241599654361811,0.7071067811865472,0.993980327834236,3.828588470991265e-16,0.00011512359116802679,0.03759765625,0.6298828125,True,True,True,True,True,True,True,True,True,True,True,True
1319,qpeexact_6_Mutant_Add_sx_P1_Q1_[].qasm,Quratest_19,0.0,0.0,0.5119543860368937,0.8990042190539235,0.4972246704232292,0.7838357777847891,0.6792562958782402,0.9758564478798943,0.12438120046225105,0.006752906804965669,0.14501953125,0.478515625,True,True,True,True,True,True,True,True,True,True,True,True
1320,qpeexact_6_Mutant_Add_sx_P1_Q1_[].qasm,PureState_20,0.0,0.0,0.7317167823336328,0.9847026075167108,0.6804832277163022,0.8240064623958536,0.844623198620733,0.9939393820619833,3.998198943982063e-16,0.00010447400050528951,0.59375,0.73486328125,True,True,True,True,True,True,True,True,True,True,True,True
1321,qpeexact_6_Mutant_Add_sx_P1_Q1_[].qasm,Quratest_20,0.0,0.0,0.2513786144637596,0.812410790617799,0.24793371497870176,0.7252019758051125,0.2865673924905129,0.932423423657611,0.7532037831786719,0.04429421118355686,0.115234375,0.802734375,True,True,True,True,True,True,True,True,True,True,True,True
1322,qpeexact_6_Mutant_Add_sx_P1_Q1_[].qasm,PureState_21,0.0,0.0,0.7348898146252922,0.9538938360506981,0.6826624658793267,0.8097534162740495,0.844623198620733,0.9939393820619833,4.013018284605417e-16,0.0024003558716247167,0.59375,1.32861328125,True,True,True,True,True,True,True,True,True,True,True,True
1323,qpeexact_6_Mutant_Add_sx_P1_Q1_[].qasm,Quratest_21,0.0,0.0,0.4062624318295594,0.8526442597411099,0.38942077135822023,0.7557612505930575,0.5122002060194248,0.9593081437360045,0.1817062801020761,0.004256852153457085,0.306640625,0.68359375,True,True,True,True,True,True,True,True,True,True,True,True
1324,qpeexact_6_Mutant_Add_sx_P1_Q1_[].qasm,PureState_22,0.0,0.0,0.5448705199696157,0.791696267300093,0.529260749418622,0.714686109228889,0.7071067811865475,0.9275192055375944,2.8794432093241516e-16,0.00723478369303003,0.232421875,0.328125,True,True,True,True,True,True,True,True,True,True,True,True
1325,qpeexact_6_Mutant_Add_sx_P1_Q1_[].qasm,Quratest_22,0.0,0.0,0.33182588020750353,0.8638690671728236,0.3223223961403884,0.7592337466341808,0.36955608884730057,0.9770859880563436,0.667074764312707,0.004826604867486615,0.06396484375,0.76904296875,True,True,True,True,True,True,True,True,True,True,True,True
1326,qpeexact_6_Mutant_Add_sx_P1_Q1_[].qasm,PureState_23,0.0,0.0,0.7301841298932481,0.9897639961875715,0.679200123701199,0.828645859652938,0.8446231986207331,0.9958937211130621,3.9680352977839903e-16,4.025288730683913e-05,0.61279296875,0.07177734375,True,True,True,True,True,True,True,True,True,True,True,True
1327,qpeexact_6_Mutant_Add_sx_P1_Q1_[].qasm,Quratest_23,0.0,0.0,0.5500014775113145,0.8153508123227456,0.5235056193388522,0.7273777473748299,0.608176002676774,0.9286579377261994,0.16951369733453245,0.039535103524167683,0.05712890625,0.552734375,True,True,True,True,True,True,True,True,True,True,True,True
1328,qpeexact_6_Mutant_Add_sx_P1_Q1_[].qasm,PureState_24,0.09267462582050759,0.0,0.008779745975220651,0.9966268191774726,0.008779083239988127,0.8315017189691426,6.245004513516508e-17,0.9999953334468641,3.795281222924547e-16,3.659815520210853e-07,0.0,0.0810546875,True,True,False,True,False,True,False,True,True,True,False,True
1329,qpeexact_6_Mutant_Add_sx_P1_Q1_[].qasm,Quratest_24,0.0,0.0,0.30729917262741707,0.8552485698904242,0.3024975862196863,0.7603272896080319,0.3586668837400705,0.972485935858538,0.6935441838685835,0.003378442761647585,0.02978515625,0.546875,True,True,True,True,True,True,True,True,True,True,True,True
1330,qpeexact_6_Mutant_Add_sx_P1_Q1_[].qasm,PureState_25,0.0,0.0,0.7387618702017834,0.9895171637779517,0.6849789177192502,0.8286428262554636,0.844623198620733,0.9993045785146722,3.975896716768531e-16,4.613403802313037e-06,0.1787109375,0.63818359375,True,True,True,True,True,True,True,True,True,True,True,True
1331,qpeexact_6_Mutant_Add_sx_P1_Q1_[].qasm,Quratest_25,0.0,0.0,0.5929207402270216,0.9674452953892909,0.5569250360521953,0.8172450300719576,0.6929668315941122,0.9923923086448829,0.0014354720092502951,9.052935200539991e-05,0.05908203125,0.546875,True,True,True,True,True,True,True,True,True,True,True,True
1332,qpeexact_6_Mutant_Add_sx_P1_Q1_[].qasm,PureState_26,0.0,0.0,0.7336122360939945,0.9854065972227163,0.6818602140087856,0.8238500128516151,0.8446231986207329,0.9993045785146721,3.9535619115460835e-16,1.2058356441649258e-05,0.12890625,0.80517578125,True,True,True,True,True,True,True,True,True,True,True,True
1333,qpeexact_6_Mutant_Add_sx_P1_Q1_[].qasm,Quratest_26,0.0,0.0,0.3119867974957437,0.9719312502435771,0.30577577824021684,0.8187343482537863,0.3801342748563389,0.9957516694720527,0.48008468095408985,5.813266230576709e-05,0.16064453125,0.8056640625,True,True,True,True,True,True,True,True,True,True,True,True
1334,qpeexact_6_Mutant_Add_sx_P1_Q1_[].qasm,PureState_27,0.0,0.0,0.5397653822367445,0.5055501574638079,0.5246691134446281,0.4671061382729902,0.7071067811865475,0.8984528369005411,2.8512055033157366e-16,0.04113484014689085,0.232421875,0.560546875,True,True,True,True,True,True,True,True,True,True,True,True
1335,qpeexact_6_Mutant_Add_sx_P1_Q1_[].qasm,Quratest_27,0.0,0.0,0.5599984438026716,0.6314708418063562,0.5256561252511784,0.5708862275048645,0.6196105063188875,0.8967113623922625,0.03073562595931462,0.0209578871852545,0.04052734375,0.65380859375,True,True,True,True,True,True,True,True,True,True,True,True
1336,qpeexact_6_Mutant_Add_sx_P1_Q1_[].qasm,PureState_28,0.0,0.0,0.5394370488745299,0.9817096283020138,0.5243031617195902,0.8236326535721664,0.7071067811865472,0.9939803278342361,3.9890624519424324e-16,0.00011466937674797678,0.03759765625,0.6298828125,True,True,True,True,True,True,True,True,True,True,True,True
1337,qpeexact_6_Mutant_Add_sx_P1_Q1_[].qasm,Quratest_28,0.0,0.0,0.33651462107627034,0.8941108755391257,0.3276951308055017,0.778329874031209,0.43007076972913705,0.9662079561383401,0.014127834054723917,0.00219354982274539,0.3095703125,0.5517578125,True,True,True,True,True,True,True,True,True,True,True,True
1338,qpeexact_6_Mutant_Add_sx_P1_Q1_[].qasm,PureState_29,0.0,0.0,1.0,0.21166880993485018,0.8325546111576977,0.1770970241024654,0.9999999999999998,0.13283047847017132,1.7208094235122274e-16,0.8671695386860007,0.9873046875,0.35205078125,True,True,True,True,True,True,True,True,True,True,True,True
1339,qpeexact_6_Mutant_Add_sx_P1_Q1_[].qasm,Quratest_29,0.0,0.0,0.4390757326268182,0.8464857150758641,0.4195097130996444,0.749130550528992,0.47890169792831,0.9746462737417878,0.2186712872192691,0.002244609964486571,0.2587890625,0.4814453125,True,True,True,True,True,True,True,True,True,True,True,True
1340,qpeexact_6_Mutant_Add_sx_P1_Q1_[].qasm,PureState_30,0.6518841273831648,0.0,0.004481239804499712,0.9728104045312873,0.004481166998240815,0.8190247582123896,7.632783294297952e-17,0.9940209969767129,3.9061078058278515e-16,0.00046346051289807884,0.0,0.0810546875,False,True,False,True,False,True,False,True,True,True,False,True
1341,qpeexact_6_Mutant_Add_sx_P1_Q1_[].qasm,Quratest_30,0.0,0.0,0.48060589547269345,0.6511163617042817,0.4625354887927124,0.5928320237293075,0.5846110767070389,0.7771570277525846,0.22448718264190437,0.17118769187713784,0.171875,0.7021484375,True,True,True,True,True,True,True,True,True,True,True,True
1342,qpeexact_6_Mutant_Add_sx_P1_Q1_[].qasm,PureState_31,0.5453081943309577,0.0,0.005167782772639952,0.9541608686746594,0.00516776995461325,0.8111549028339334,5.551115123125784e-17,0.9940209969767128,3.906717618843716e-16,0.0025260422189668777,0.0,1.34326171875,False,True,False,True,False,True,False,True,True,True,False,True
1343,qpeexact_6_Mutant_Add_sx_P1_Q1_[].qasm,Quratest_31,0.0,0.0,0.33110881446355295,0.9083952749476928,0.3254051043887785,0.7838747249795482,0.3966828932590643,0.9726649383306349,0.4297897947236741,0.0023622457061416796,0.17822265625,0.357421875,True,True,True,True,True,True,True,True,True,True,True,True
1344,qpeexact_6_Mutant_Replace_ry_P17_Q2_[3.9269908169872414].qasm,PureState_0,0.44626400269585864,0.0,0.009329933217424854,0.5103790691562607,0.009329324271701512,0.46887035517526277,1.3530843112619095e-16,0.8984528369005413,2.6470504151506256e-16,0.04128417729592947,0.0,0.560546875,False,True,False,True,False,True,False,True,True,True,False,True
1345,qpeexact_6_Mutant_Replace_ry_P17_Q2_[3.9269908169872414].qasm,Quratest_0,0.0,0.0,0.14629654373877174,0.8052856865210526,0.1438287840313913,0.7350132282871944,0.14863826981052547,0.9658296303129534,0.01830369523080355,0.0039965067258823424,0.1376953125,0.26708984375,True,True,True,True,True,True,True,True,True,True,True,True
1346,qpeexact_6_Mutant_Replace_ry_P17_Q2_[3.9269908169872414].qasm,PureState_1,5.151744388092369e-169,0.0,0.09161613467627741,0.9939594366832837,0.09139623482581866,0.8300139026054102,0.1035533905932739,0.9993046878843497,0.4267766952966446,9.186005078433283e-07,0.0087890625,0.625,True,True,False,True,False,True,True,True,True,True,True,True
1347,qpeexact_6_Mutant_Replace_ry_P17_Q2_[3.9269908169872414].qasm,Quratest_1,0.0,0.0,0.22084742797546342,0.7947260137527326,0.2163166441023076,0.7139343879345318,0.24564607284667378,0.9346534963338609,0.02149279565693025,0.020141033911052184,0.00927734375,0.8740234375,True,True,True,True,True,True,True,True,True,True,True,True
1348,qpeexact_6_Mutant_Replace_ry_P17_Q2_[3.9269908169872414].qasm,PureState_2,7.298398873522102e-190,0.0,0.09625993818501385,0.9873164468906208,0.0960041315717228,0.8276563564835222,0.10355339059327376,0.9993045785146722,0.4267766952966452,4.61207822021771e-06,0.005859375,0.63818359375,True,True,False,True,False,True,True,True,True,True,True,True
1349,qpeexact_6_Mutant_Replace_ry_P17_Q2_[3.9269908169872414].qasm,Quratest_2,0.0,0.0,0.1655406301248228,0.816461417795736,0.1639596420241473,0.72518150768841,0.18482038514898236,0.935843343343077,0.0972051962980442,0.0352485328350707,0.02001953125,0.6708984375,True,True,True,True,True,True,True,True,True,True,True,True
1350,qpeexact_6_Mutant_Replace_ry_P17_Q2_[3.9269908169872414].qasm,PureState_3,0.16668501009818837,0.0,0.012222482483526056,0.9101944753757153,0.012202988052212165,0.7911258774399763,1.1861171766991419e-16,0.995168718055869,3.873292662938835e-16,0.00042312880048175704,0.0,0.98828125,True,True,False,True,False,True,False,True,True,True,False,True
1351,qpeexact_6_Mutant_Replace_ry_P17_Q2_[3.9269908169872414].qasm,Quratest_3,0.0,0.0,0.28641046559758354,0.9103871537460667,0.28329334355908276,0.7851262662822512,0.36175551895504854,0.9767004704731089,0.10539932207803891,0.002893859484371858,0.08349609375,0.5126953125,True,True,True,True,True,True,True,True,True,True,True,True
1352,qpeexact_6_Mutant_Replace_ry_P17_Q2_[3.9269908169872414].qasm,PureState_4,0.4991878656396532,0.0,0.008785478493973438,0.8629373628633382,0.008784913959070637,0.7682486314927294,5.377642775528102e-17,0.9817123933687792,3.747387980172292e-16,0.0019204983906613087,0.0,0.71044921875,False,True,False,True,False,True,False,True,True,True,False,True
1353,qpeexact_6_Mutant_Replace_ry_P17_Q2_[3.9269908169872414].qasm,Quratest_4,0.0,0.0,0.25176978146012197,0.9021095532095759,0.250041055575214,0.7821626947085122,0.3252173046117294,0.9745090199768853,0.04046201834971654,0.0018756964009356677,0.02587890625,0.642578125,True,True,True,True,True,True,True,True,True,True,True,True
1354,qpeexact_6_Mutant_Replace_ry_P17_Q2_[3.9269908169872414].qasm,PureState_5,2.0242999418302566e-176,0.0,0.09289456797309899,0.955983520624554,0.0926510772817824,0.8109622799380766,0.10355339059327391,0.9993045785146724,0.426776695296645,0.0002778874698897809,0.00634765625,0.67626953125,True,True,False,True,False,True,True,True,True,True,True,True
1355,qpeexact_6_Mutant_Replace_ry_P17_Q2_[3.9269908169872414].qasm,Quratest_5,0.0,0.0,0.211830533997691,0.8607523437057757,0.2089190824463921,0.7614206489650248,0.22988483723256875,0.9565595274927361,0.2440959125204116,0.013149256448814744,0.10546875,0.68701171875,True,True,True,True,True,True,True,True,True,True,True,True
1356,qpeexact_6_Mutant_Replace_ry_P17_Q2_[3.9269908169872414].qasm,PureState_6,5.225992687921527e-212,0.0,0.1007780853187524,0.9935349476983127,0.10049814131178625,0.8307166616783024,0.10355339059327383,0.9998110891985454,3.613863558686385e-16,5.305763429375075e-06,0.080078125,1.173828125,True,True,False,True,False,True,True,True,True,True,True,True
1357,qpeexact_6_Mutant_Replace_ry_P17_Q2_[3.9269908169872414].qasm,Quratest_6,0.0,0.0,0.10572309901981351,0.6209180522987537,0.10161800832194556,0.5466970120096624,0.06551332936492074,0.6631331015514831,0.5773099214106642,0.27672926220674265,0.03466796875,0.4072265625,True,True,False,True,False,True,True,True,True,True,True,True
1358,qpeexact_6_Mutant_Replace_ry_P17_Q2_[3.9269908169872414].qasm,PureState_7,6.56010294278055e-182,0.0,0.09428349125213617,0.9924701913850591,0.09395192163195343,0.8299043368725026,0.10355339059327368,0.9998110891985454,3.7172935943873586e-16,5.2850547331889955e-06,0.080078125,1.173828125,True,True,False,True,False,True,True,True,True,True,True,True
1359,qpeexact_6_Mutant_Replace_ry_P17_Q2_[3.9269908169872414].qasm,Quratest_7,5.324597526151529e-264,0.0,0.07879119795487363,0.9213693490341414,0.07733985619853465,0.7924277963809099,0.0503249791411221,0.989262388979517,0.10618128188624072,0.0004184941026326617,0.00732421875,0.65185546875,True,True,False,True,False,True,True,True,True,True,True,True
1360,qpeexact_6_Mutant_Replace_ry_P17_Q2_[3.9269908169872414].qasm,PureState_8,0.0,0.0,0.08191167595400706,0.9946857099302463,0.08146904731818473,0.8310005930670088,0.10355339059327376,0.9998253413384652,0.426776695296645,9.784571443537659e-07,0.04248046875,0.45947265625,True,True,False,True,False,True,True,True,True,True,True,True
1361,qpeexact_6_Mutant_Replace_ry_P17_Q2_[3.9269908169872414].qasm,Quratest_8,0.0,0.0,0.09945802539406523,0.9292955681829669,0.09695191127442791,0.7943534569849927,0.07047934114642407,0.9800780927444932,0.030533483743047603,0.00046021368129673366,0.02001953125,0.583984375,True,True,False,True,False,True,True,True,True,True,True,True
1362,qpeexact_6_Mutant_Replace_ry_P17_Q2_[3.9269908169872414].qasm,PureState_9,0.23538024529464244,0.0,0.010988301220766562,0.9522966713557807,0.0109870203670386,0.8089324272232561,1.3183898417423734e-16,0.9939803278342362,3.996700170516925e-16,0.002425221654555285,0.0,0.630859375,True,True,False,True,False,True,False,True,True,True,False,True
1363,qpeexact_6_Mutant_Replace_ry_P17_Q2_[3.9269908169872414].qasm,Quratest_9,0.0,0.0,0.25554266424107797,0.8481949376304553,0.2533109773942243,0.7496358501621078,0.32339685831105813,0.9627906781054865,0.023597672582520966,0.0034474111874087813,0.228515625,0.85107421875,True,True,True,True,True,True,True,True,True,True,True,True
1364,qpeexact_6_Mutant_Replace_ry_P17_Q2_[3.9269908169872414].qasm,PureState_10,0.0,0.0,0.2734098282506703,0.9505084755820922,0.2295400033710813,0.8084293668678432,0.14644660940672632,0.9940209969767129,0.8535533905932846,0.0025206137156932864,0.2353515625,1.34326171875,True,True,True,True,True,True,True,True,True,True,True,True
1365,qpeexact_6_Mutant_Replace_ry_P17_Q2_[3.9269908169872414].qasm,Quratest_10,0.0,0.0,0.22582137418911924,0.8156493713314708,0.2239058425969219,0.7336950217430777,0.29449113938636884,0.9554030226227213,0.03456731224844559,0.010359058259604764,0.15966796875,0.5380859375,True,True,True,True,True,True,True,True,True,True,True,True
1366,qpeexact_6_Mutant_Replace_ry_P17_Q2_[3.9269908169872414].qasm,PureState_11,0.0,0.0,0.09696187755193089,0.9866891700160715,0.09663849289721854,0.8280603756149861,0.10355339059327384,0.9970910946110938,3.7878137448058155e-16,3.207632953230468e-05,0.0810546875,0.1552734375,True,True,False,True,False,True,True,True,True,True,True,True
1367,qpeexact_6_Mutant_Replace_ry_P17_Q2_[3.9269908169872414].qasm,Quratest_11,0.0,0.0,0.1779370027392906,0.911431063283293,0.17505200309703364,0.7893249791689757,0.2105272626518599,0.9810372167155863,0.0800180003713237,0.0008667176228708246,0.0068359375,0.5869140625,True,True,True,True,True,True,True,True,True,True,True,True
1368,qpeexact_6_Mutant_Replace_ry_P17_Q2_[3.9269908169872414].qasm,PureState_12,0.0,0.0,0.2822848703292177,0.9949939740827594,0.23708363428185994,0.8320246488223718,0.14644660940672616,0.999995364974281,0.8535533905932856,2.3175595700595313e-06,0.09228515625,0.63525390625,True,True,True,True,True,True,True,True,True,True,True,True
1369,qpeexact_6_Mutant_Replace_ry_P17_Q2_[3.9269908169872414].qasm,Quratest_12,0.0,0.0,0.16350498661740048,0.8876454506386136,0.1614025934276612,0.7765303639216143,0.1843331178298,0.9681780406995945,0.0035443973148468234,0.006265738973172455,0.0830078125,1.046875,True,True,True,True,True,True,True,True,True,True,True,True
1370,qpeexact_6_Mutant_Replace_ry_P17_Q2_[3.9269908169872414].qasm,PureState_13,0.0,0.0,0.27623589722353975,0.99742764497909,0.23197460027543745,0.8318205254892592,0.14644660940672627,0.9999953334468643,0.8535533905932848,3.617445514882193e-07,0.26171875,0.0810546875,True,True,True,True,True,True,True,True,True,True,True,True
1371,qpeexact_6_Mutant_Replace_ry_P17_Q2_[3.9269908169872414].qasm,Quratest_13,0.0,0.0,0.12097142925157726,0.9531480435442367,0.11892418986892364,0.8110309798298213,0.09582832960588711,0.9884865990542404,0.16872333819523797,0.000250820636778188,0.00390625,0.51025390625,True,True,False,True,True,True,True,True,True,True,True,True
1372,qpeexact_6_Mutant_Replace_ry_P17_Q2_[3.9269908169872414].qasm,PureState_14,0.00015094125622915156,0.0,0.018939391087991364,0.9872652261836579,0.018937419411893107,0.8282802218321358,9.389190813724468e-17,0.9970919135931817,3.5510486606816885e-16,3.7212570421920096e-05,0.0,0.66748046875,True,True,False,True,False,True,False,True,True,True,False,True
1373,qpeexact_6_Mutant_Replace_ry_P17_Q2_[3.9269908169872414].qasm,Quratest_14,3.473000453746199e-52,0.0,0.05943078082980297,0.8554096175211203,0.059154131660677144,0.750654640027873,0.04125613313690784,0.9618199665957563,0.005216875950021762,0.00280733641958341,0.01318359375,0.56494140625,True,True,False,True,False,True,True,True,True,True,True,True
1374,qpeexact_6_Mutant_Replace_ry_P17_Q2_[3.9269908169872414].qasm,PureState_15,1.2637794060310649e-192,0.0,0.09680261726162157,0.9909321396775385,0.09653745529044264,0.8300389926417151,0.10355339059327365,0.999161155991597,4.1126601482473537e-16,9.227495978640814e-06,0.18310546875,1.15478515625,True,True,False,True,False,True,True,True,True,True,True,True
1375,qpeexact_6_Mutant_Replace_ry_P17_Q2_[3.9269908169872414].qasm,Quratest_15,0.0,0.0,0.27641498760022887,0.9801762973744581,0.27353936155199304,0.8221058025785561,0.35843853595378816,0.9932245941506317,0.11942434944012041,8.563441044602291e-05,0.13525390625,0.85498046875,True,True,True,True,True,True,True,True,True,True,True,True
1376,qpeexact_6_Mutant_Replace_ry_P17_Q2_[3.9269908169872414].qasm,PureState_16,6.276615266164218e-179,0.0,0.0924622486882776,0.9854410484929912,0.09208628650238398,0.8234608528690878,0.10355339059327388,0.9939393820619828,4.1815917409319904e-16,0.00010469947398326993,0.0751953125,0.73486328125,True,True,False,True,False,True,True,True,True,True,True,True
1377,qpeexact_6_Mutant_Replace_ry_P17_Q2_[3.9269908169872414].qasm,Quratest_16,3.62897328829107e-123,0.0,0.07264076734862057,0.8875747493777131,0.07201891440576547,0.7697815930095295,0.08179544971395616,0.9694842860885153,0.10910300282831614,0.002096042188123614,0.03369140625,0.5556640625,True,True,False,True,False,True,True,True,True,True,True,True
1378,qpeexact_6_Mutant_Replace_ry_P17_Q2_[3.9269908169872414].qasm,PureState_17,0.0,0.0,0.2752645840806998,0.9929037538333052,0.23108339944708486,0.8319828431172546,0.14644660940672627,0.9999953956785447,0.8535533905932848,4.6043872832009866e-06,0.22509765625,1.64794921875,True,True,True,True,True,True,True,True,True,True,True,True
1379,qpeexact_6_Mutant_Replace_ry_P17_Q2_[3.9269908169872414].qasm,Quratest_17,0.0,0.0,0.27511232949431447,0.8408009243192828,0.2719228341683142,0.748813101982604,0.3539386431209954,0.9627185573618018,0.1271908791109607,0.005831585682248355,0.09814453125,0.67431640625,True,True,True,True,True,True,True,True,True,True,True,True
1380,qpeexact_6_Mutant_Replace_ry_P17_Q2_[3.9269908169872414].qasm,PureState_18,5.264377037196246e-196,0.0,0.09752261879693404,0.977176446170066,0.09726168876676297,0.8181663195401241,0.10355339059327373,0.9993045785146722,0.4267766952966446,4.868978094522894e-05,0.01416015625,0.6357421875,True,True,False,True,False,True,True,True,True,True,True,True
1381,qpeexact_6_Mutant_Replace_ry_P17_Q2_[3.9269908169872414].qasm,Quratest_18,0.0,0.0,0.18278580815258044,0.927519003082278,0.18032609062751262,0.7996055349663195,0.22460635700504908,0.9845081982997165,0.14107021267351863,0.0006661211150110653,0.14404296875,0.40234375,True,True,True,True,True,True,True,True,True,True,True,True
1382,qpeexact_6_Mutant_Replace_ry_P17_Q2_[3.9269908169872414].qasm,PureState_19,0.31834204834302343,0.0,0.01012896410031836,0.9835121509411932,0.010128184639819942,0.8240541789160595,4.85722573273506e-17,0.993980327834236,3.95830605748054e-16,0.00011512359116802679,0.0,0.6298828125,True,True,False,True,False,True,False,True,True,True,False,True
1383,qpeexact_6_Mutant_Replace_ry_P17_Q2_[3.9269908169872414].qasm,Quratest_19,2.7054054060914893e-119,0.0,0.08300122130420591,0.8983653929650501,0.08279803233436,0.783718525643953,0.09505097258298226,0.9758564478798946,0.025563237720157003,0.006752906804965664,0.02978515625,0.478515625,True,True,False,True,False,True,True,True,True,True,True,True
1384,qpeexact_6_Mutant_Replace_ry_P17_Q2_[3.9269908169872414].qasm,PureState_20,0.0,0.0,0.09904200426716969,0.9862346486100224,0.09860767006542188,0.824180913973047,0.10355339059327381,0.9939393820619828,3.8507906412408115e-16,0.00010447400050528973,0.0751953125,0.73486328125,True,True,False,True,False,True,True,True,True,True,True,True
1385,qpeexact_6_Mutant_Replace_ry_P17_Q2_[3.9269908169872414].qasm,Quratest_20,0.0,0.0,0.17967093560571082,0.8119865925221339,0.1747833403121436,0.7251595177321132,0.1691053407946907,0.9324234236576112,0.531660970452874,0.04429421118355686,0.0009765625,0.802734375,True,True,True,True,True,True,True,True,True,True,True,True
1386,qpeexact_6_Mutant_Replace_ry_P17_Q2_[3.9269908169872414].qasm,PureState_21,5.937688811164336e-229,0.0,0.10410318619279949,0.95470523155133,0.10378546498355096,0.8101105068808898,0.1035533905932737,0.9939393820619833,3.654201279837259e-16,0.0024003558716247167,0.173828125,1.32861328125,True,True,False,True,False,True,True,True,True,True,True,True
1387,qpeexact_6_Mutant_Replace_ry_P17_Q2_[3.9269908169872414].qasm,Quratest_21,0.0,0.0,0.2075709778407428,0.8411563782425248,0.205695829102451,0.7508855246303184,0.32236490851296906,0.9593081437360048,0.031827362077569914,0.004256852153457091,0.2021484375,0.68359375,True,True,True,True,True,True,True,True,True,True,True,True
1388,qpeexact_6_Mutant_Replace_ry_P17_Q2_[3.9269908169872414].qasm,PureState_22,0.3424539451357219,0.0,0.009924248899883442,0.7981132073772065,0.009922744096926487,0.7175261710574392,1.2945373939476923e-16,0.9275192055375944,3.4441282818115555e-16,0.00723478369303003,0.0,0.328125,False,True,False,True,False,True,False,True,True,True,False,True
1389,qpeexact_6_Mutant_Replace_ry_P17_Q2_[3.9269908169872414].qasm,Quratest_22,5.105568659504385e-300,0.0,0.10760905339944306,0.85830235178603,0.10665776094921545,0.7579220839599767,0.09162888440089118,0.9770859880563436,0.14538719793097082,0.004826604867486619,0.04736328125,0.76904296875,True,True,False,True,False,True,True,True,True,True,True,True
1390,qpeexact_6_Mutant_Replace_ry_P17_Q2_[3.9269908169872414].qasm,PureState_23,1.408004942783861e-187,0.0,0.09555997837465321,0.991643669437502,0.09530376452045307,0.8289356060623985,0.10355339059327377,0.9958937211130615,3.9776901534950634e-16,4.025288730684037e-05,0.18310546875,0.07177734375,True,True,False,True,False,True,True,True,True,True,True,True
1391,qpeexact_6_Mutant_Replace_ry_P17_Q2_[3.9269908169872414].qasm,Quratest_23,0.0,0.0,0.28010137211661096,0.8205925087990884,0.27794258043066206,0.7298343535557325,0.37565174851287914,0.9286579377261992,0.013488677822336597,0.03953510352416772,0.21875,0.552734375,True,True,True,True,True,True,True,True,True,True,True,True
1392,qpeexact_6_Mutant_Replace_ry_P17_Q2_[3.9269908169872414].qasm,PureState_24,0.0,0.0,0.2760647585267505,0.997615982049247,0.23183646782844308,0.8319660263320059,0.14644660940672624,0.9999953334468642,0.8535533905932844,3.659815520210846e-07,0.1083984375,0.0810546875,True,True,True,True,True,True,True,True,True,True,True,True
1393,qpeexact_6_Mutant_Replace_ry_P17_Q2_[3.9269908169872414].qasm,Quratest_24,0.0,0.0,0.26562356506212376,0.8530075668718714,0.2638970040899595,0.7596984882407238,0.3579306936149388,0.972485935858538,0.0017177599472943711,0.003378442761647555,0.32373046875,0.546875,True,True,True,True,True,True,True,True,True,True,True,True
1394,qpeexact_6_Mutant_Replace_ry_P17_Q2_[3.9269908169872414].qasm,PureState_25,7.878197501417201e-200,0.0,0.09822762817366221,0.9875687378301372,0.09795273066288471,0.8278807636254931,0.103553390593274,0.9993045785146725,0.4267766952966449,4.613403802313059e-06,0.005859375,0.63818359375,True,True,False,True,False,True,True,True,True,True,True,True
1395,qpeexact_6_Mutant_Replace_ry_P17_Q2_[3.9269908169872414].qasm,Quratest_25,0.0,0.0,0.2393467934771434,0.9665089350832503,0.23717015588419157,0.816309526734018,0.31156895940722285,0.992392308644882,0.018385490995793355,9.05293520054015e-05,0.10986328125,0.546875,True,True,True,True,True,True,True,True,True,True,True,True
1396,qpeexact_6_Mutant_Replace_ry_P17_Q2_[3.9269908169872414].qasm,PureState_26,2.4017197846612057e-170,0.0,0.09180327718277174,0.9828139075960859,0.09157949793424722,0.8230044751080048,0.10355339059327379,0.9993045785146721,0.426776695296645,1.2058356441649305e-05,0.037109375,0.80517578125,True,True,False,True,False,True,True,True,True,True,True,True
1397,qpeexact_6_Mutant_Replace_ry_P17_Q2_[3.9269908169872414].qasm,Quratest_26,0.0,0.0,0.12715723544022237,0.9653275372457935,0.12587922689910055,0.817414621693322,0.13372024598217574,0.9957516694720527,0.4852950555648674,5.813266230575795e-05,0.0205078125,0.8056640625,True,True,False,True,True,True,True,True,True,True,True,True
1398,qpeexact_6_Mutant_Replace_ry_P17_Q2_[3.9269908169872414].qasm,PureState_27,0.05885153551372216,0.0,0.012500209511078143,0.4990626518928186,0.012494916947597159,0.46203121059986807,9.367506770274758e-17,0.8984528369005412,2.6410053363827796e-16,0.041134840146890866,0.0,0.560546875,True,True,False,True,False,True,False,True,True,True,False,True
1399,qpeexact_6_Mutant_Replace_ry_P17_Q2_[3.9269908169872414].qasm,Quratest_27,0.0,0.0,0.14898111578100284,0.635716268796067,0.1479784126065255,0.5722420529916699,0.14924962266668054,0.896711362392262,0.12149851096529603,0.020957887185254515,0.0390625,0.65380859375,True,True,True,True,True,True,True,True,True,True,True,True
1400,qpeexact_6_Mutant_Replace_ry_P17_Q2_[3.9269908169872414].qasm,PureState_28,0.030689726340585415,0.0,0.01402481117790067,0.9804517828042741,0.014022958967337977,0.8233920551846561,1.0928757898653885e-16,0.9939803278342361,3.932647681920062e-16,0.00011466937674797678,0.0,0.6298828125,True,True,False,True,False,True,False,True,True,True,False,True
1401,qpeexact_6_Mutant_Replace_ry_P17_Q2_[3.9269908169872414].qasm,Quratest_28,0.0,0.0,0.11734719527804122,0.8950009564002037,0.11573949838401534,0.7785957386398653,0.11283042578544036,0.9662079561383397,0.0034618371249319924,0.0021935498227453718,0.029296875,0.5517578125,True,True,False,True,False,True,True,True,True,True,True,True
1402,qpeexact_6_Mutant_Replace_ry_P17_Q2_[3.9269908169872414].qasm,PureState_29,0.0,0.0,0.2782969428348614,0.20552907776453605,0.2336715089608077,0.17191189394022227,0.14644660940672635,0.13283047847017132,0.8535533905932848,0.8671695386860007,0.24560546875,0.35205078125,True,True,True,True,True,True,True,True,True,True,True,True
1403,qpeexact_6_Mutant_Replace_ry_P17_Q2_[3.9269908169872414].qasm,Quratest_29,0.0,0.0,0.2390035873508254,0.8484750942221212,0.2319653536704166,0.7494224731253297,0.24465718486171611,0.9746462737417874,0.427324439302988,0.00224460996448657,0.017578125,0.4814453125,True,True,True,True,True,True,True,True,True,True,True,True
1404,qpeexact_6_Mutant_Replace_ry_P17_Q2_[3.9269908169872414].qasm,PureState_30,0.0,0.0,0.276531074255952,0.9724779979883125,0.23219406177836296,0.818790543503801,0.1464466094067262,0.9940209969767129,0.8535533905932848,0.00046346051289807884,0.26171875,0.0810546875,True,True,True,True,True,True,True,True,True,True,True,True
1405,qpeexact_6_Mutant_Replace_ry_P17_Q2_[3.9269908169872414].qasm,Quratest_30,1.2343508482472635e-210,0.0,0.12133990624537026,0.6482693896829634,0.12103731016592047,0.5908559035935822,0.14912380786073046,0.7771570277525843,0.18036079493374002,0.17118769187713798,0.00146484375,0.7021484375,True,True,False,True,True,True,True,True,True,True,True,True
1406,qpeexact_6_Mutant_Replace_ry_P17_Q2_[3.9269908169872414].qasm,PureState_31,0.0,0.0,0.28077353100491614,0.9558713791665758,0.23583555176552562,0.8121723059193375,0.1464466094067262,0.9940209969767122,0.8535533905932846,0.00252604221896687,0.10400390625,1.34326171875,True,True,True,True,True,True,True,True,True,True,True,True
1407,qpeexact_6_Mutant_Replace_ry_P17_Q2_[3.9269908169872414].qasm,Quratest_31,0.0,0.0,0.2032458279894222,0.911449270128993,0.1965779606979296,0.7845499541430584,0.1806829808035043,0.9726649383306353,0.001361298253199276,0.0023622457061416775,0.0,0.357421875,True,True,True,True,True,True,True,True,True,True,False,True
1408,qpeexact_6_Mutant_Replace_rz_P1_Q1_[5.497787143782138].qasm,PureState_0,0.0,0.0,0.2754078943219499,0.502534976626074,0.27241960698597556,0.46420861745920183,0.3535533905932736,0.8984528369005413,0.5000000000000074,0.04128417729592947,0.10888671875,0.560546875,True,True,True,True,True,True,True,True,True,True,True,True
1409,qpeexact_6_Mutant_Replace_rz_P1_Q1_[5.497787143782138].qasm,Quratest_0,0.0,0.0,0.24335013719837953,0.8074166031502492,0.24064041055085875,0.7375182234542728,0.3003930845122531,0.9658296303129534,0.6950495156433526,0.0039965067258823025,0.2587890625,0.26708984375,True,True,True,True,True,True,True,True,True,True,True,True
1410,qpeexact_6_Mutant_Replace_rz_P1_Q1_[5.497787143782138].qasm,PureState_1,0.0,0.0,0.2012368618610799,0.9917750357709125,0.19618132318503204,0.8301064623373562,0.23096988312782166,0.9993046878843497,0.5000000000000089,9.186005078433283e-07,0.00537109375,0.625,True,True,True,True,True,True,True,True,True,True,True,True
1411,qpeexact_6_Mutant_Replace_rz_P1_Q1_[5.497787143782138].qasm,Quratest_1,0.0,0.0,0.28974386937650987,0.7923372252044731,0.286525921836951,0.7122637096005643,0.3683255086693056,0.9346534963338607,0.1853648238486812,0.020141033911052195,0.24658203125,0.8740234375,True,True,True,True,True,True,True,True,True,True,True,True
1412,qpeexact_6_Mutant_Replace_rz_P1_Q1_[5.497787143782138].qasm,PureState_2,0.0,0.0,0.37903901159530246,0.9880051450463022,0.36398112935139804,0.8278588054770664,0.4223115993103664,0.9993045785146722,0.500000000000009,4.61207822021771e-06,0.0859375,0.63818359375,True,True,True,True,True,True,True,True,True,True,True,True
1413,qpeexact_6_Mutant_Replace_rz_P1_Q1_[5.497787143782138].qasm,Quratest_2,0.0,0.0,0.214878731972328,0.8186096545646347,0.21184838154160912,0.726014773912411,0.25196013568484577,0.935843343343077,0.23514781689282044,0.03524853283507069,0.02001953125,0.6708984375,True,True,True,True,True,True,True,True,True,True,True,True
1414,qpeexact_6_Mutant_Replace_rz_P1_Q1_[5.497787143782138].qasm,PureState_3,0.0,0.0,0.2681075492627017,0.9161849832319358,0.2653170263623374,0.7907094146755997,0.3535533905932736,0.9951687180558688,0.5000000000000087,0.00042312880048175693,0.125,0.98828125,True,True,True,True,True,True,True,True,True,True,True,True
1415,qpeexact_6_Mutant_Replace_rz_P1_Q1_[5.497787143782138].qasm,Quratest_3,0.0,0.0,0.36579129269805966,0.9108327674331191,0.3565820298692783,0.7862904321481139,0.41071139812176705,0.9767004704731089,0.3925579902163829,0.0028938594843718715,0.45263671875,0.5126953125,True,True,True,True,True,True,True,True,True,True,True,True
1416,qpeexact_6_Mutant_Replace_rz_P1_Q1_[5.497787143782138].qasm,PureState_4,0.0,0.0,0.27477992934365625,0.8625958285489432,0.2717263166071549,0.7670539393733886,0.3535533905932736,0.9817123933687792,0.5000000000000081,0.0019204983906613087,0.15283203125,0.71044921875,True,True,True,True,True,True,True,True,True,True,True,True
1417,qpeexact_6_Mutant_Replace_rz_P1_Q1_[5.497787143782138].qasm,Quratest_4,0.0,0.0,0.3790232588427396,0.9031623539248106,0.3607156280382259,0.7829261804034338,0.3921498004352587,0.974509019976886,0.46385856330116687,0.0018756964009356634,0.0078125,0.642578125,True,True,True,True,True,True,True,True,True,True,True,True
1418,qpeexact_6_Mutant_Replace_rz_P1_Q1_[5.497787143782138].qasm,PureState_5,0.0,0.0,0.3789030889861469,0.9496648408338738,0.3634567314686814,0.8090533255252713,0.42231159931036655,0.9993045785146724,0.5000000000000085,0.0002778874698897809,0.0537109375,0.67626953125,True,True,True,True,True,True,True,True,True,True,True,True
1419,qpeexact_6_Mutant_Replace_rz_P1_Q1_[5.497787143782138].qasm,Quratest_5,0.0,0.0,0.2200744095955655,0.8596064382350386,0.21726439054840388,0.7597441237861755,0.25798701699196647,0.956559527492737,0.12964533021385932,0.013149256448814721,0.16552734375,0.68701171875,True,True,True,True,True,True,True,True,True,True,True,True
1420,qpeexact_6_Mutant_Replace_rz_P1_Q1_[5.497787143782138].qasm,PureState_6,0.0,0.0,0.1981002666569318,0.9968131782249766,0.19282551104970894,0.8312229714374313,0.2309698831278216,0.9998110891985454,0.500000000000009,5.305763429374875e-06,0.0,1.173828125,True,True,True,True,True,True,True,True,True,True,False,True
1421,qpeexact_6_Mutant_Replace_rz_P1_Q1_[5.497787143782138].qasm,Quratest_6,0.0,0.0,0.35842237849174546,0.6165597785514682,0.3421716905732967,0.5461379480491464,0.37437628915357457,0.6631331015514831,0.710285254871478,0.27672926220674265,0.08154296875,0.4072265625,True,True,True,True,True,True,True,True,True,True,True,True
1422,qpeexact_6_Mutant_Replace_rz_P1_Q1_[5.497787143782138].qasm,PureState_7,0.0,0.0,0.2005232836563536,0.9938100801667109,0.19615895723894156,0.8302659432178069,0.23096988312782163,0.9998110891985454,0.500000000000009,5.285054733189181e-06,0.0,1.173828125,True,True,True,True,True,True,True,True,True,True,False,True
1423,qpeexact_6_Mutant_Replace_rz_P1_Q1_[5.497787143782138].qasm,Quratest_7,0.0,0.0,0.2518054641726568,0.9196783150378172,0.24861202982996708,0.793363543797161,0.28897720361753637,0.9892623889795172,0.7000710900676966,0.0004184941026326303,0.0654296875,0.65185546875,True,True,True,True,True,True,True,True,True,True,True,True
1424,qpeexact_6_Mutant_Replace_rz_P1_Q1_[5.497787143782138].qasm,PureState_8,0.0,0.0,0.37997202761962173,0.9931777156028994,0.3642304540638399,0.8305235083170286,0.42231159931036627,0.999825341338465,0.5000000000000094,9.784571443538933e-07,0.0927734375,0.45947265625,True,True,True,True,True,True,True,True,True,True,True,True
1425,qpeexact_6_Mutant_Replace_rz_P1_Q1_[5.497787143782138].qasm,Quratest_8,0.0,0.0,0.28991030196046247,0.9286319150191991,0.28202927110159587,0.7936178765672608,0.39969737321656623,0.9800780927444928,0.16053652725540782,0.00046021368129671875,0.15283203125,0.583984375,True,True,True,True,True,True,True,True,True,True,True,True
1426,qpeexact_6_Mutant_Replace_rz_P1_Q1_[5.497787143782138].qasm,PureState_9,0.0,0.0,0.27432086613403245,0.95281607313917,0.2713480113690997,0.8092057426401065,0.3535533905932736,0.9939803278342361,0.5000000000000085,0.002425221654555279,0.03173828125,0.630859375,True,True,True,True,True,True,True,True,True,True,True,True
1427,qpeexact_6_Mutant_Replace_rz_P1_Q1_[5.497787143782138].qasm,Quratest_9,0.0,0.0,0.44380428221309,0.8513752622689882,0.4292559111362472,0.7517125747001455,0.5352892534100365,0.9627906781054865,0.07994360964095826,0.003447411187408773,0.36572265625,0.85107421875,True,True,True,True,True,True,True,True,True,True,True,True
1428,qpeexact_6_Mutant_Replace_rz_P1_Q1_[5.497787143782138].qasm,PureState_10,0.484708490204505,0.0,0.005576180233076514,0.954069911160461,0.005576097516434473,0.8111926506014485,9.020562075079398e-17,0.9940209969767129,0.5000000000000085,0.002520613715693285,0.0,1.34326171875,False,True,False,True,False,True,False,True,True,True,False,True
1429,qpeexact_6_Mutant_Replace_rz_P1_Q1_[5.497787143782138].qasm,Quratest_10,0.0,0.0,0.34996689976303885,0.8177889976811186,0.3295267247314352,0.7345622051987639,0.3641809702386557,0.9554030226227213,0.35323258511456723,0.010359058259604769,0.07373046875,0.5380859375,True,True,True,True,True,True,True,True,True,True,True,True
1430,qpeexact_6_Mutant_Replace_rz_P1_Q1_[5.497787143782138].qasm,PureState_11,0.0,0.0,0.20965646859244774,0.9902408470807118,0.20365667159583095,0.8287785939534751,0.23096988312782166,0.9970910946110938,0.5000000000000092,3.20763295323047e-05,0.01513671875,0.1552734375,True,True,True,True,True,True,True,True,True,True,True,True
1431,qpeexact_6_Mutant_Replace_rz_P1_Q1_[5.497787143782138].qasm,Quratest_11,0.0,0.0,0.3194123894325309,0.9081595621528856,0.30977229458605887,0.7885904020498552,0.34443887393604355,0.981037216715586,0.45797636408402825,0.0008667176228708271,0.0625,0.5869140625,True,True,True,True,True,True,True,True,True,True,True,True
1432,qpeexact_6_Mutant_Replace_rz_P1_Q1_[5.497787143782138].qasm,PureState_12,0.0,0.0,0.5402677797167654,0.9949939740827594,0.46367131794301375,0.8320246488223718,0.49999999999999967,0.999995364974281,0.5000000000000092,2.31755957005951e-06,0.46923828125,0.63525390625,True,True,True,True,True,True,True,True,True,True,True,True
1433,qpeexact_6_Mutant_Replace_rz_P1_Q1_[5.497787143782138].qasm,Quratest_12,0.0,0.0,0.35057311953605896,0.8854978550675712,0.33539339254089034,0.7749521762054452,0.3577623992056455,0.968178040699595,0.23714137111139377,0.0062657389731724635,0.12060546875,1.046875,True,True,True,True,True,True,True,True,True,True,True,True
1434,qpeexact_6_Mutant_Replace_rz_P1_Q1_[5.497787143782138].qasm,PureState_13,0.4549453184168225,0.0,0.005659972679974619,0.99742764497909,0.005659855824034365,0.8318205254892591,1.457167719820518e-16,0.9999953334468643,0.5000000000000085,3.617445514882193e-07,0.0,0.0810546875,False,True,False,True,False,True,False,True,True,True,False,True
1435,qpeexact_6_Mutant_Replace_rz_P1_Q1_[5.497787143782138].qasm,Quratest_13,0.0,0.0,0.4062056105002055,0.9561186067919285,0.388224148084694,0.8130197458976403,0.47322450457669873,0.9884865990542396,0.13171615345940205,0.0002508206367781871,0.4130859375,0.51025390625,True,True,True,True,True,True,True,True,True,True,True,True
1436,qpeexact_6_Mutant_Replace_rz_P1_Q1_[5.497787143782138].qasm,PureState_14,0.0,0.0,0.27895555423389673,0.986788454892839,0.27573109692971304,0.8284733403079622,0.3535533905932736,0.9970919135931817,0.5000000000000089,3.721257042192002e-05,0.0185546875,0.66748046875,True,True,True,True,True,True,True,True,True,True,True,True
1437,qpeexact_6_Mutant_Replace_rz_P1_Q1_[5.497787143782138].qasm,Quratest_14,0.0,0.0,0.26509898610383287,0.8578340102979889,0.26165126444110376,0.7535729926752298,0.33422188076317394,0.9618199665957567,0.35967040766428887,0.0028073364195834133,0.23095703125,0.56494140625,True,True,True,True,True,True,True,True,True,True,True,True
1438,qpeexact_6_Mutant_Replace_rz_P1_Q1_[5.497787143782138].qasm,PureState_15,0.0,0.0,0.19787552983399362,0.9931959234311442,0.1925237947167131,0.8301387707550117,0.2309698831278216,0.999161155991597,0.5000000000000089,9.22749597864067e-06,0.01904296875,1.15478515625,True,True,True,True,True,True,True,True,True,True,True,True
1439,qpeexact_6_Mutant_Replace_rz_P1_Q1_[5.497787143782138].qasm,Quratest_15,0.0,0.0,0.31333967100192317,0.9800844175270148,0.30372466873947357,0.8217847140266564,0.36567374079687165,0.9932245941506317,0.33164088999807767,8.563441044602167e-05,0.3525390625,0.85498046875,True,True,True,True,True,True,True,True,True,True,True,True
1440,qpeexact_6_Mutant_Replace_rz_P1_Q1_[5.497787143782138].qasm,PureState_16,0.0,0.0,0.3728312202481611,0.9822416433970167,0.35878425086740734,0.8223969454036565,0.42231159931036655,0.9939393820619828,0.500000000000009,0.00010469947398327024,0.279296875,0.73486328125,True,True,True,True,True,True,True,True,True,True,True,True
1441,qpeexact_6_Mutant_Replace_rz_P1_Q1_[5.497787143782138].qasm,Quratest_16,0.0,0.0,0.27767727899563,0.8878738297961061,0.2719808168708251,0.7687461602827307,0.32599934985726853,0.9694842860885153,0.10530411158817285,0.0020960421881236085,0.06982421875,0.5556640625,True,True,True,True,True,True,True,True,True,True,True,True
1442,qpeexact_6_Mutant_Replace_rz_P1_Q1_[5.497787143782138].qasm,PureState_17,0.0,0.0,0.5390395198670336,0.9949874371066197,0.4625499577909894,0.8322479564657578,0.49999999999999967,0.9999953956785447,0.500000000000009,4.6043872832009866e-06,0.49462890625,1.64794921875,True,True,True,True,True,True,True,True,True,True,True,True
1443,qpeexact_6_Mutant_Replace_rz_P1_Q1_[5.497787143782138].qasm,Quratest_17,0.0,0.0,0.15013329309400505,0.8431497338955874,0.14861003336772582,0.750953630527984,0.208127330270883,0.9627185573618018,0.36363073186823686,0.005831585682248333,0.01806640625,0.67431640625,True,True,True,True,True,True,True,True,True,True,True,True
1444,qpeexact_6_Mutant_Replace_rz_P1_Q1_[5.497787143782138].qasm,PureState_18,0.0,0.0,0.20424621645021443,0.9773531770318333,0.19880541291395182,0.818943508170043,0.23096988312782152,0.9993045785146722,0.5000000000000085,4.868978094522894e-05,0.0556640625,0.6357421875,True,True,True,True,True,True,True,True,True,True,True,True
1445,qpeexact_6_Mutant_Replace_rz_P1_Q1_[5.497787143782138].qasm,Quratest_18,0.0,0.0,0.402787376067933,0.9196092216357746,0.3784594618179651,0.7963686229908111,0.4203346316310222,0.9845081982997167,0.498192807744326,0.000666121115011064,0.06640625,0.40234375,True,True,True,True,True,True,True,True,True,True,True,True
1446,qpeexact_6_Mutant_Replace_rz_P1_Q1_[5.497787143782138].qasm,PureState_19,0.0,0.0,0.2774499735321217,0.9833655835641822,0.2742371649651521,0.823885899054161,0.3535533905932736,0.993980327834236,0.5000000000000085,0.00011512359116802639,0.01904296875,0.6298828125,True,True,True,True,True,True,True,True,True,True,True,True
1447,qpeexact_6_Mutant_Replace_rz_P1_Q1_[5.497787143782138].qasm,Quratest_19,0.0,0.0,0.13344744298527245,0.8975562963604125,0.132410302265532,0.7841657211603864,0.1699316585237641,0.9758564478798952,0.740302740573156,0.00675290680496568,0.0224609375,0.478515625,True,True,False,True,True,True,True,True,True,True,True,True
1448,qpeexact_6_Mutant_Replace_rz_P1_Q1_[5.497787143782138].qasm,PureState_20,0.0,0.0,0.38184994906672326,0.9837517369209562,0.36628206183401113,0.8230830209428853,0.42231159931036655,0.9939393820619828,0.5000000000000087,0.00010447400050528984,0.279296875,0.73486328125,True,True,True,True,True,True,True,True,True,True,True,True
1449,qpeexact_6_Mutant_Replace_rz_P1_Q1_[5.497787143782138].qasm,Quratest_20,0.0,0.0,0.33555432128802165,0.8090516274078073,0.32654391610026307,0.7221630128131029,0.3381341032080295,0.932423423657611,0.15665034031193847,0.04429421118355682,0.09912109375,0.802734375,True,True,True,True,True,True,True,True,True,True,True,True
1450,qpeexact_6_Mutant_Replace_rz_P1_Q1_[5.497787143782138].qasm,PureState_21,0.0,0.0,0.38176319218713206,0.9537262859794787,0.3658938867945745,0.8097652435915758,0.42231159931036644,0.9939393820619833,0.5000000000000085,0.002400355871624721,0.314453125,1.32861328125,True,True,True,True,True,True,True,True,True,True,True,True
1451,qpeexact_6_Mutant_Replace_rz_P1_Q1_[5.497787143782138].qasm,Quratest_21,0.0,0.0,0.2990475839303234,0.8438405652284247,0.2913237375967984,0.750967012586368,0.38411194288853057,0.9593081437360054,0.11140401699953516,0.004256852153457091,0.33935546875,0.68359375,True,True,True,True,True,True,True,True,True,True,True,True
1452,qpeexact_6_Mutant_Replace_rz_P1_Q1_[5.497787143782138].qasm,PureState_22,0.0,0.0,0.2714188952951456,0.7922058867288633,0.2684311583010033,0.7155119836469763,0.3535533905932736,0.9275192055375944,0.5000000000000079,0.00723478369303003,0.12353515625,0.328125,True,True,True,True,True,True,True,True,True,True,True,True
1453,qpeexact_6_Mutant_Replace_rz_P1_Q1_[5.497787143782138].qasm,Quratest_22,0.0,0.0,0.2147926628714146,0.8632584256803472,0.2074497936286352,0.7595875037811184,0.21908879762147387,0.9770859880563436,0.7320412185190178,0.004826604867486621,0.0830078125,0.76904296875,True,True,True,True,True,True,True,True,True,True,True,True
1454,qpeexact_6_Mutant_Replace_rz_P1_Q1_[5.497787143782138].qasm,PureState_23,0.0,0.0,0.3806957174775356,0.9858420075835808,0.3653711559750056,0.8272892840096847,0.42231159931036655,0.995893721113062,0.5000000000000087,4.025288730683872e-05,0.294921875,0.07177734375,True,True,True,True,True,True,True,True,True,True,True,True
1455,qpeexact_6_Mutant_Replace_rz_P1_Q1_[5.497787143782138].qasm,Quratest_23,0.0,0.0,0.586274892705557,0.8184549562795391,0.5514409270671432,0.7282187198010187,0.6454971151727574,0.9286579377261994,0.1161913780528315,0.039535103524167683,0.05322265625,0.552734375,True,True,True,True,True,True,True,True,True,True,True,True
1456,qpeexact_6_Mutant_Replace_rz_P1_Q1_[5.497787143782138].qasm,PureState_24,0.8013721373703389,0.0,0.003535285978860951,0.998053884106943,0.0035352799321032658,0.832137944683297,1.873501354054952e-16,0.9999953334468641,0.5000000000000082,3.659815520210853e-07,0.0,0.0810546875,False,True,False,True,False,True,False,True,True,True,False,True
1457,qpeexact_6_Mutant_Replace_rz_P1_Q1_[5.497787143782138].qasm,Quratest_24,0.0,0.0,0.35996837489436095,0.856243903685875,0.35404434020524633,0.7618455344068354,0.46037984132768517,0.972485935858538,0.13064573282259628,0.003378442761647555,0.16552734375,0.546875,True,True,True,True,True,True,True,True,True,True,True,True
1458,qpeexact_6_Mutant_Replace_rz_P1_Q1_[5.497787143782138].qasm,PureState_25,0.0,0.0,0.3931419554809699,0.991695222158153,0.3762419025661589,0.8291262960671865,0.4223115993103666,0.9993045785146725,0.5000000000000081,4.613403802313059e-06,0.0859375,0.63818359375,True,True,True,True,True,True,True,True,True,True,True,True
1459,qpeexact_6_Mutant_Replace_rz_P1_Q1_[5.497787143782138].qasm,Quratest_25,0.0,0.0,0.5468081031226147,0.9677133766063035,0.5205984435910418,0.8171716154679373,0.6431829304999706,0.992392308644882,0.27612211335848197,9.052935200540352e-05,0.06298828125,0.546875,True,True,True,True,True,True,True,True,True,True,True,True
1460,qpeexact_6_Mutant_Replace_rz_P1_Q1_[5.497787143782138].qasm,PureState_26,0.0,0.0,0.38285451273675386,0.9855341336709896,0.36719986066626664,0.8239329986701783,0.4223115993103664,0.9993045785146721,0.5000000000000087,1.2058356441649258e-05,0.0751953125,0.80517578125,True,True,True,True,True,True,True,True,True,True,True,True
1461,qpeexact_6_Mutant_Replace_rz_P1_Q1_[5.497787143782138].qasm,Quratest_26,0.0,0.0,0.20531125880822373,0.9687009320506405,0.20039241897122,0.8177185111768688,0.21070447075588605,0.995751669472052,0.3840960596366203,5.8132662305759354e-05,0.0966796875,0.8056640625,True,True,True,True,True,True,True,True,True,True,True,True
1462,qpeexact_6_Mutant_Replace_rz_P1_Q1_[5.497787143782138].qasm,PureState_27,0.0,0.0,0.26789008132084585,0.49231260368529955,0.26510291798071844,0.4573301665319474,0.3535533905932737,0.8984528369005412,0.5000000000000073,0.041134840146890866,0.10888671875,0.560546875,True,True,True,True,True,True,True,True,True,True,True,True
1463,qpeexact_6_Mutant_Replace_rz_P1_Q1_[5.497787143782138].qasm,Quratest_27,0.0,0.0,0.37202399124613145,0.6334207277196398,0.36086680216457745,0.5697092984212152,0.4382877039617029,0.896711362392262,0.19197033256753437,0.020957887185254515,0.0048828125,0.65380859375,True,True,True,True,True,True,True,True,True,True,True,True
1464,qpeexact_6_Mutant_Replace_rz_P1_Q1_[5.497787143782138].qasm,PureState_28,0.0,0.0,0.2745499108061441,0.984891811746874,0.271501070603803,0.8245198164002738,0.3535533905932736,0.9939803278342361,0.5000000000000087,0.00011466937674797652,0.01904296875,0.6298828125,True,True,True,True,True,True,True,True,True,True,True,True
1465,qpeexact_6_Mutant_Replace_rz_P1_Q1_[5.497787143782138].qasm,Quratest_28,0.0,0.0,0.2807396932496709,0.8953214716312863,0.2761222813486594,0.7786523721516506,0.353873868110364,0.9662079561383408,0.09544263005213668,0.002193549822745398,0.068359375,0.5517578125,True,True,True,True,True,True,True,True,True,True,True,True
1466,qpeexact_6_Mutant_Replace_rz_P1_Q1_[5.497787143782138].qasm,PureState_29,0.0,0.0,0.5396278292797971,0.20805498516950163,0.46308221247101705,0.17404455501893032,0.4999999999999999,0.13283047847017138,0.5000000000000075,0.8671695386860014,0.51806640625,0.35205078125,True,True,True,True,True,True,True,True,True,True,True,True
1467,qpeexact_6_Mutant_Replace_rz_P1_Q1_[5.497787143782138].qasm,Quratest_29,0.0,0.0,0.2837298269759975,0.8490134491328901,0.2780076302120343,0.7497908328266625,0.3197231180567014,0.9746462737417878,0.3758508219655706,0.002244609964486571,0.01220703125,0.4814453125,True,True,True,True,True,True,True,True,True,True,True,True
1468,qpeexact_6_Mutant_Replace_rz_P1_Q1_[5.497787143782138].qasm,PureState_30,0.5303235708957905,0.0,0.0052573014287986995,0.9715992186888063,0.005257287818833286,0.8189521838946405,1.249000902703301e-16,0.9940209969767128,0.5000000000000084,0.00046346051289807873,0.0,0.0810546875,False,True,False,True,False,True,False,True,True,True,False,True
1469,qpeexact_6_Mutant_Replace_rz_P1_Q1_[5.497787143782138].qasm,Quratest_30,0.0,0.0,0.1172838225281872,0.6467514952891648,0.11588111557563903,0.5894813396789278,0.1129716576600906,0.7771570277525846,0.9302554929921593,0.17118769187713784,0.07373046875,0.7021484375,True,True,False,True,False,True,True,True,True,True,True,True
1470,qpeexact_6_Mutant_Replace_rz_P1_Q1_[5.497787143782138].qasm,PureState_31,0.011217819490379564,0.0,0.01171049022298357,0.9530342821011701,0.011710166135760322,0.8104907546227023,2.220446049250313e-16,0.9940209969767122,0.5000000000000093,0.002526042218966874,0.0,1.34326171875,True,True,False,True,False,True,False,True,True,True,False,True
1471,qpeexact_6_Mutant_Replace_rz_P1_Q1_[5.497787143782138].qasm,Quratest_31,0.0,0.0,0.18056109534006734,0.9134960888484246,0.1798545636440834,0.7859162687199277,0.24508660705298285,0.9726649383306355,0.9225481788329266,0.002362245706141669,0.09765625,0.357421875,True,True,True,True,True,True,True,True,True,True,True,True
1472,qpeexact_6_Mutant_Add_t_P23_Q4_[].qasm,PureState_0,0.0,0.0,0.735523545900123,0.5095764305417253,0.6829274649710141,0.4690076489448556,0.8446231986207329,0.8984528369001343,3.4514939048689236e-16,0.04128417729609493,0.14990234375,0.560546875,True,True,True,True,True,True,True,True,True,True,True,True
1473,qpeexact_6_Mutant_Add_t_P23_Q4_[].qasm,Quratest_0,0.0,0.0,0.4587307818358,0.804498607395749,0.4435340943133954,0.7353630102890313,0.5608420477540009,0.9658296303134232,0.2617034226233737,0.00399650673910876,0.77978515625,0.26708984375,True,True,True,True,True,True,True,True,True,True,True,True
1474,qpeexact_6_Mutant_Add_t_P23_Q4_[].qasm,PureState_1,0.0,0.0,0.6491399846471076,0.9945930549774703,0.6114893615446378,0.8304045715965149,0.7762696487589354,0.9993046878843523,3.9341452186683873e-16,9.186005067031607e-07,0.0107421875,0.625,True,True,True,True,True,True,True,True,True,True,True,True
1475,qpeexact_6_Mutant_Add_t_P23_Q4_[].qasm,Quratest_1,0.0,0.0,0.465329295108884,0.7948537326454427,0.44651838199703997,0.7138536893328341,0.757023722506864,0.9346534963377828,0.03240206935951432,0.020141033793772675,0.435546875,0.8740234375,True,True,True,True,True,True,True,True,True,True,True,True
1476,qpeexact_6_Mutant_Add_t_P23_Q4_[].qasm,PureState_2,0.0,0.0,0.8463713955474992,0.9873508276669875,0.7570654991886324,0.8271772305904119,0.9209228812630897,0.9993045785146722,3.9872557863981075e-16,4.612078217282263e-06,0.0380859375,0.63818359375,True,True,True,True,True,True,True,True,True,True,True,True
1477,qpeexact_6_Mutant_Add_t_P23_Q4_[].qasm,Quratest_2,0.0,0.0,0.42676206516423887,0.8143803872706401,0.4055875807741133,0.7240814604942938,0.7489839993747223,0.9358433433465979,3.9201606167158638e-16,0.035248532522143945,0.0625,0.6708984375,True,True,True,True,True,True,True,True,True,True,True,True
1478,qpeexact_6_Mutant_Add_t_P23_Q4_[].qasm,PureState_3,0.0,0.0,0.3978596362193049,0.9148967314412396,0.3806785486841821,0.7931026525216733,0.46193976625564304,0.9951687180558607,3.7928925791179893e-16,0.00042312880048345214,0.66015625,0.98828125,True,True,True,True,True,True,True,True,True,True,True,True
1479,qpeexact_6_Mutant_Add_t_P23_Q4_[].qasm,Quratest_3,0.0,0.0,0.3810406569034732,0.907801471790813,0.36278317946443606,0.7861336811445933,0.40697205146786414,0.9767004704735545,0.23592859104657263,0.0028938594780721937,0.23828125,0.5126953125,True,True,True,True,True,True,True,True,True,True,True,True
1480,qpeexact_6_Mutant_Add_t_P23_Q4_[].qasm,PureState_4,0.0,0.0,0.7287294612923089,0.8541905416230178,0.6781696112472291,0.7640534693338238,0.8446231986207329,0.9817123933687709,2.770238328601345e-16,0.001920498390669001,0.14990234375,0.71044921875,True,True,True,True,True,True,True,True,True,True,True,True
1481,qpeexact_6_Mutant_Add_t_P23_Q4_[].qasm,Quratest_4,3.1543442380425965e-22,0.0,0.046193591797169815,0.9062240844050757,0.04617120699424272,0.7844823172480716,0.07731166756700111,0.9745090199773551,0.9865232671582083,0.0018756963804733456,0.02392578125,0.642578125,True,True,False,True,False,True,True,True,True,True,True,True
1482,qpeexact_6_Mutant_Add_t_P23_Q4_[].qasm,PureState_5,0.0,0.0,0.8514389405712621,0.9501116864107776,0.7603087943047807,0.8106964217395772,0.9209228812630899,0.9993045785146724,3.9903997471624967e-16,0.00027788747110113466,0.0380859375,0.67626953125,True,True,True,True,True,True,True,True,True,True,True,True
1483,qpeexact_6_Mutant_Add_t_P23_Q4_[].qasm,Quratest_5,0.0,0.0,0.4806840816503147,0.8594481196015563,0.4563869211304878,0.7592043960977931,0.6296486731820763,0.956559527493164,0.03240206935951428,0.01314925644267933,0.03759765625,0.68701171875,True,True,True,True,True,True,True,True,True,True,True,True
1484,qpeexact_6_Mutant_Add_t_P23_Q4_[].qasm,PureState_6,0.0,0.0,0.4733982384444229,0.9934603644179678,0.45732677249234766,0.8306532020104661,0.5798459091621597,0.999811089198569,3.8690370085716774e-16,5.30576347513979e-06,1.0185546875,1.173828125,True,True,True,True,True,True,True,True,True,True,True,True
1485,qpeexact_6_Mutant_Add_t_P23_Q4_[].qasm,Quratest_6,0.0,0.0,0.7194180349265318,0.6195525047101856,0.6457863968597569,0.5479428898610192,0.9393284701049895,0.6631331015550329,3.9418752385048974e-16,0.27672926235011214,0.47314453125,0.4072265625,True,True,True,True,True,True,True,True,True,True,True,True
1486,qpeexact_6_Mutant_Add_t_P23_Q4_[].qasm,PureState_7,0.0,0.0,0.47056997371729603,0.9938129963605769,0.4546796210455969,0.8303276876541102,0.5798459091621598,0.999811089198569,3.9165700328424596e-16,5.285054686848883e-06,1.0185546875,1.173828125,True,True,True,True,True,True,True,True,True,True,True,True
1487,qpeexact_6_Mutant_Add_t_P23_Q4_[].qasm,Quratest_7,0.0,0.0,0.4275139885105622,0.9190322176888741,0.4141512378432192,0.792180587444563,0.5467279936491423,0.9892623889796119,0.0064898147731067566,0.0004184941022749018,0.01123046875,0.65185546875,True,True,True,True,True,True,True,True,True,True,True,True
1488,qpeexact_6_Mutant_Add_t_P23_Q4_[].qasm,PureState_8,0.0,0.0,0.28030344304418503,0.9913507437545571,0.2650329394733016,0.8303784285597895,0.28587700855732034,0.9998253413384679,3.52416891378574e-16,9.78457148527421e-07,0.345703125,0.45947265625,True,True,True,True,True,True,True,True,True,True,True,True
1489,qpeexact_6_Mutant_Add_t_P23_Q4_[].qasm,Quratest_8,0.0,0.0,0.21919307966183127,0.9280592306804625,0.2147938197076857,0.7934766007467579,0.28464070318117085,0.9800780927445408,0.06751613208406154,0.0004602136827511222,0.09130859375,0.583984375,True,True,True,True,True,True,True,True,True,True,True,True
1490,qpeexact_6_Mutant_Add_t_P23_Q4_[].qasm,PureState_9,0.0,0.0,0.7321396356673053,0.9541997967616627,0.6808818129248538,0.810176273454968,0.8446231986207328,0.9939803278377809,3.9967423180374414e-16,0.0024252216531271365,0.0009765625,0.630859375,True,True,True,True,True,True,True,True,True,True,True,True
1491,qpeexact_6_Mutant_Add_t_P23_Q4_[].qasm,Quratest_9,0.0,0.0,0.42985378633921034,0.8578557162836147,0.41215008542084275,0.7524470429206952,0.450633249934399,0.9627906781058878,0.048162009713521754,0.0034474112214349898,0.43212890625,0.85107421875,True,True,True,True,True,True,True,True,True,True,True,True
1492,qpeexact_6_Mutant_Add_t_P23_Q4_[].qasm,PureState_10,0.0,0.0,0.5472588651783354,0.9528638517975029,0.5314593350796273,0.8104085860941218,0.7071067811865472,0.9940209969766891,3.93572896700464e-16,0.002520613715703392,1.42431640625,1.34326171875,True,True,True,True,True,True,True,True,True,True,True,True
1493,qpeexact_6_Mutant_Add_t_P23_Q4_[].qasm,Quratest_10,0.0,0.0,0.3801740502824187,0.8142918748463838,0.3639298316718152,0.7340222461563588,0.6090953465919947,0.9554030226231467,0.008537450390628722,0.010359058271709826,0.19921875,0.5380859375,True,True,True,True,True,True,True,True,True,True,True,True
1494,qpeexact_6_Mutant_Add_t_P23_Q4_[].qasm,PureState_11,0.0,0.0,0.4737271431985329,0.9859368659648899,0.4574098215802966,0.8279952112219802,0.57984590916216,0.9970910946111174,4.0279858688521335e-16,3.207633004382018e-05,1.0185546875,0.1552734375,True,True,True,True,True,True,True,True,True,True,True,True
1495,qpeexact_6_Mutant_Add_t_P23_Q4_[].qasm,Quratest_11,0.0,0.0,0.6332157178517518,0.912937993276799,0.6002477357403773,0.7913229616043514,0.815266058062769,0.981037216715684,3.9829793944608757e-16,0.0008667176092958407,0.14501953125,0.5869140625,True,True,True,True,True,True,True,True,True,True,True,True
1496,qpeexact_6_Mutant_Add_t_P23_Q4_[].qasm,PureState_12,0.8258705755794176,0.0,0.0007778184519977745,0.9949939740827594,0.0007778184127464945,0.8320246488223718,1.1102230246251565e-16,0.9999953649742838,3.5478163907941685e-16,2.317559568697782e-06,0.0,0.63525390625,False,True,False,True,False,True,False,True,True,True,False,True
1497,qpeexact_6_Mutant_Add_t_P23_Q4_[].qasm,Quratest_12,0.0,0.0,0.45835866484104437,0.8859930230521355,0.4344249997872563,0.7759305909653903,0.5227895841634462,0.968178040703142,0.07352397025132495,0.0062657386963501285,0.79052734375,1.046875,True,True,True,True,True,True,True,True,True,True,True,True
1498,qpeexact_6_Mutant_Add_t_P23_Q4_[].qasm,PureState_13,0.0,0.0,0.5413759764623807,0.9971235817858595,0.5260885127609548,0.8316703286109961,0.7071067811865471,0.999995333446867,3.884440838732231e-16,3.617445512724787e-07,1.42431640625,0.0810546875,True,True,True,True,True,True,True,True,True,True,True,True
1499,qpeexact_6_Mutant_Add_t_P23_Q4_[].qasm,Quratest_13,0.0,0.0,0.3083880291765545,0.9544415626894447,0.29305259599422245,0.8118813578295702,0.3223857522551177,0.9884865990546947,0.11485453761151118,0.0002508206338529312,0.24658203125,0.51025390625,True,True,True,True,True,True,True,True,True,True,True,True
1500,qpeexact_6_Mutant_Add_t_P23_Q4_[].qasm,PureState_14,0.0,0.0,0.40166971286649744,0.9834347714820656,0.38285292348005,0.8280898463634552,0.46193976625564315,0.997091913593253,3.989204677615435e-16,3.7212570399995387e-05,0.00830078125,0.66748046875,True,True,True,True,True,True,True,True,True,True,True,True
1501,qpeexact_6_Mutant_Add_t_P23_Q4_[].qasm,Quratest_14,0.0,0.0,0.3637697208001847,0.8551798476687454,0.3514799413790675,0.7514773182049299,0.47416747857961783,0.9618199665993192,0.060484487074708,0.002807336418176554,0.1376953125,0.56494140625,True,True,True,True,True,True,True,True,True,True,True,True
1502,qpeexact_6_Mutant_Add_t_P23_Q4_[].qasm,PureState_15,0.0,0.0,0.6514640889851676,0.9936707722637432,0.6106849286087528,0.8302447759204039,0.7762696487589352,0.9991611559916207,4.1309831529993133e-16,9.22749583982435e-06,1.01953125,1.15478515625,True,True,True,True,True,True,True,True,True,True,True,True
1503,qpeexact_6_Mutant_Add_t_P23_Q4_[].qasm,Quratest_15,0.0,0.0,0.42640103193221424,0.9803770515082628,0.4116196650746147,0.8218798233128447,0.6304526566163258,0.9932245941506372,0.047025639941655255,8.563441067366677e-05,0.39892578125,0.85498046875,True,True,True,True,True,True,True,True,True,True,True,True
1504,qpeexact_6_Mutant_Add_t_P23_Q4_[].qasm,PureState_16,0.0,0.0,0.29062671031363274,0.9871289215847036,0.27510325748996856,0.824623403416631,0.2858770085573203,0.9939393820619828,3.9433968259958474e-16,0.0001046994744841075,0.19384765625,0.73486328125,True,True,True,True,True,True,True,True,True,True,True,True
1505,qpeexact_6_Mutant_Add_t_P23_Q4_[].qasm,Quratest_16,0.0,0.0,0.4470112817118808,0.88915093685691,0.42262318599449206,0.7698919434182504,0.6863926819157289,0.9694842860924374,0.04406020183699913,0.0020960422159831656,0.158203125,0.5556640625,True,True,True,True,True,True,True,True,True,True,True,True
1506,qpeexact_6_Mutant_Add_t_P23_Q4_[].qasm,PureState_17,0.0,0.0,1.0,0.9929037538333052,0.8325546111576977,0.8319828431172546,0.9999999999999994,0.9999953956785472,3.996805325726166e-16,4.604387280496456e-06,2.0,1.64794921875,True,True,True,True,True,True,True,True,True,True,True,True
1507,qpeexact_6_Mutant_Add_t_P23_Q4_[].qasm,Quratest_17,0.0,0.0,0.518714576936563,0.8434613438271806,0.4980489275608138,0.7519204331125658,0.7094907382922176,0.9627185573653019,0.09176935739375378,0.005831585613197008,0.04931640625,0.67431640625,True,True,True,True,True,True,True,True,True,True,True,True
1508,qpeexact_6_Mutant_Add_t_P23_Q4_[].qasm,PureState_18,0.0,0.0,0.6513824552434341,0.9764018293807707,0.6120139865669877,0.8183537594248224,0.7762696487589352,0.9993045785146722,4.000864805589194e-16,4.86897811479159e-05,0.0107421875,0.6357421875,True,True,True,True,True,True,True,True,True,True,True,True
1509,qpeexact_6_Mutant_Add_t_P23_Q4_[].qasm,Quratest_18,0.0,0.0,0.2386167095785843,0.9226300948487215,0.23464968503322833,0.7979433709466638,0.4770404029633228,0.9845081982997875,0.0441374062835208,0.0006661211161529429,0.5078125,0.40234375,True,True,True,True,True,True,True,True,True,True,True,True
1510,qpeexact_6_Mutant_Add_t_P23_Q4_[].qasm,PureState_19,0.0,0.0,0.7319570448830083,0.9861348794316673,0.6800864981742855,0.8248059673354704,0.8446231986207324,0.993980327837781,3.9775880439928705e-16,0.00011512359110023637,0.0009765625,0.6298828125,True,True,True,True,True,True,True,True,True,True,True,True
1511,qpeexact_6_Mutant_Add_t_P23_Q4_[].qasm,Quratest_19,0.0,0.0,0.1659283346766565,0.8997541744626365,0.16489517222610686,0.7849693981564182,0.3188690463435996,0.9758564478803486,0.8035827795502891,0.006752906830668021,0.32958984375,0.478515625,True,True,True,True,True,True,True,True,True,True,True,True
1512,qpeexact_6_Mutant_Add_t_P23_Q4_[].qasm,PureState_20,0.0,0.0,0.2915257071795876,0.9852808191792941,0.2739402382722531,0.8240154471229456,0.28587700855732023,0.9939393820619827,5.042358946622456e-16,0.00010447400000424947,0.19384765625,0.73486328125,True,True,True,True,True,True,True,True,True,True,True,True
1513,qpeexact_6_Mutant_Add_t_P23_Q4_[].qasm,Quratest_20,0.0,0.0,0.6277374508265819,0.8113187607085215,0.5888979674662238,0.7248725501659924,0.725007200116806,0.9324234236611194,0.0033408618027609208,0.044294211469245295,0.33447265625,0.802734375,True,True,True,True,True,True,True,True,True,True,True,True
1514,qpeexact_6_Mutant_Add_t_P23_Q4_[].qasm,PureState_21,0.0,0.0,0.842638554919492,0.9531547802520444,0.7558877019822927,0.8092022290005251,0.9209228812630896,0.9939393820619833,3.9865624802847433e-16,0.0024003558751973107,1.400390625,1.32861328125,True,True,True,True,True,True,True,True,True,True,True,True
1515,qpeexact_6_Mutant_Add_t_P23_Q4_[].qasm,Quratest_21,0.0,0.0,0.43192978529698567,0.8457335083333677,0.41856771368690304,0.7538697292132928,0.7018880078753474,0.9593081437399009,0.00622732882711511,0.004256852128319398,0.10546875,0.68359375,True,True,True,True,True,True,True,True,True,True,True,True
1516,qpeexact_6_Mutant_Add_t_P23_Q4_[].qasm,PureState_22,0.0,0.0,0.392898177045793,0.7923802871070288,0.3772960342066806,0.7153047189349758,0.46193976625564315,0.927519205537586,3.756919561655584e-16,0.007234783693059023,0.66015625,0.328125,True,True,True,True,True,True,True,True,True,True,True,True
1517,qpeexact_6_Mutant_Add_t_P23_Q4_[].qasm,Quratest_22,0.0,0.0,0.23333854565593284,0.8562478791916718,0.23073140911536355,0.7559927322945466,0.2853616543154633,0.9770859880568366,0.7082843343640295,0.00482660482081019,0.2255859375,0.76904296875,True,True,True,True,True,True,True,True,True,True,True,True
1518,qpeexact_6_Mutant_Add_t_P23_Q4_[].qasm,PureState_23,0.0,0.0,0.8461658927254379,0.9944538384261569,0.7580942584463017,0.8289139777686376,0.9209228812630896,0.995893721113085,3.996234595330226e-16,4.0252887442590016e-05,1.400390625,0.07177734375,True,True,True,True,True,True,True,True,True,True,True,True
1519,qpeexact_6_Mutant_Add_t_P23_Q4_[].qasm,Quratest_23,0.0,0.0,0.47294027469252053,0.8169193629060547,0.4565991791977569,0.7272226021777163,0.6815870525571521,0.9286579377296993,3.9573978876885633e-16,0.039535103321734634,0.1923828125,0.552734375,True,True,True,True,True,True,True,True,True,True,True,True
1520,qpeexact_6_Mutant_Add_t_P23_Q4_[].qasm,PureState_24,0.0,0.0,0.5386284199253024,0.997615982049247,0.5236094578518797,0.8319660263320059,0.7071067811865472,0.9999953334468672,3.7863936014893723e-16,3.6598155179567926e-07,1.42431640625,0.0810546875,True,True,True,True,True,True,True,True,True,True,True,True
1521,qpeexact_6_Mutant_Add_t_P23_Q4_[].qasm,Quratest_24,0.0,0.0,0.6376500849762711,0.8576690229141698,0.5979443698548368,0.762574299585739,0.7693745077317039,0.972485935858963,0.09652809427304751,0.003378442715559036,0.23095703125,0.546875,True,True,True,True,True,True,True,True,True,True,True,True
1522,qpeexact_6_Mutant_Add_t_P23_Q4_[].qasm,PureState_25,0.0,0.0,0.8507607195093114,0.9873231061337008,0.7604538925190772,0.8278622493464644,0.9209228812630899,0.9993045785146724,3.932586309682099e-16,4.613403805268571e-06,0.0380859375,0.63818359375,True,True,True,True,True,True,True,True,True,True,True,True
1523,qpeexact_6_Mutant_Add_t_P23_Q4_[].qasm,Quratest_25,0.0,0.0,0.18619080727145546,0.9664420930927705,0.18261163312183917,0.8170499972276931,0.19683614454883444,0.9923923086449795,0.7925085862865808,9.052935423656564e-05,0.1923828125,0.546875,True,True,True,True,True,True,True,True,True,True,True,True
1524,qpeexact_6_Mutant_Add_t_P23_Q4_[].qasm,PureState_26,0.0,0.0,0.2875050107798886,0.9826443018475581,0.2710182997965744,0.8232318090869205,0.2858770085573203,0.9993045785146724,3.917079969745008e-16,1.205835639739752e-05,0.345703125,0.80517578125,True,True,True,True,True,True,True,True,True,True,True,True
1525,qpeexact_6_Mutant_Add_t_P23_Q4_[].qasm,Quratest_26,0.0,0.0,0.287953437650256,0.9716650950345459,0.2828260794652548,0.8184821370642684,0.4043744983385259,0.9957516694720847,0.4723680381375849,5.813266312966661e-05,0.34130859375,0.8056640625,True,True,True,True,True,True,True,True,True,True,True,True
1526,qpeexact_6_Mutant_Add_t_P23_Q4_[].qasm,PureState_27,0.0,0.0,0.7428548095514493,0.5008794976742692,0.6883687049505677,0.46401924490697344,0.8446231986207329,0.8984528369001343,2.8087498424998606e-16,0.04113484014705551,0.14990234375,0.560546875,True,True,True,True,True,True,True,True,True,True,True,True
1527,qpeexact_6_Mutant_Add_t_P23_Q4_[].qasm,Quratest_27,0.0,0.0,0.36004432163992656,0.6368677952421606,0.3528617057501337,0.5716991962962842,0.4673897705431781,0.8967113623922629,0.35661120226175347,0.02095788703382959,0.05224609375,0.65380859375,True,True,True,True,True,True,True,True,True,True,True,True
1528,qpeexact_6_Mutant_Add_t_P23_Q4_[].qasm,PureState_28,0.0,0.0,0.7402484079187979,0.9807245958419181,0.6868499929095913,0.8236144392908771,0.8446231986207325,0.993980327837781,3.979721010184684e-16,0.00011466937668046196,0.0009765625,0.6298828125,True,True,True,True,True,True,True,True,True,True,True,True
1529,qpeexact_6_Mutant_Add_t_P23_Q4_[].qasm,Quratest_28,0.0,0.0,0.2705210159312334,0.8987177717383301,0.26503001924248065,0.779620902139611,0.3204567784163198,0.9662079561422149,0.16517177445876413,0.00219354978067728,0.2568359375,0.5517578125,True,True,True,True,True,True,True,True,True,True,True,True
1530,qpeexact_6_Mutant_Add_t_P23_Q4_[].qasm,PureState_29,0.0,0.0,1.0,0.21203946281656322,0.8325546111576977,0.17741018632227404,0.9999999999999997,0.1328304784666978,9.992019909263204e-17,0.8671695386894747,2.0,0.35205078125,True,True,True,True,True,True,True,True,True,True,True,True
1531,qpeexact_6_Mutant_Add_t_P23_Q4_[].qasm,Quratest_29,0.0,0.0,0.3575570944947927,0.8487099762671125,0.3499611946155793,0.7497700190301995,0.4199397795811696,0.9746462737422101,0.009615602908108225,0.00224461001172972,0.3271484375,0.4814453125,True,True,True,True,True,True,True,True,True,True,True,True
1532,qpeexact_6_Mutant_Add_t_P23_Q4_[].qasm,PureState_30,0.0,0.0,0.547346033269048,0.9719552710272267,0.5315392227125351,0.819405696892118,0.7071067811865472,0.994020996976689,3.9728123419500215e-16,0.0004634605128999409,1.42431640625,0.0810546875,True,True,True,True,True,True,True,True,True,True,True,True
1533,qpeexact_6_Mutant_Add_t_P23_Q4_[].qasm,Quratest_30,8.756754554581638e-132,0.0,0.09079881407398416,0.6560870606634518,0.09064211731201922,0.5961869419295599,0.11071906309673342,0.7771570277564592,0.8708094572414403,0.17118769123515004,0.06005859375,0.7021484375,True,True,False,True,False,True,True,True,True,True,True,True
1534,qpeexact_6_Mutant_Add_t_P23_Q4_[].qasm,PureState_31,0.0,0.0,0.546675310084518,0.9538419370511513,0.5309362221077534,0.8106820868536642,0.7071067811865472,0.9940209969766883,3.9937138032722277e-16,0.0025260422189769998,1.42431640625,1.34326171875,True,True,True,True,True,True,True,True,True,True,True,True
1535,qpeexact_6_Mutant_Add_t_P23_Q4_[].qasm,Quratest_31,0.0,0.0,0.5252288432530485,0.918690183612965,0.4951965960050631,0.7858440718051884,0.7389953071441404,0.9726649383345631,0.0014964755769678853,0.002362245630913066,0.5810546875,0.357421875,True,True,True,True,True,True,True,True,True,True,True,True
1536,qpeexact_6_Mutant_Replace_s_P2_Q2_[].qasm,PureState_0,0.1595326931994473,0.0,0.0114131370804387,0.4995373293503933,0.011411938567435224,0.46222695567166155,2.168404344971009e-16,0.8984528369005413,0.5000000000000071,0.04128417729592947,0.0,0.560546875,True,True,False,True,False,True,False,True,True,True,False,True
1537,qpeexact_6_Mutant_Replace_s_P2_Q2_[].qasm,Quratest_0,0.0,0.0,0.26132641053604694,0.8031977617977422,0.2565096637075249,0.7352331919343085,0.3064858574911321,0.9658296303129534,0.3425809557622139,0.00399650672588232,0.025390625,0.26708984375,True,True,True,True,True,True,True,True,True,True,True,True
1538,qpeexact_6_Mutant_Replace_s_P2_Q2_[].qasm,PureState_1,0.0,0.0,0.27914763544078985,0.9917087622639529,0.2759780838669556,0.8298861237253321,0.3535533905932736,0.9993046878843495,0.5000000000000087,9.186005078432431e-07,0.001953125,0.625,True,True,True,True,True,True,True,True,True,True,True,True
1539,qpeexact_6_Mutant_Replace_s_P2_Q2_[].qasm,Quratest_1,0.0,0.0,0.3008358864174215,0.7938347761343473,0.2970449081247377,0.7149785373933198,0.3987064580965136,0.9346534963338607,0.28239496968562944,0.02014103391105217,0.27294921875,0.8740234375,True,True,True,True,True,True,True,True,True,True,True,True
1540,qpeexact_6_Mutant_Replace_s_P2_Q2_[].qasm,PureState_2,0.0,0.0,0.280395813939084,0.9886991409283153,0.2772119142892995,0.8278816791769994,0.35355339059327356,0.9993045785146722,0.5000000000000089,4.61207822021771e-06,0.01123046875,0.63818359375,True,True,True,True,True,True,True,True,True,True,True,True
1541,qpeexact_6_Mutant_Replace_s_P2_Q2_[].qasm,Quratest_2,0.0,0.0,0.23736789337494993,0.818433891899149,0.23269127036090206,0.7266597611644724,0.2541502463057811,0.9358433433430777,0.2634403453341306,0.035248532835070776,0.01171875,0.6708984375,True,True,True,True,True,True,True,True,True,True,True,True
1542,qpeexact_6_Mutant_Replace_s_P2_Q2_[].qasm,PureState_3,0.5155894381932538,0.0,0.008895517400006147,0.9105122465176437,0.00889377122609543,0.7906179587562033,1.5330618718945035e-16,0.9951687180558688,0.500000000000009,0.00042312880048175693,0.0,0.98828125,False,True,False,True,False,True,False,True,True,True,False,True
1543,qpeexact_6_Mutant_Replace_s_P2_Q2_[].qasm,Quratest_3,1.3141067493114196e-182,0.0,0.1319837299696147,0.9104510188056107,0.12611599845536628,0.7848249440006125,0.08492626236750803,0.9767004704731089,0.534578177458992,0.0028938594843718715,0.013671875,0.5126953125,True,True,False,True,True,True,True,True,True,True,True,True
1544,qpeexact_6_Mutant_Replace_s_P2_Q2_[].qasm,PureState_4,0.28604647904500796,0.0,0.01007619040541743,0.8600475346227217,0.010074191659781802,0.766968572737388,8.326672684688677e-17,0.9817123933687791,0.5000000000000087,0.0019204983906613087,0.0,0.71044921875,True,True,False,True,False,True,False,True,True,True,False,True
1545,qpeexact_6_Mutant_Replace_s_P2_Q2_[].qasm,Quratest_4,0.0,0.0,0.16887997014832998,0.9085263662563734,0.1669935474069558,0.7841124295780543,0.27964954585804513,0.9745090199768867,0.5104413388467234,0.0018756964009356719,0.0302734375,0.642578125,True,True,True,True,True,True,True,True,True,True,True,True
1546,qpeexact_6_Mutant_Replace_s_P2_Q2_[].qasm,PureState_5,0.0,0.0,0.279096143549128,0.9489070089029312,0.27592996578154644,0.8104309359170898,0.3535533905932737,0.9993045785146724,0.5000000000000081,0.0002778874698897809,0.01123046875,0.67626953125,True,True,True,True,True,True,True,True,True,True,True,True
1547,qpeexact_6_Mutant_Replace_s_P2_Q2_[].qasm,Quratest_5,0.0,0.0,0.26760211454771266,0.8570086250300203,0.2634585477579788,0.7582549787060355,0.34312469509959165,0.956559527492737,0.2540877787791362,0.013149256448814744,0.0224609375,0.68701171875,True,True,True,True,True,True,True,True,True,True,True,True
1548,qpeexact_6_Mutant_Replace_s_P2_Q2_[].qasm,PureState_6,0.0,0.0,0.2771717989954507,0.994621291694407,0.27404023607885925,0.830673744858759,0.3535533905932736,0.9998110891985454,0.5000000000000087,5.305763429374875e-06,0.30224609375,1.173828125,True,True,True,True,True,True,True,True,True,True,True,True
1549,qpeexact_6_Mutant_Replace_s_P2_Q2_[].qasm,Quratest_6,0.0,0.0,0.37116947076644585,0.6194710470164779,0.35150197484913476,0.5468092968656587,0.41626357046452545,0.6631331015514831,0.41779682801203005,0.27672926220674265,0.234375,0.4072265625,True,True,True,True,True,True,True,True,True,True,True,True
1550,qpeexact_6_Mutant_Replace_s_P2_Q2_[].qasm,PureState_7,0.0,0.0,0.2798475839066816,0.9950115946360867,0.27672131045148796,0.8308896766646295,0.35355339059327356,0.9998110891985454,0.5000000000000087,5.285054733189181e-06,0.30224609375,1.173828125,True,True,True,True,True,True,True,True,True,True,True,True
1551,qpeexact_6_Mutant_Replace_s_P2_Q2_[].qasm,Quratest_7,0.0,0.0,0.23048748929828974,0.9196061428486424,0.2228749170877442,0.7933069685704773,0.17550029635293807,0.9892623889795175,0.4789700834367937,0.00041849410263264494,0.04736328125,0.65185546875,True,True,True,True,True,True,True,True,True,True,True,True
1552,qpeexact_6_Mutant_Replace_s_P2_Q2_[].qasm,PureState_8,0.0,0.0,0.27060096607308903,0.9939208818514856,0.2678036597742256,0.8308474403122231,0.3535533905932736,0.9998253413384652,0.5000000000000089,9.784571443537659e-07,0.10791015625,0.45947265625,True,True,True,True,True,True,True,True,True,True,True,True
1553,qpeexact_6_Mutant_Replace_s_P2_Q2_[].qasm,Quratest_8,0.0,0.0,0.3174445045607616,0.9276961179562031,0.3048953050417981,0.7933177917212603,0.39081336565756797,0.9800780927444938,0.2644265783280437,0.0004602136812967238,0.07958984375,0.583984375,True,True,True,True,True,True,True,True,True,True,True,True
1554,qpeexact_6_Mutant_Replace_s_P2_Q2_[].qasm,PureState_9,0.008918223816230537,0.0,0.01565758532642908,0.9543822131457783,0.015652987181704735,0.8105341877397539,1.249000902703301e-16,0.9939803278342361,0.5000000000000089,0.002425221654555279,0.0,0.630859375,True,True,False,True,False,True,False,True,True,True,False,True
1555,qpeexact_6_Mutant_Replace_s_P2_Q2_[].qasm,Quratest_9,0.0,0.0,0.1988653773529706,0.84891700574954,0.19022271803603308,0.7496344191590539,0.15419425883288188,0.9627906781054865,0.4616637204073765,0.0034474111874087925,0.0302734375,0.85107421875,True,True,True,True,True,True,True,True,True,True,True,True
1556,qpeexact_6_Mutant_Replace_s_P2_Q2_[].qasm,PureState_10,0.0,0.0,0.5454945894192368,0.9538039924067441,0.46841679045974377,0.8094514641552693,0.49999999999999983,0.9940209969767129,0.5000000000000075,0.002520613715693285,0.8359375,1.34326171875,True,True,True,True,True,True,True,True,True,True,True,True
1557,qpeexact_6_Mutant_Replace_s_P2_Q2_[].qasm,Quratest_10,0.0,0.0,0.20150833076258357,0.8199042788850069,0.19873822579422967,0.7352968524560435,0.23812901202279466,0.9554030226227219,0.8353147857904766,0.010359058259604795,0.1953125,0.5380859375,True,True,True,True,True,True,True,True,True,True,True,True
1558,qpeexact_6_Mutant_Replace_s_P2_Q2_[].qasm,PureState_11,0.0,0.0,0.2761531208510739,0.9869254296681376,0.2730755981139455,0.8280058965140669,0.35355339059327373,0.9970910946110938,0.5000000000000094,3.20763295323047e-05,0.2978515625,0.1552734375,True,True,True,True,True,True,True,True,True,True,True,True
1559,qpeexact_6_Mutant_Replace_s_P2_Q2_[].qasm,Quratest_11,0.0,0.0,0.29629139848368696,0.909691636383891,0.2891186935493785,0.7890632050550649,0.32864538209111416,0.9810372167155861,0.5416587900196291,0.0008667176228708177,0.10791015625,0.5869140625,True,True,True,True,True,True,True,True,True,True,True,True
1560,qpeexact_6_Mutant_Replace_s_P2_Q2_[].qasm,PureState_12,0.0,0.0,0.5368200976382702,0.993865425161768,0.46054346280087055,0.8317960920947831,0.4999999999999998,0.999995364974281,0.5000000000000087,2.3175595700595313e-06,0.34521484375,0.63525390625,True,True,True,True,True,True,True,True,True,True,True,True
1561,qpeexact_6_Mutant_Replace_s_P2_Q2_[].qasm,Quratest_12,0.0,0.0,0.33799480114057856,0.8854146179078369,0.3269722848846467,0.7757481753005351,0.37857984088701935,0.9681780406995941,0.26125458226861614,0.006265738973172446,0.38525390625,1.046875,True,True,True,True,True,True,True,True,True,True,True,True
1562,qpeexact_6_Mutant_Replace_s_P2_Q2_[].qasm,PureState_13,0.0,0.0,0.5440732563210743,0.9977726599319819,0.46714591286390605,0.8319782425245625,0.4999999999999999,0.9999953334468643,0.5000000000000085,3.6174455148821735e-07,0.88232421875,0.0810546875,True,True,True,True,True,True,True,True,True,True,True,True
1563,qpeexact_6_Mutant_Replace_s_P2_Q2_[].qasm,Quratest_13,0.0,0.0,0.22593620881071289,0.9562329354805649,0.22241455063942547,0.8132246632202752,0.27262769537735515,0.98848659905424,0.7567548731872635,0.0002508206367781881,0.00390625,0.51025390625,True,True,True,True,True,True,True,True,True,True,True,True
1564,qpeexact_6_Mutant_Replace_s_P2_Q2_[].qasm,PureState_14,0.07288109911403566,0.0,0.011479043081277793,0.9903343532742966,0.011455674353238377,0.8293874619087972,1.3552527156068805e-16,0.9970919135931817,0.5000000000000089,3.721257042192002e-05,0.0,0.66748046875,True,True,False,True,False,True,False,True,True,True,False,True
1565,qpeexact_6_Mutant_Replace_s_P2_Q2_[].qasm,Quratest_14,0.0,0.0,0.14602336140583352,0.8559724606656023,0.14454903669139213,0.7514516715959811,0.1391963392039414,0.9618199665957567,0.49730694393184877,0.002807336419583408,0.02099609375,0.56494140625,True,True,True,True,True,True,True,True,True,True,True,True
1566,qpeexact_6_Mutant_Replace_s_P2_Q2_[].qasm,PureState_15,0.0,0.0,0.28041785492356985,0.9941468597240815,0.27723408105029745,0.8303984869103808,0.3535533905932735,0.9991611559915975,0.5000000000000089,9.227495978640975e-06,0.61474609375,1.15478515625,True,True,True,True,True,True,True,True,True,True,True,True
1567,qpeexact_6_Mutant_Replace_s_P2_Q2_[].qasm,Quratest_15,0.0,0.0,0.26565793038199464,0.9815724710262217,0.263224811783918,0.8227246791265761,0.3634247506786564,0.9932245941506317,0.5345781774589844,8.563441044602352e-05,0.31396484375,0.85498046875,True,True,True,True,True,True,True,True,True,True,True,True
1568,qpeexact_6_Mutant_Replace_s_P2_Q2_[].qasm,PureState_16,0.0,0.0,0.27815152322513903,0.9846297608230061,0.27499047613448185,0.8238051372890747,0.3535533905932738,0.9939393820619828,0.5000000000000082,0.00010469947398327024,0.28173828125,0.73486328125,True,True,True,True,True,True,True,True,True,True,True,True
1569,qpeexact_6_Mutant_Replace_s_P2_Q2_[].qasm,Quratest_16,0.0,0.0,0.2641260336082192,0.8833371539128421,0.25244848559272803,0.7672484852865371,0.26784628568072544,0.9694842860885153,0.3177621103745166,0.00209604218812361,0.1796875,0.5556640625,True,True,True,True,True,True,True,True,True,True,True,True
1570,qpeexact_6_Mutant_Replace_s_P2_Q2_[].qasm,PureState_17,0.0,0.0,0.5415227240260699,0.9949874371066197,0.46479704256954246,0.8322479564657578,0.4999999999999997,0.9999953956785447,0.5000000000000087,4.6043872832009866e-06,0.8466796875,1.64794921875,True,True,True,True,True,True,True,True,True,True,True,True
1571,qpeexact_6_Mutant_Replace_s_P2_Q2_[].qasm,Quratest_17,0.0,0.0,0.4039593654332937,0.844225153820612,0.3760749806807611,0.752647348293384,0.4174554788070229,0.9627185573618019,0.5664615070767486,0.005831585682248368,0.6181640625,0.67431640625,True,True,True,True,True,True,True,True,True,True,True,True
1572,qpeexact_6_Mutant_Replace_s_P2_Q2_[].qasm,PureState_18,0.0,0.0,0.274325557220119,0.9757103509178958,0.2712616029720511,0.8178120035522185,0.3535533905932736,0.9993045785146722,0.5000000000000079,4.8689780945228936e-05,0.029296875,0.6357421875,True,True,True,True,True,True,True,True,True,True,True,True
1573,qpeexact_6_Mutant_Replace_s_P2_Q2_[].qasm,Quratest_18,0.0,0.0,0.2698835310672636,0.9206587959042501,0.2642977991378588,0.7957776918876251,0.3632983419516812,0.9845081982997169,0.6016235420938452,0.000666121115011064,0.19482421875,0.40234375,True,True,True,True,True,True,True,True,True,True,True,True
1574,qpeexact_6_Mutant_Replace_s_P2_Q2_[].qasm,PureState_19,0.0007167118662474525,0.0,0.01762719694335846,0.984165391207964,0.01762367078889731,0.8246808851561804,1.7867651802561113e-16,0.993980327834236,0.5000000000000082,0.00011512359116802639,0.0,0.6298828125,True,True,False,True,False,True,False,True,True,True,False,True
1575,qpeexact_6_Mutant_Replace_s_P2_Q2_[].qasm,Quratest_19,0.0,0.0,0.22721593328204243,0.8982211045631229,0.22447651375987823,0.7836389524047965,0.3388445632110143,0.9758564478798952,0.4177968280120315,0.006752906804965682,0.1416015625,0.478515625,True,True,True,True,True,True,True,True,True,True,True,True
1576,qpeexact_6_Mutant_Replace_s_P2_Q2_[].qasm,PureState_20,0.0,0.0,0.2787835540360095,0.9860893184650402,0.2755930401690076,0.8241939556838231,0.3535533905932737,0.9939393820619828,0.5000000000000084,0.00010447400050528984,0.28173828125,0.73486328125,True,True,True,True,True,True,True,True,True,True,True,True
1577,qpeexact_6_Mutant_Replace_s_P2_Q2_[].qasm,Quratest_20,0.0,0.0,0.28299332869328664,0.8133928249998348,0.2791901015810436,0.7265510805985711,0.33407422708983364,0.9324234236576112,0.2665210627095971,0.04429421118355686,0.02294921875,0.802734375,True,True,True,True,True,True,True,True,True,True,True,True
1578,qpeexact_6_Mutant_Replace_s_P2_Q2_[].qasm,PureState_21,0.0,0.0,0.28668061065744427,0.9543798137526052,0.2832163956891124,0.8099603734215808,0.3535533905932736,0.9939393820619833,0.5000000000000078,0.002400355871624721,0.58837890625,1.32861328125,True,True,True,True,True,True,True,True,True,True,True,True
1579,qpeexact_6_Mutant_Replace_s_P2_Q2_[].qasm,Quratest_21,0.0,0.0,0.34004841614917874,0.8422375483755508,0.3284241487110517,0.751607778564195,0.33588509323300375,0.9593081437360054,0.2698381726505959,0.004256852153457096,0.36279296875,0.68359375,True,True,True,True,True,True,True,True,True,True,True,True
1580,qpeexact_6_Mutant_Replace_s_P2_Q2_[].qasm,PureState_22,2.6083546105512524e-05,0.0,0.019984829545347846,0.7919795507827807,0.01998013537703871,0.7137695692068043,1.6176296413483726e-16,0.9275192055375944,0.5000000000000079,0.00723478369303003,0.0,0.328125,True,True,False,True,False,True,False,True,True,True,False,True
1581,qpeexact_6_Mutant_Replace_s_P2_Q2_[].qasm,Quratest_22,0.0,0.0,0.2217664764393264,0.8583041054523203,0.21854922900061555,0.756961206198884,0.24798749366063627,0.9770859880563436,0.30177981048954844,0.004826604867486624,0.11962890625,0.76904296875,True,True,True,True,True,True,True,True,True,True,True,True
1582,qpeexact_6_Mutant_Replace_s_P2_Q2_[].qasm,PureState_23,0.0,0.0,0.2707397767862305,0.9890668485120906,0.2677905745801743,0.8283984281683122,0.35355339059327373,0.995893721113062,0.5000000000000092,4.025288730683872e-05,0.61181640625,0.07177734375,True,True,True,True,True,True,True,True,True,True,True,True
1583,qpeexact_6_Mutant_Replace_s_P2_Q2_[].qasm,Quratest_23,0.0,0.0,0.15871812615755723,0.8153034486757224,0.15644790104793435,0.726911521804085,0.19091314967608491,0.9286579377261994,0.6465630267826615,0.03953510352416771,0.04443359375,0.552734375,True,True,True,True,True,True,True,True,True,True,True,True
1584,qpeexact_6_Mutant_Replace_s_P2_Q2_[].qasm,PureState_24,0.0,0.0,0.5402910954935979,0.9966268191774726,0.46369685533538324,0.8315017189691425,0.4999999999999998,0.9999953334468641,0.5000000000000089,3.659815520210853e-07,0.35400390625,0.0810546875,True,True,True,True,True,True,True,True,True,True,True,True
1585,qpeexact_6_Mutant_Replace_s_P2_Q2_[].qasm,Quratest_24,0.0,0.0,0.24572527399372593,0.8608502631573872,0.24406942899754727,0.7624538797108498,0.3429527229649974,0.972485935858538,0.43488284104604613,0.003378442761647556,0.30419921875,0.546875,True,True,True,True,True,True,True,True,True,True,True,True
1586,qpeexact_6_Mutant_Replace_s_P2_Q2_[].qasm,PureState_25,0.0,0.0,0.27652770247818037,0.989809657052727,0.2734578497637877,0.8288552439252835,0.3535533905932736,0.9993045785146725,0.5000000000000089,4.613403802313059e-06,0.01123046875,0.63818359375,True,True,True,True,True,True,True,True,True,True,True,True
1587,qpeexact_6_Mutant_Replace_s_P2_Q2_[].qasm,Quratest_25,0.0,0.0,0.38011074815105306,0.9704627887678445,0.37205351079282073,0.818428796952183,0.44794105629865766,0.992392308644882,0.5751320418396847,9.052935200541402e-05,0.20361328125,0.546875,True,True,True,True,True,True,True,True,True,True,True,True
1588,qpeexact_6_Mutant_Replace_s_P2_Q2_[].qasm,PureState_26,0.0,0.0,0.2740162197621109,0.9856068026034908,0.2710027341777978,0.8239590848703787,0.3535533905932735,0.9993045785146721,0.5000000000000084,1.2058356441649305e-05,0.08544921875,0.80517578125,True,True,True,True,True,True,True,True,True,True,True,True
1589,qpeexact_6_Mutant_Replace_s_P2_Q2_[].qasm,Quratest_26,0.0,0.0,0.23679493184269979,0.9695455356832727,0.23376036782510884,0.8177804623302579,0.2781607146478733,0.995751669472052,0.28824409587041255,5.813266230576743e-05,0.11083984375,0.8056640625,True,True,True,True,True,True,True,True,True,True,True,True
1590,qpeexact_6_Mutant_Replace_s_P2_Q2_[].qasm,PureState_27,0.12952274252732418,0.0,0.01144690499775601,0.5029171633890639,0.011443434268399534,0.46482310843986147,5.2041704279304225e-17,0.8984528369005411,0.5000000000000068,0.04113484014689085,0.0,0.560546875,True,True,False,True,False,True,False,True,True,True,False,True
1591,qpeexact_6_Mutant_Replace_s_P2_Q2_[].qasm,Quratest_27,0.0,0.0,0.23469882134481812,0.6323336923424921,0.2322575923255514,0.5711407944694705,0.2601819222201479,0.8967113623922625,0.6788376680967176,0.020957887185254574,0.00048828125,0.65380859375,True,True,True,True,True,True,True,True,True,True,True,True
1592,qpeexact_6_Mutant_Replace_s_P2_Q2_[].qasm,PureState_28,4.676183258852257e-06,0.0,0.020664041596528578,0.9820355900982982,0.0206546306753311,0.8238290553175359,2.5153490401663703e-16,0.9939803278342361,0.500000000000009,0.00011466937674797652,0.0,0.6298828125,True,True,False,True,False,True,False,True,True,True,False,True
1593,qpeexact_6_Mutant_Replace_s_P2_Q2_[].qasm,Quratest_28,0.0,0.0,0.32019180386358603,0.897272472807099,0.3133536944351552,0.7787671632666131,0.49481674696434375,0.9662079561383405,0.3347753790087192,0.002193549822745394,0.138671875,0.5517578125,True,True,True,True,True,True,True,True,True,True,True,True
1594,qpeexact_6_Mutant_Replace_s_P2_Q2_[].qasm,PureState_29,0.0,0.0,0.5496130480105348,0.20603651530220182,0.472126803612387,0.17234027317237513,0.4999999999999999,0.13283047847017138,0.5000000000000073,0.8671695386860014,0.859375,0.35205078125,True,True,True,True,True,True,True,True,True,True,True,True
1595,qpeexact_6_Mutant_Replace_s_P2_Q2_[].qasm,Quratest_29,0.0,0.0,0.2661411569388355,0.8517781190031964,0.26188951525384513,0.7503227911754891,0.31336662410443034,0.9746462737417878,0.2699906639398366,0.0022446099644865673,0.060546875,0.4814453125,True,True,True,True,True,True,True,True,True,True,True,True
1596,qpeexact_6_Mutant_Replace_s_P2_Q2_[].qasm,PureState_30,0.0,0.0,0.5406695155445714,0.9725065396158792,0.4640369626936625,0.8179357116857527,0.4999999999999997,0.9940209969767128,0.5000000000000089,0.00046346051289807873,0.88232421875,0.0810546875,True,True,True,True,True,True,True,True,True,True,True,True
1597,qpeexact_6_Mutant_Replace_s_P2_Q2_[].qasm,Quratest_30,0.0,0.0,0.18195491760972712,0.6522537175021579,0.18036111777535835,0.5939189547854168,0.3349444113850345,0.7771570277525846,0.3006679530421594,0.17118769187713784,0.00634765625,0.7021484375,True,True,True,True,True,True,True,True,True,True,True,True
1598,qpeexact_6_Mutant_Replace_s_P2_Q2_[].qasm,PureState_31,0.0,0.0,0.5429504082639667,0.9532571013120127,0.466100343924722,0.8107681124348856,0.4999999999999998,0.9940209969767126,0.500000000000009,0.002526042218966874,0.36279296875,1.34326171875,True,True,True,True,True,True,True,True,True,True,True,True
1599,qpeexact_6_Mutant_Replace_s_P2_Q2_[].qasm,Quratest_31,0.0,0.0,0.35009876727837663,0.9095201352597794,0.33768816968385423,0.782044600605861,0.4170898102092695,0.9726649383306362,0.4230976986129445,0.002362245706141686,0.16796875,0.357421875,True,True,True,True,True,True,True,True,True,True,True,True
1600,qpeexact_6_Mutant_Replace_y_P3_Q3_[].qasm,PureState_0,0.0,0.0,0.5454738591786402,0.5028344807804903,0.4684055545654379,0.4645625722485869,0.4999999999999999,0.8984528369005409,0.5000000000000075,0.04128417729592942,0.46337890625,0.560546875,True,True,True,True,True,True,True,True,True,True,True,True
1601,qpeexact_6_Mutant_Replace_y_P3_Q3_[].qasm,Quratest_0,0.0,0.0,0.5076618569270799,0.8060498816293205,0.4748528412708471,0.7361735931964626,0.5590946804825097,0.9658296303129532,0.3010063060744965,0.003996506725882296,0.5078125,0.26708984375,True,True,True,True,True,True,True,True,True,True,True,True
1602,qpeexact_6_Mutant_Replace_y_P3_Q3_[].qasm,PureState_1,0.49644068530595176,0.0,0.013055416326949768,0.995269628401259,0.01304884851018209,0.8305883772304307,2.2703193491846463e-16,0.999304687884349,0.5000000000000089,9.186005078433226e-07,0.0,0.625,False,True,False,True,False,True,False,True,True,True,False,True
1603,qpeexact_6_Mutant_Replace_y_P3_Q3_[].qasm,Quratest_1,0.0,0.0,0.40580669906313915,0.7911815708391923,0.38100423123925575,0.7125410251182858,0.393442051446124,0.9346534963338607,0.0806746368111412,0.020141033911052195,0.2099609375,0.8740234375,True,True,True,True,True,True,True,True,True,True,True,True
1604,qpeexact_6_Mutant_Replace_y_P3_Q3_[].qasm,PureState_2,0.1168953368778286,0.0,0.016336345483343936,0.9883477077391176,0.0163307630674431,0.8275820850294084,2.8492833092919057e-16,0.9993045785146716,0.5000000000000087,4.612078220217704e-06,0.0,0.63818359375,True,True,False,True,False,True,False,True,True,True,False,True
1605,qpeexact_6_Mutant_Replace_y_P3_Q3_[].qasm,Quratest_2,0.0,0.0,0.3227499770290802,0.818054828622867,0.31547904085340783,0.7247193968567154,0.4289520877364142,0.9358433433430768,0.09393310359323592,0.0352485328350707,0.12841796875,0.6708984375,True,True,True,True,True,True,True,True,True,True,True,True
1606,qpeexact_6_Mutant_Replace_y_P3_Q3_[].qasm,PureState_3,0.0,0.0,0.5410069246540935,0.9111691890086725,0.46435697292264083,0.7920455968326265,0.4999999999999997,0.9951687180558684,0.5000000000000081,0.0004231288004817562,0.53662109375,0.98828125,True,True,True,True,True,True,True,True,True,True,True,True
1607,qpeexact_6_Mutant_Replace_y_P3_Q3_[].qasm,Quratest_3,1.3317479375891257e-93,0.0,0.07021997426728728,0.909699583756752,0.07007291578104446,0.7845002715121661,0.09699332125028487,0.976700470473108,0.9423222599329525,0.002893859484371867,0.001953125,0.5126953125,True,True,False,True,False,True,True,True,True,True,True,True
1608,qpeexact_6_Mutant_Replace_y_P3_Q3_[].qasm,PureState_4,0.0,0.0,0.5428751655403201,0.8581098007013208,0.466054283276818,0.766359168405963,0.4999999999999998,0.9817123933687786,0.5000000000000089,0.0019204983906613063,0.388671875,0.71044921875,True,True,True,True,True,True,True,True,True,True,True,True
1609,qpeexact_6_Mutant_Replace_y_P3_Q3_[].qasm,Quratest_4,2.0466191931617522e-283,0.0,0.1426572392635505,0.9009930544970585,0.14202545544766657,0.7811826105220173,0.5847784297079266,0.974509019976886,0.34456217873309347,0.0018756964009356719,0.04931640625,0.642578125,True,True,True,True,True,True,True,True,True,True,True,True
1610,qpeexact_6_Mutant_Replace_y_P3_Q3_[].qasm,PureState_5,0.0011083280875539385,0.0,0.022058894588688573,0.9493712146065714,0.022045906288855714,0.8083009816171237,1.1015494072452725e-16,0.9993045785146717,0.5000000000000087,0.00027788746988978034,0.0,0.67626953125,True,True,False,True,False,True,False,True,True,True,False,True
1611,qpeexact_6_Mutant_Replace_y_P3_Q3_[].qasm,Quratest_5,0.0,0.0,0.44731767833066466,0.85912662866809,0.4343568279900826,0.7591186439577865,0.6384823888126695,0.9565595274927363,0.0702022863851621,0.01314925644881471,0.06298828125,0.68701171875,True,True,True,True,True,True,True,True,True,True,True,True
1612,qpeexact_6_Mutant_Replace_y_P3_Q3_[].qasm,PureState_6,0.0,0.0,0.01773730608353878,0.9922623498243966,0.01684077822434391,0.8305740556665465,1.417763747114248e-16,0.9998110891985454,0.5000000000000087,5.305763429374875e-06,0.0,1.173828125,True,True,False,True,False,True,False,True,True,True,False,True
1613,qpeexact_6_Mutant_Replace_y_P3_Q3_[].qasm,Quratest_6,0.0,0.0,0.31545033136684436,0.6244805045485539,0.30675971204537067,0.5498406504967706,0.39384598365810963,0.6631331015514838,0.4828569006520066,0.2767292622067433,0.3251953125,0.4072265625,True,True,True,True,True,True,True,True,True,True,True,True
1614,qpeexact_6_Mutant_Replace_y_P3_Q3_[].qasm,PureState_7,0.0080045547772255,0.0,0.021041983036292778,0.9923486461643098,0.02064346539844889,0.8297551713780658,1.745362209794321e-16,0.9998110891985454,0.5000000000000084,5.285054733189181e-06,0.0,1.173828125,True,True,False,True,False,True,False,True,True,True,False,True
1615,qpeexact_6_Mutant_Replace_y_P3_Q3_[].qasm,Quratest_7,0.0,0.0,0.4475864063004607,0.9230512730245476,0.43147840936841175,0.7931870571118477,0.53865769439597,0.9892623889795172,0.031933961895179955,0.000418494102632632,0.4677734375,0.65185546875,True,True,True,True,True,True,True,True,True,True,True,True
1616,qpeexact_6_Mutant_Replace_y_P3_Q3_[].qasm,PureState_8,0.0,0.0,0.021492776043570538,0.992663433063449,0.020008312872070978,0.8301595377067046,2.1221902273688142e-16,0.9998253413384646,0.5000000000000087,9.78457144353703e-07,0.0,0.45947265625,True,True,False,True,False,True,False,True,True,True,False,True
1617,qpeexact_6_Mutant_Replace_y_P3_Q3_[].qasm,Quratest_8,0.0,0.0,0.2958290725013871,0.9288163889815555,0.2894963149019627,0.7945448694709284,0.3931047217334409,0.980078092744493,0.025668344531027617,0.0004602136812967152,0.103515625,0.583984375,True,True,True,True,True,True,True,True,True,True,True,True
1618,qpeexact_6_Mutant_Replace_y_P3_Q3_[].qasm,PureState_9,0.0,0.0,0.5356653796629953,0.9534471337014496,0.45951640903092494,0.8098843819823938,0.4999999999999999,0.9939803278342355,0.500000000000009,0.0024252216545552745,0.3701171875,0.630859375,True,True,True,True,True,True,True,True,True,True,True,True
1619,qpeexact_6_Mutant_Replace_y_P3_Q3_[].qasm,Quratest_9,0.0,0.0,0.3022368075730901,0.8531609477909802,0.2943254282335788,0.7507887057273166,0.29893716663773096,0.9627906781054865,0.53080061567291,0.003447411187408782,0.013671875,0.85107421875,True,True,True,True,True,True,True,True,True,True,True,True
1620,qpeexact_6_Mutant_Replace_y_P3_Q3_[].qasm,PureState_10,0.0,0.0,0.5378492567087259,0.9508777405681935,0.4614964972439509,0.8087570198232491,0.4999999999999999,0.9940209969767123,0.5000000000000089,0.0025206137156932825,0.34228515625,1.34326171875,True,True,True,True,True,True,True,True,True,True,True,True
1621,qpeexact_6_Mutant_Replace_y_P3_Q3_[].qasm,Quratest_10,0.0,0.0,0.14463978352936552,0.8182417325162865,0.14005121207050283,0.7344013220360028,0.14263639979423687,0.9554030226227221,0.0444340723054931,0.010359058259604767,0.0078125,0.5380859375,True,True,True,True,True,True,True,True,True,True,True,True
1622,qpeexact_6_Mutant_Replace_y_P3_Q3_[].qasm,PureState_11,0.08812477836326951,0.0,0.017393161812388164,0.9876877374483537,0.016944337305083507,0.8284357541754325,1.094552915100952e-16,0.9970910946110938,0.5000000000000087,3.20763295323047e-05,0.0,0.1552734375,True,True,False,True,False,True,False,True,True,True,False,True
1623,qpeexact_6_Mutant_Replace_y_P3_Q3_[].qasm,Quratest_11,0.0,0.0,0.3310765232438034,0.9151240561629016,0.3225102886935458,0.7898890983271593,0.41332722732781085,0.9810372167155861,0.08297621973841826,0.000866717622870819,0.31640625,0.5869140625,True,True,True,True,True,True,True,True,True,True,True,True
1624,qpeexact_6_Mutant_Replace_y_P3_Q3_[].qasm,PureState_12,0.0,0.0,0.5411962602018991,0.993865425161768,0.46450157984002466,0.8317960920947831,0.4999999999999998,0.9999953649742804,0.500000000000009,2.317559570059557e-06,0.15087890625,0.63525390625,True,True,True,True,True,True,True,True,True,True,True,True
1625,qpeexact_6_Mutant_Replace_y_P3_Q3_[].qasm,Quratest_12,0.0,0.0,0.41705616170248316,0.8864538396212149,0.4022379800558253,0.776115961890268,0.4554076153909134,0.9681780406995949,0.11985400320807578,0.006265738973172485,0.3916015625,1.046875,True,True,True,True,True,True,True,True,True,True,True,True
1626,qpeexact_6_Mutant_Replace_y_P3_Q3_[].qasm,PureState_13,0.0,0.0,0.5392352253456747,0.9938116022389394,0.46273998143337,0.8313883906936522,0.49999999999999983,0.9999953334468638,0.5000000000000087,3.617445514882241e-07,0.40283203125,0.0810546875,True,True,True,True,True,True,True,True,True,True,True,True
1627,qpeexact_6_Mutant_Replace_y_P3_Q3_[].qasm,Quratest_13,0.0,0.0,0.17533400733806198,0.956962093407134,0.17413044578629863,0.8125787347441521,0.22827133524151288,0.9884865990542394,0.7452260746627304,0.00025082063677818586,0.0244140625,0.51025390625,True,True,True,True,True,True,True,True,True,True,True,True
1628,qpeexact_6_Mutant_Replace_y_P3_Q3_[].qasm,PureState_14,0.0,0.0,0.5408253254745854,0.9849098193320295,0.4641818063254498,0.8286198930448995,0.4999999999999999,0.9970919135931817,0.5000000000000085,3.721257042192002e-05,0.38916015625,0.66748046875,True,True,True,True,True,True,True,True,True,True,True,True
1629,qpeexact_6_Mutant_Replace_y_P3_Q3_[].qasm,Quratest_14,0.0,0.0,0.35123042400326543,0.8574641167688325,0.335987958548013,0.7528491003058375,0.42160499448627836,0.9618199665957563,0.2911713933259952,0.002807336419583425,0.029296875,0.56494140625,True,True,True,True,True,True,True,True,True,True,True,True
1630,qpeexact_6_Mutant_Replace_y_P3_Q3_[].qasm,PureState_15,0.0065996065603265075,0.0,0.01979746245601473,0.9930109368894023,0.019788693936156322,0.8299392031941747,1.9325903724554117e-16,0.999161155991597,0.5000000000000089,9.22749597864067e-06,0.0,1.15478515625,True,True,False,True,False,True,False,True,True,True,False,True
1631,qpeexact_6_Mutant_Replace_y_P3_Q3_[].qasm,Quratest_15,0.0,0.0,0.2495052049918668,0.9779388810936246,0.2478802668581427,0.821354693493485,0.4380911847416067,0.9932245941506312,0.4926446127367098,8.563441044602394e-05,0.24462890625,0.85498046875,True,True,True,True,True,True,True,True,True,True,True,True
1632,qpeexact_6_Mutant_Replace_y_P3_Q3_[].qasm,PureState_16,0.0006900177872870097,0.0,0.02295446817582334,0.9855912307069176,0.022610742993007457,0.8239343850708967,1.14437539305845e-16,0.9939393820619828,0.5000000000000089,0.00010469947398327024,0.0,0.73486328125,True,True,False,True,False,True,False,True,True,True,False,True
1633,qpeexact_6_Mutant_Replace_y_P3_Q3_[].qasm,Quratest_16,0.0,0.0,0.1878320254092373,0.8875581982560428,0.18575201656425522,0.7686578654660342,0.2945224637418923,0.9694842860885153,0.7274031587727023,0.0020960421881236133,0.109375,0.5556640625,True,True,True,True,True,True,True,True,True,True,True,True
1634,qpeexact_6_Mutant_Replace_y_P3_Q3_[].qasm,PureState_17,0.0,0.0,0.5350489368252037,0.9929037538333052,0.4589414846077237,0.8319828431172546,0.4999999999999998,0.9999953956785441,0.500000000000009,4.604387283200968e-06,0.462890625,1.64794921875,True,True,True,True,True,True,True,True,True,True,True,True
1635,qpeexact_6_Mutant_Replace_y_P3_Q3_[].qasm,Quratest_17,0.0,0.0,0.3605491377564936,0.8424673076198282,0.3495836433767875,0.7492151234401625,0.4903079938174479,0.9627185573618016,0.14491694963900761,0.005831585682248245,0.06787109375,0.67431640625,True,True,True,True,True,True,True,True,True,True,True,True
1636,qpeexact_6_Mutant_Replace_y_P3_Q3_[].qasm,PureState_18,0.04440389460331688,0.0,0.016058274385243005,0.9774149097557286,0.016000085392659666,0.8190030362292617,1.7499023063916042e-16,0.9993045785146717,0.5000000000000084,4.8689780945228895e-05,0.0,0.6357421875,True,True,False,True,False,True,False,True,True,True,False,True
1637,qpeexact_6_Mutant_Replace_y_P3_Q3_[].qasm,Quratest_18,0.0,0.0,0.4357464181504325,0.9211585199770311,0.42278856473027465,0.7960653588660882,0.5301636339822366,0.9845081982997169,0.06856272668720152,0.0006661211150110687,0.267578125,0.40234375,True,True,True,True,True,True,True,True,True,True,True,True
1638,qpeexact_6_Mutant_Replace_y_P3_Q3_[].qasm,PureState_19,0.0,0.0,0.5389933662904418,0.9798978417519633,0.4625497980629529,0.8243081745346941,0.4999999999999998,0.9939803278342354,0.5000000000000085,0.00011512359116802613,0.3505859375,0.6298828125,True,True,True,True,True,True,True,True,True,True,True,True
1639,qpeexact_6_Mutant_Replace_y_P3_Q3_[].qasm,Quratest_19,0.0,0.0,0.15759104045800548,0.9032752460826383,0.15480505336842454,0.7860957660374266,0.2350250505159027,0.9758564478798943,0.03755815183798176,0.0067529068049656665,0.005859375,0.478515625,True,True,True,True,True,True,True,True,True,True,True,True
1640,qpeexact_6_Mutant_Replace_y_P3_Q3_[].qasm,PureState_20,0.0,0.0,0.013316852313788739,0.9841189947585909,0.01272502375453863,0.8236323833886361,1.3369568039461877e-16,0.9939393820619828,0.5000000000000085,0.00010447400050528984,0.0,0.73486328125,True,True,False,True,False,True,False,True,True,True,False,True
1641,qpeexact_6_Mutant_Replace_y_P3_Q3_[].qasm,Quratest_20,0.0,0.0,0.36104754759248636,0.8105397152422253,0.3404976556172869,0.7242053700596995,0.3706726489086663,0.9324234236576112,0.547160126337652,0.04429421118355687,0.2333984375,0.802734375,True,True,True,True,True,True,True,True,True,True,True,True
1642,qpeexact_6_Mutant_Replace_y_P3_Q3_[].qasm,PureState_21,0.0005784445083750423,0.0,0.02174066343447153,0.9516576310432276,0.021732620270538613,0.808241055253474,1.6219664500383146e-16,0.9939393820619827,0.5000000000000085,0.0024003558716247228,0.0,1.32861328125,True,True,False,True,False,True,False,True,True,True,False,True
1643,qpeexact_6_Mutant_Replace_y_P3_Q3_[].qasm,Quratest_21,0.0,0.0,0.25229278779946346,0.8460481906066184,0.2451206543123732,0.7529143463396456,0.2937173806546981,0.9593081437360053,0.04221545355515529,0.004256852153457096,0.25732421875,0.68359375,True,True,True,True,True,True,True,True,True,True,True,True
1644,qpeexact_6_Mutant_Replace_y_P3_Q3_[].qasm,PureState_22,0.0,0.0,0.5412103852772352,0.7938345021716822,0.4645292352997984,0.7150961462428985,0.4999999999999999,0.9275192055375937,0.5000000000000073,0.007234783693030018,0.4970703125,0.328125,True,True,True,True,True,True,True,True,True,True,True,True
1645,qpeexact_6_Mutant_Replace_y_P3_Q3_[].qasm,Quratest_22,7.18530352871845e-157,0.0,0.118900771358867,0.8600751047779399,0.11802526934494499,0.7578745816899566,0.09709572039022667,0.9770859880563427,0.9624149968375154,0.004826604867486584,0.02001953125,0.76904296875,True,True,False,True,True,True,True,True,True,True,True,True
1646,qpeexact_6_Mutant_Replace_y_P3_Q3_[].qasm,PureState_23,0.028681061984830294,0.0,0.017712928245246038,0.9874421486695344,0.017698286850419666,0.8275254289077655,1.2706849461530112e-16,0.9958937211130615,0.500000000000009,4.025288730684012e-05,0.0,0.07177734375,True,True,False,True,False,True,False,True,True,True,False,True
1647,qpeexact_6_Mutant_Replace_y_P3_Q3_[].qasm,Quratest_23,0.0,0.0,0.11670973685181758,0.8145296634991196,0.11484124574840025,0.7253865409460237,0.15662813050427946,0.928657937726199,0.856466312574581,0.03953510352416764,0.08056640625,0.552734375,True,True,False,True,False,True,True,True,True,True,True,True
1648,qpeexact_6_Mutant_Replace_y_P3_Q3_[].qasm,PureState_24,0.0,0.0,0.5424458325887476,0.9969211751891038,0.465634394389034,0.831649989353095,0.4999999999999997,0.9999953334468636,0.5000000000000085,3.659815520210849e-07,0.53271484375,0.0810546875,True,True,True,True,True,True,True,True,True,True,True,True
1649,qpeexact_6_Mutant_Replace_y_P3_Q3_[].qasm,Quratest_24,0.0,0.0,0.2750082686807711,0.8535474377747254,0.2658004095295886,0.7600116065624244,0.3366738510554973,0.9724859358585374,0.7635999669505663,0.003378442761647552,0.07275390625,0.546875,True,True,True,True,True,True,True,True,True,True,True,True
1650,qpeexact_6_Mutant_Replace_y_P3_Q3_[].qasm,PureState_25,2.3841827476199422e-05,0.0,0.023288645273206017,0.9884008708947216,0.023262482062657602,0.8281740789693833,1.7867651802561113e-16,0.9993045785146718,0.5000000000000085,4.613403802313042e-06,0.0,0.63818359375,True,True,False,True,False,True,False,True,True,True,False,True
1651,qpeexact_6_Mutant_Replace_y_P3_Q3_[].qasm,Quratest_25,0.0,0.0,0.2136489132667346,0.9709261047413619,0.21191996242804786,0.8173977103192979,0.3664845193620676,0.992392308644882,0.4978251047126656,9.052935200539926e-05,0.05810546875,0.546875,True,True,True,True,True,True,True,True,True,True,True,True
1652,qpeexact_6_Mutant_Replace_y_P3_Q3_[].qasm,PureState_26,0.0,0.0,0.02005686117334516,0.9845270817204612,0.01966802168484547,0.8233923438385583,1.3601316253830653e-16,0.9993045785146716,0.5000000000000085,1.2058356441649348e-05,0.0,0.80517578125,True,True,False,True,False,True,False,True,True,True,False,True
1653,qpeexact_6_Mutant_Replace_y_P3_Q3_[].qasm,Quratest_26,0.0,0.0,0.2585047439931419,0.9673525651222831,0.25512572253733556,0.8180702877321508,0.3528979263801658,0.995751669472052,2.9534011171033996e-07,5.8132662305761455e-05,0.24560546875,0.8056640625,True,True,True,True,True,True,True,True,True,True,True,True
1654,qpeexact_6_Mutant_Replace_y_P3_Q3_[].qasm,PureState_27,0.0,0.0,0.5380723049819406,0.5036315249880109,0.46171672602445446,0.4668086699643687,0.49999999999999983,0.8984528369005408,0.500000000000007,0.0411348401468908,0.412109375,0.560546875,True,True,True,True,True,True,True,True,True,True,True,True
1655,qpeexact_6_Mutant_Replace_y_P3_Q3_[].qasm,Quratest_27,0.0,0.0,0.4157431948319689,0.6353681273958572,0.39484397770357094,0.5720335441363689,0.39199325002848606,0.8967113623922625,0.17749072935620547,0.0209578871852545,0.060546875,0.65380859375,True,True,True,True,True,True,True,True,True,True,True,True
1656,qpeexact_6_Mutant_Replace_y_P3_Q3_[].qasm,PureState_28,0.0,0.0,0.5379726958275278,0.9832555863987106,0.46161988155425515,0.8243152241771868,0.49999999999999983,0.9939803278342354,0.5000000000000087,0.00011466937674797641,0.52587890625,0.6298828125,True,True,True,True,True,True,True,True,True,True,True,True
1657,qpeexact_6_Mutant_Replace_y_P3_Q3_[].qasm,Quratest_28,0.0,0.0,0.0801901765307203,0.895134917066928,0.07894314136434147,0.7790667034678109,0.1454749895777523,0.9662079561383408,0.84060684236232,0.0021935498227453887,0.044921875,0.5517578125,True,True,False,True,False,True,True,True,True,True,True,True
1658,qpeexact_6_Mutant_Replace_y_P3_Q3_[].qasm,PureState_29,0.0,0.0,0.538451094303773,0.21473987581471976,0.46201766922921994,0.17969222957360384,0.4999999999999999,0.1328304784701717,0.5000000000000074,0.8671695386860007,0.5244140625,0.35205078125,True,True,True,True,True,True,True,True,True,True,True,True
1659,qpeexact_6_Mutant_Replace_y_P3_Q3_[].qasm,Quratest_29,0.0,0.0,0.41093403054567657,0.8495444134645764,0.3881884847697395,0.7496766800615625,0.3718333988390773,0.9746462737417878,0.2027139231097232,0.002244609964486571,0.3173828125,0.4814453125,True,True,True,True,True,True,True,True,True,True,True,True
1660,qpeexact_6_Mutant_Replace_y_P3_Q3_[].qasm,PureState_30,0.0,0.0,0.5415804341311112,0.9730758387900478,0.46486042986319415,0.8181968707050027,0.4999999999999999,0.9940209969767122,0.5000000000000087,0.0004634605128980784,0.3603515625,0.0810546875,True,True,True,True,True,True,True,True,True,True,True,True
1661,qpeexact_6_Mutant_Replace_y_P3_Q3_[].qasm,Quratest_30,2.4156799538617187e-55,0.0,0.056419423907384164,0.6527907011396176,0.05633038883391787,0.5927341230597698,0.07299475905494278,0.7771570277525846,0.8314673156607303,0.17118769187713784,0.01513671875,0.7021484375,True,True,False,True,False,True,True,True,True,True,True,True
1662,qpeexact_6_Mutant_Replace_y_P3_Q3_[].qasm,PureState_31,0.0,0.0,0.5401634924525132,0.9498807605128221,0.4635958522513912,0.8097210208042588,0.4999999999999999,0.9940209969767122,0.5000000000000093,0.002526042218966874,0.34716796875,1.34326171875,True,True,True,True,True,True,True,True,True,True,True,True
1663,qpeexact_6_Mutant_Replace_y_P3_Q3_[].qasm,Quratest_31,0.0,0.0,0.3639831977620757,0.91368546468346,0.3525730851483333,0.7846674418445709,0.45271717077256757,0.9726649383306355,0.006650452545193369,0.002362245706141676,0.13623046875,0.357421875,True,True,True,True,True,True,True,True,True,True,True,True
