Name,Input,Ideal_output_distribution,Ideal_density_matrix,Noisy_output_distribution,Noisy_density_matrix
data/selected_mutant_qc/mutants_wstate_3/wstate_3_Mutant_Remove_x_P2_Q2.qasm,PureState_0,"{'001': 170, '010': 165, '111': 689}","DensityMatrix([[ 0.        +0.j,  0.        +0.j,  0.        -0.j,
                 0.        +0.j,  0.        +0.j,  0.        +0.j,
                 0.        +0.j,  0.        +0.j],
               [ 0.        +0.j,  0.16666667+0.j, -0.16666667-0.j,
                 0.        +0.j,  0.        +0.j,  0.        +0.j,
                 0.        +0.j,  0.33333333+0.j],
               [ 0.        +0.j, -0.16666667+0.j,  0.16666667+0.j,
                 0.        +0.j,  0.        +0.j,  0.        +0.j,
                 0.        +0.j, -0.33333333+0.j],
               [ 0.        +0.j,  0.        +0.j,  0.        -0.j,
                 0.        +0.j,  0.        +0.j,  0.        +0.j,
                 0.        +0.j,  0.        +0.j],
               [ 0.        +0.j,  0.        +0.j,  0.        -0.j,
                 0.        +0.j,  0.        +0.j,  0.        +0.j,
                 0.        +0.j,  0.        +0.j],
               [ 0.        +0.j,  0.        +0.j,  0.        -0.j,
                 0.        +0.j,  0.        +0.j,  0.        +0.j,
                 0.        +0.j,  0.        +0.j],
               [ 0.        +0.j,  0.        +0.j,  0.        -0.j,
                 0.        +0.j,  0.        +0.j,  0.        +0.j,
                 0.        +0.j,  0.        +0.j],
               [ 0.        +0.j,  0.33333333+0.j, -0.33333333-0.j,
                 0.        +0.j,  0.        +0.j,  0.        +0.j,
                 0.        +0.j,  0.66666667+0.j]],
              dims=(2, 2, 2))","{'110': 5, '100': 7, '101': 15, '000': 2, '010': 170, '011': 22, '111': 636, '001': 167}","DensityMatrix([[ 2.60209255e-04+7.96947557e-20j,
                 8.82745188e-09-1.45151605e-05j,
                -7.49527415e-09+1.48486971e-05j,
                -2.00210919e-04-6.22622925e-07j,
                -9.29265507e-19+5.13847324e-07j,
                 8.10453479e-07-4.95879660e-08j,
                 7.05627979e-05+5.90131409e-08j,
                 2.26327487e-08+9.13610369e-08j],
               [ 8.82745188e-09+1.45151605e-05j,
                 1.68704023e-01-2.97110909e-17j,
                -1.63255915e-01-2.79055786e-05j,
                 1.54869971e-08-5.76570830e-05j,
                -4.38479770e-05+8.58304962e-05j,
                 3.45208981e-17-2.17869330e-05j,
                -3.70466468e-09+2.13106058e-05j,
                 3.23838354e-01+1.18227443e-04j],
               [-7.49527415e-09-1.48486971e-05j,
                -1.63255915e-01+2.79055786e-05j,
                 1.67029085e-01+2.56161480e-17j,
                -1.79615061e-09+5.68284054e-05j,
                 1.14507979e-04-5.72140322e-05j,
                 3.70466468e-09+2.13106058e-05j,
                -3.68950403e-17-2.17825364e-05j,
                -3.22890447e-01-3.22426600e-05j],
               [-2.00210919e-04+6.22622925e-07j,
                 1.54869971e-08+5.76570830e-05j,
                -1.79615061e-09-5.68284054e-05j,
                 2.70049138e-03-9.05139217e-20j,
                -2.26327487e-08+9.13610369e-08j,
                 1.86547664e-04-1.04322848e-08j,
                -1.86842090e-04-4.20112526e-08j,
                -2.16930241e-16+8.55220111e-05j],
               [-9.27570773e-19-5.13847324e-07j,
                -4.38479770e-05-8.58304962e-05j,
                 1.14507979e-04+5.72140322e-05j,
                -2.26327487e-08-9.13610369e-08j,
                 4.17318714e-03+1.48546876e-17j,
                 4.15185532e-09+1.64949949e-08j,
                 7.49527411e-09+3.87165561e-07j,
                 4.96935118e-04-1.73096119e-04j],
               [ 8.10453479e-07+4.95879660e-08j,
                 3.45242856e-17+2.17869330e-05j,
                 3.70466468e-09-2.13106058e-05j,
                 1.86547664e-04+1.04322848e-08j,
                 4.15185532e-09-1.64949949e-08j,
                 2.17253280e-03-7.11290904e-20j,
                -3.77091256e-04+4.06622800e-07j,
                -1.54869971e-08-1.58395486e-05j],
               [ 7.05627979e-05-5.90131409e-08j,
                -3.70466468e-09-2.13106058e-05j,
                -3.69035103e-17+2.17825364e-05j,
                -1.86842090e-04+4.20112526e-08j,
                 7.49527411e-09-3.87165561e-07j,
                -3.77091256e-04-4.06622800e-07j,
                 5.39258900e-04+7.44259608e-20j,
                -1.11831564e-08-4.23297399e-05j],
               [ 2.26327487e-08-9.13610368e-08j,
                 3.23838354e-01-1.18227443e-04j,
                -3.22890447e-01+3.22426600e-05j,
                -2.16930241e-16-8.55220111e-05j,
                 4.96935118e-04+1.73096119e-04j,
                -1.54869971e-08+1.58395486e-05j,
                -1.11831564e-08+4.23297399e-05j,
                 6.54421212e-01-1.27511660e-17j]],
              dims=(2, 2, 2))"
data/selected_mutant_qc/mutants_wstate_3/wstate_3_Mutant_Remove_x_P2_Q2.qasm,PureState_1,"{'110': 502, '101': 522}","DensityMatrix([[ 6.57553614e-34+0.j,  0.00000000e+00+0.j,
                 0.00000000e+00+0.j,  2.72367625e-34+0.j,
                 0.00000000e+00+0.j, -1.81322036e-17-0.j,
                 1.81322036e-17+0.j,  0.00000000e+00+0.j],
               [ 0.00000000e+00+0.j,  0.00000000e+00+0.j,
                 0.00000000e+00+0.j,  0.00000000e+00+0.j,
                 0.00000000e+00+0.j,  0.00000000e+00-0.j,
                 0.00000000e+00+0.j,  0.00000000e+00+0.j],
               [ 0.00000000e+00+0.j,  0.00000000e+00+0.j,
                 0.00000000e+00+0.j,  0.00000000e+00+0.j,
                 0.00000000e+00+0.j,  0.00000000e+00-0.j,
                 0.00000000e+00+0.j,  0.00000000e+00+0.j],
               [ 2.72367625e-34+0.j,  0.00000000e+00+0.j,
                 0.00000000e+00+0.j,  1.12818364e-34+0.j,
                 0.00000000e+00+0.j, -7.51060464e-18-0.j,
                 7.51060464e-18+0.j,  0.00000000e+00+0.j],
               [ 0.00000000e+00+0.j,  0.00000000e+00+0.j,
                 0.00000000e+00+0.j,  0.00000000e+00+0.j,
                 0.00000000e+00+0.j,  0.00000000e+00-0.j,
                 0.00000000e+00+0.j,  0.00000000e+00+0.j],
               [-1.81322036e-17+0.j,  0.00000000e+00+0.j,
                 0.00000000e+00+0.j, -7.51060464e-18+0.j,
                 0.00000000e+00+0.j,  5.00000000e-01+0.j,
                -5.00000000e-01+0.j,  0.00000000e+00+0.j],
               [ 1.81322036e-17+0.j,  0.00000000e+00+0.j,
                 0.00000000e+00+0.j,  7.51060464e-18+0.j,
                 0.00000000e+00+0.j, -5.00000000e-01-0.j,
                 5.00000000e-01+0.j,  0.00000000e+00+0.j],
               [ 0.00000000e+00+0.j,  0.00000000e+00+0.j,
                 0.00000000e+00+0.j,  0.00000000e+00+0.j,
                 0.00000000e+00+0.j,  0.00000000e+00-0.j,
                 0.00000000e+00+0.j,  0.00000000e+00+0.j]],
              dims=(2, 2, 2))","{'100': 7, '011': 3, '111': 13, '001': 12, '000': 3, '010': 26, '110': 486, '101': 474}","DensityMatrix([[ 3.18976645e-03-1.97572437e-18j,
                 4.69564897e-11-1.97763163e-07j,
                -1.06188630e-11+4.38471932e-07j,
                -5.04417262e-04-8.45629321e-07j,
                 6.98900643e-19+3.21710160e-07j,
                 6.11488983e-08+1.07693383e-08j,
                -7.42087395e-08+4.10895072e-08j,
                 1.24131340e-10+1.33334289e-08j],
               [ 4.69564897e-11+1.97763163e-07j,
                 1.75687797e-03-1.87381323e-20j,
                -1.72360414e-03-3.00039864e-07j,
                -2.40405566e-08-5.76547956e-07j,
                 5.33113424e-09+4.72116646e-10j,
                 1.09331569e-16-6.44985070e-05j,
                -1.11868872e-08+6.37210438e-05j,
                -4.78874079e-08-5.86259563e-08j],
               [-1.06188630e-11-4.38471932e-07j,
                -1.72360414e-03+3.00039864e-07j,
                 1.75287542e-03+5.03108005e-21j,
                 2.39171654e-08+1.80223291e-07j,
                -3.49483532e-08+3.99268520e-08j,
                 1.11868870e-08+6.37210438e-05j,
                 1.09358178e-16-6.44923012e-05j,
                 4.81055698e-08+5.79691160e-08j],
               [-5.04417262e-04+8.45629321e-07j,
                -2.40405566e-08+5.76547956e-07j,
                 2.39171654e-08-1.80223291e-07j,
                 4.93689400e-03-1.15728875e-17j,
                -1.24131340e-10+1.33334289e-08j,
                -1.34268463e-04+1.83475468e-04j,
                 1.33923957e-04-1.82902896e-04j,
                 1.11552692e-18+5.60926947e-07j],
               [ 6.98381015e-19-3.21710160e-07j,
                 5.33113424e-09-4.72116646e-10j,
                -3.49483532e-08-3.99268520e-08j,
                -1.24131340e-10-1.33334289e-08j,
                 7.21230188e-04+3.21193970e-21j,
                -7.60575028e-09-4.33329111e-05j,
                 1.06187538e-11+4.38488332e-05j,
                -6.03613759e-04+1.04967988e-07j],
               [ 6.11488982e-08-1.07693384e-08j,
                 1.09338344e-16+6.44985070e-05j,
                 1.11868870e-08-6.37210438e-05j,
                -1.34268463e-04-1.83475468e-04j,
                -7.60575028e-09+4.33329111e-05j,
                 4.93528897e-01+3.65265846e-18j,
                -4.87567876e-01-8.55950303e-05j,
                 2.40405565e-08-4.38789145e-05j],
               [-7.42087394e-08-4.10895072e-08j,
                -1.11868872e-08-6.37210438e-05j,
                 1.09357217e-16+6.44923012e-05j,
                 1.33923957e-04+1.82902896e-04j,
                 1.06187538e-11-4.38488332e-05j,
                -4.87567876e-01+8.55950303e-05j,
                 4.93477597e-01+3.66289453e-18j,
                -1.63583714e-08+4.33504510e-05j],
               [ 1.24131340e-10-1.33334289e-08j,
                -4.78874079e-08+5.86259563e-08j,
                 4.81055698e-08-5.79691160e-08j,
                 1.10197731e-18-5.60926947e-07j,
                -6.03613759e-04-1.04967988e-07j,
                 2.40405565e-08+4.38789145e-05j,
                -1.63583714e-08-4.33504510e-05j,
                 6.35861977e-04-7.71512821e-21j]],
              dims=(2, 2, 2))"
data/selected_mutant_qc/mutants_wstate_3/wstate_3_Mutant_Remove_x_P2_Q2.qasm,PureState_2,{'000': 1024},"DensityMatrix([[ 1.00000000e+00+0.j,  0.00000000e+00+0.j,
                 0.00000000e+00+0.j,  0.00000000e+00+0.j,
                 0.00000000e+00+0.j, -2.56428082e-17-0.j,
                 1.06215989e-17+0.j,  0.00000000e+00+0.j],
               [ 0.00000000e+00+0.j,  0.00000000e+00+0.j,
                 0.00000000e+00+0.j,  0.00000000e+00+0.j,
                 0.00000000e+00+0.j,  0.00000000e+00-0.j,
                 0.00000000e+00+0.j,  0.00000000e+00+0.j],
               [ 0.00000000e+00+0.j,  0.00000000e+00+0.j,
                 0.00000000e+00+0.j,  0.00000000e+00+0.j,
                 0.00000000e+00+0.j,  0.00000000e+00-0.j,
                 0.00000000e+00+0.j,  0.00000000e+00+0.j],
               [ 0.00000000e+00+0.j,  0.00000000e+00+0.j,
                 0.00000000e+00+0.j,  0.00000000e+00+0.j,
                 0.00000000e+00+0.j,  0.00000000e+00-0.j,
                 0.00000000e+00+0.j,  0.00000000e+00+0.j],
               [ 0.00000000e+00+0.j,  0.00000000e+00+0.j,
                 0.00000000e+00+0.j,  0.00000000e+00+0.j,
                 0.00000000e+00+0.j,  0.00000000e+00-0.j,
                 0.00000000e+00+0.j,  0.00000000e+00+0.j],
               [-2.56428082e-17+0.j,  0.00000000e+00+0.j,
                 0.00000000e+00+0.j,  0.00000000e+00+0.j,
                 0.00000000e+00+0.j,  6.57553614e-34+0.j,
                -2.72367625e-34+0.j,  0.00000000e+00+0.j],
               [ 1.06215989e-17+0.j,  0.00000000e+00+0.j,
                 0.00000000e+00+0.j,  0.00000000e+00+0.j,
                 0.00000000e+00+0.j, -2.72367625e-34-0.j,
                 1.12818364e-34+0.j,  0.00000000e+00+0.j],
               [ 0.00000000e+00+0.j,  0.00000000e+00+0.j,
                 0.00000000e+00+0.j,  0.00000000e+00+0.j,
                 0.00000000e+00+0.j,  0.00000000e+00-0.j,
                 0.00000000e+00+0.j,  0.00000000e+00+0.j]],
              dims=(2, 2, 2))","{'011': 6, '001': 8, '110': 8, '101': 5, '100': 33, '010': 15, '000': 949}","DensityMatrix([[ 9.81756923e-01+2.15868896e-17j,
                 4.71411280e-08+6.45098996e-08j,
                 2.40352204e-08+8.74035536e-05j,
                 5.22694477e-04-2.60031818e-04j,
                 2.16987595e-16+1.27991918e-04j,
                 1.35778623e-04-1.83134513e-04j,
                 1.35914498e-04-1.83434680e-04j,
                 3.39005264e-08+6.80434489e-08j],
               [ 4.71411280e-08-6.45098996e-08j,
                 6.62718960e-05+6.33279970e-22j,
                 3.62294126e-06+7.12749910e-07j,
                 3.84773126e-11-4.71715679e-07j,
                 4.30325446e-08+5.80471680e-08j,
                 7.41469267e-19-4.25364837e-07j,
                 4.09238223e-11-8.11192154e-08j,
                 5.65086895e-09-7.39228287e-09j],
               [ 2.40352204e-08-8.74035536e-05j,
                 3.62294126e-06-7.12749910e-07j,
                 2.69893564e-03+7.02329410e-20j,
                -2.31147820e-08-4.67514580e-08j,
                 5.41108184e-08+5.85523044e-08j,
                -4.09238220e-11-8.11192154e-08j,
                 1.55873275e-18-4.04842265e-07j,
                -2.74913888e-10+5.45810308e-10j],
               [ 5.22694477e-04+2.60031818e-04j,
                 3.84773126e-11+4.71715679e-07j,
                -2.31147820e-08+4.67514580e-08j,
                 5.32784003e-03+2.15402931e-17j,
                -3.39005264e-08+6.80434489e-08j,
                 2.62342721e-07-2.86169429e-07j,
                 2.47717898e-07-2.32501979e-07j,
                 1.17473522e-18+6.94029854e-07j],
               [ 2.16994372e-16-1.27991918e-04j,
                 4.30325446e-08-5.80471680e-08j,
                 5.41108184e-08-5.85523044e-08j,
                -3.39005264e-08-6.80434489e-08j,
                 1.05824993e-03+2.17971755e-20j,
                -2.38804804e-08+3.75493592e-08j,
                -2.40352202e-08+5.88400764e-07j,
                 1.32872885e-06-2.79473348e-07j],
               [ 1.35778623e-04+1.83134513e-04j,
                 7.45809643e-19+4.25364837e-07j,
                -4.09238220e-11+8.11192154e-08j,
                 2.62342721e-07+2.86169429e-07j,
                -2.38804804e-08-3.75493592e-08j,
                 3.30921947e-03-1.67004473e-17j,
                 6.22113452e-04+1.02129557e-06j,
                -3.84773122e-11-2.94552402e-07j],
               [ 1.35914498e-04+1.83434680e-04j,
                 4.09238223e-11+8.11192154e-08j,
                 1.55195799e-18+4.04842265e-07j,
                 2.47717897e-07+2.32501979e-07j,
                -2.40352202e-08-5.88400764e-07j,
                 6.22113452e-04-1.02129557e-06j,
                 5.77253094e-03+1.88922002e-18j,
                -1.45865560e-10-5.53078007e-08j],
               [ 3.39005264e-08-6.80434489e-08j,
                 5.65086895e-09+7.39228287e-09j,
                -2.74913888e-10-5.45810308e-10j,
                 1.18035854e-18-6.94029854e-07j,
                 1.32872885e-06+2.79473348e-07j,
                -3.84773122e-11+2.94552402e-07j,
                -1.45865560e-10+5.53078007e-08j,
                 1.00288164e-05+2.46636889e-21j]],
              dims=(2, 2, 2))"
data/selected_mutant_qc/mutants_wstate_3/wstate_3_Mutant_Remove_x_P2_Q2.qasm,PureState_3,"{'100': 343, '010': 357, '001': 324}","DensityMatrix([[0.00000000e+00+0.j, 0.00000000e+00+0.j,
                0.00000000e+00+0.j, 0.00000000e+00+0.j,
                0.00000000e+00+0.j, 0.00000000e+00+0.j,
                0.00000000e+00+0.j, 0.00000000e+00+0.j],
               [0.00000000e+00+0.j, 3.33333333e-01+0.j,
                3.33333333e-01+0.j, 0.00000000e+00+0.j,
                3.33333333e-01+0.j, 0.00000000e+00+0.j,
                0.00000000e+00+0.j, 3.20493781e-17+0.j],
               [0.00000000e+00+0.j, 3.33333333e-01+0.j,
                3.33333333e-01+0.j, 0.00000000e+00+0.j,
                3.33333333e-01+0.j, 0.00000000e+00+0.j,
                0.00000000e+00+0.j, 3.20493781e-17+0.j],
               [0.00000000e+00+0.j, 0.00000000e+00+0.j,
                0.00000000e+00+0.j, 0.00000000e+00+0.j,
                0.00000000e+00+0.j, 0.00000000e+00+0.j,
                0.00000000e+00+0.j, 0.00000000e+00+0.j],
               [0.00000000e+00+0.j, 3.33333333e-01+0.j,
                3.33333333e-01+0.j, 0.00000000e+00+0.j,
                3.33333333e-01+0.j, 0.00000000e+00+0.j,
                0.00000000e+00+0.j, 3.20493781e-17+0.j],
               [0.00000000e+00+0.j, 0.00000000e+00+0.j,
                0.00000000e+00+0.j, 0.00000000e+00+0.j,
                0.00000000e+00+0.j, 0.00000000e+00+0.j,
                0.00000000e+00+0.j, 0.00000000e+00+0.j],
               [0.00000000e+00+0.j, 0.00000000e+00+0.j,
                0.00000000e+00+0.j, 0.00000000e+00+0.j,
                0.00000000e+00+0.j, 0.00000000e+00+0.j,
                0.00000000e+00+0.j, 0.00000000e+00+0.j],
               [0.00000000e+00+0.j, 3.20493781e-17+0.j,
                3.20493781e-17+0.j, 0.00000000e+00+0.j,
                3.20493781e-17+0.j, 0.00000000e+00+0.j,
                0.00000000e+00+0.j, 3.08148791e-33+0.j]],
              dims=(2, 2, 2))","{'101': 8, '111': 2, '011': 9, '110': 16, '001': 335, '000': 19, '010': 340, '100': 295}","DensityMatrix([[ 2.05657703e-03+1.62273171e-19j,
                -1.67338860e-08+7.14652319e-05j,
                -4.78282331e-10+7.20470410e-05j,
                 4.06442845e-04-3.45652688e-07j,
                -1.44924941e-16+4.30524549e-05j,
                 1.87349791e-04-8.50852112e-09j,
                 1.86895950e-04-7.09656972e-08j,
                 1.13889119e-08+1.46168612e-08j],
               [-1.67338860e-08-7.14652319e-05j,
                 3.31076583e-01-1.11867861e-16j,
                 3.26876474e-01-5.68316966e-05j,
                -7.52092457e-09-2.94949648e-05j,
                 3.23612299e-01-8.94820444e-05j,
                -7.30635407e-17-4.31711346e-05j,
                -7.44229488e-09-4.26262796e-05j,
                 5.48107835e-04-5.73839796e-05j],
               [-4.78282331e-10-7.20470410e-05j,
                 3.26876474e-01+5.68316966e-05j,
                 3.31234894e-01+1.09350563e-16j,
                -6.26235396e-09-2.91138106e-05j,
                 3.24079041e-01-3.69734295e-06j,
                 7.44229481e-09-4.26262796e-05j,
                -1.27525962e-18-4.30767937e-05j,
                 4.74507179e-04-8.60379269e-05j],
               [ 4.06442845e-04+3.45652688e-07j,
                -7.52092457e-09+2.94949648e-05j,
                -6.26235396e-09+2.91138106e-05j,
                 4.39557077e-04-1.35709647e-19j,
                -1.13889120e-08+1.46168613e-08j,
                 1.35413940e-05+3.31165163e-08j,
                -5.61078892e-07+4.99512149e-08j,
                -9.62072029e-19+4.53940732e-07j],
               [-1.44921018e-16-4.30524549e-05j,
                 3.23612299e-01+8.94820444e-05j,
                 3.24079041e-01+3.69734295e-06j,
                -1.13889120e-08-1.46168612e-08j,
                 3.29491058e-01+1.48280408e-17j,
                 1.94536976e-08-4.23291977e-05j,
                 4.78282186e-10-1.31084964e-05j,
                 5.15503022e-04-8.69645254e-05j],
               [ 1.87349791e-04+8.50852112e-09j,
                -7.30364414e-17+4.31711346e-05j,
                 7.44229481e-09+4.26262796e-05j,
                 1.35413940e-05-3.31165163e-08j,
                 1.94536976e-08+4.23291977e-05j,
                 4.65850900e-04-1.53192053e-19j,
                 4.36718268e-04+1.61851908e-07j,
                 7.52092449e-09-3.14439174e-07j],
               [ 1.86895950e-04+7.09656972e-08j,
                -7.44229488e-09+4.26262796e-05j,
                -1.30373921e-18+4.30767937e-05j,
                -5.61078892e-07-4.99512149e-08j,
                 4.78282186e-10+1.31084964e-05j,
                 4.36718268e-04-1.61851908e-07j,
                 1.34222722e-03+1.86072969e-19j,
                 3.54254210e-09-2.22235102e-08j],
               [ 1.13889119e-08-1.46168612e-08j,
                 5.48107835e-04+5.73839796e-05j,
                 4.74507179e-04+8.60379269e-05j,
                -9.58685797e-19-4.53940732e-07j,
                 5.15503022e-04+8.69645254e-05j,
                 7.52092449e-09+3.14439174e-07j,
                 3.54254210e-09+2.22235102e-08j,
                 3.89325243e-03+8.19310743e-19j]],
              dims=(2, 2, 2))"
data/selected_mutant_qc/mutants_wstate_3/wstate_3_Mutant_Remove_x_P2_Q2.qasm,PureState_4,"{'001': 151, '010': 149, '100': 724}","DensityMatrix([[ 0.        +0.j,  0.        -0.j,  0.        -0.j,
                 0.        +0.j,  0.        +0.j,  0.        +0.j,
                 0.        +0.j,  0.        +0.j],
               [ 0.        +0.j,  0.16666667+0.j,  0.16666667+0.j,
                 0.        +0.j, -0.33333333+0.j,  0.        +0.j,
                 0.        +0.j,  0.        +0.j],
               [ 0.        +0.j,  0.16666667+0.j,  0.16666667+0.j,
                 0.        +0.j, -0.33333333+0.j,  0.        +0.j,
                 0.        +0.j,  0.        +0.j],
               [ 0.        +0.j,  0.        -0.j,  0.        -0.j,
                 0.        +0.j,  0.        +0.j,  0.        +0.j,
                 0.        +0.j,  0.        +0.j],
               [ 0.        +0.j, -0.33333333-0.j, -0.33333333-0.j,
                 0.        +0.j,  0.66666667+0.j,  0.        +0.j,
                 0.        +0.j,  0.        +0.j],
               [ 0.        +0.j,  0.        -0.j,  0.        -0.j,
                 0.        +0.j,  0.        +0.j,  0.        +0.j,
                 0.        +0.j,  0.        +0.j],
               [ 0.        +0.j,  0.        -0.j,  0.        -0.j,
                 0.        +0.j,  0.        +0.j,  0.        +0.j,
                 0.        +0.j,  0.        +0.j],
               [ 0.        +0.j,  0.        -0.j,  0.        -0.j,
                 0.        +0.j,  0.        +0.j,  0.        +0.j,
                 0.        +0.j,  0.        +0.j]],
              dims=(2, 2, 2))","{'101': 7, '110': 10, '111': 8, '011': 3, '000': 23, '010': 160, '100': 650, '001': 163}","DensityMatrix([[ 2.72865719e-03-5.11157070e-21j,
                -6.65333805e-09-2.78180836e-05j,
                -1.54852110e-08-2.72389789e-05j,
                 2.04694125e-04-6.22622925e-07j,
                -7.29718935e-17+8.54770199e-05j,
                -1.87073913e-04-4.20229133e-08j,
                -1.86631729e-04+2.05443116e-08j,
                 2.26327487e-08+4.13017456e-08j],
               [-6.65333805e-09+2.78180836e-05j,
                 1.67208393e-01-3.48095040e-17j,
                 1.63762153e-01-2.79055786e-05j,
                 7.48600433e-09-1.47917102e-05j,
                -3.23299563e-01-3.23465293e-05j,
                -3.70475219e-17-2.18209797e-05j,
                -3.70466482e-09-2.13763227e-05j,
                -5.47605340e-04+5.71223199e-05j],
               [-1.54852110e-08+2.72389789e-05j,
                 1.63762153e-01+2.79055786e-05j,
                 1.68524543e-01+2.04860148e-17j,
                 1.36639375e-08-1.44923930e-05j,
                -3.23765810e-01-1.18223908e-04j,
                 3.70466468e-09-2.13763227e-05j,
                -1.09310418e-16-2.17635087e-05j,
                -4.74086601e-04+8.57762562e-05j],
               [ 2.04694125e-04+6.22622925e-07j,
                 7.48600433e-09+1.47917102e-05j,
                 1.36639375e-08+1.44923930e-05j,
                 2.32215477e-04-6.99827396e-20j,
                -2.26327486e-08+4.13017456e-08j,
                -1.35224715e-05-3.81277617e-08j,
                 5.66353417e-07-4.96415267e-08j,
                -8.93650644e-19+5.73857626e-07j],
               [-7.29820564e-17-8.54770199e-05j,
                -3.23299563e-01+3.23465293e-05j,
                -3.23765810e-01+1.18223908e-04j,
                -2.26327486e-08-4.13017456e-08j,
                 6.54106437e-01-7.34085085e-18j,
                 1.96326453e-08+4.24525690e-05j,
                 1.54852113e-08+1.00688779e-04j,
                 5.18502006e-04-1.73096119e-04j],
               [-1.87073913e-04+4.20229133e-08j,
                -3.70424413e-17+2.18209797e-05j,
                 3.70466468e-09+2.13763227e-05j,
                -1.35224715e-05+3.81277617e-08j,
                 1.96326453e-08-4.24525690e-05j,
                 4.25071865e-04-7.58861168e-20j,
                 3.81026894e-04+4.06622800e-07j,
                -7.48600436e-09-5.11569421e-07j],
               [-1.86631729e-04-2.05443116e-08j,
                -3.70466482e-09+2.13763227e-05j,
                -1.09320582e-16+2.17635087e-05j,
                 5.66353417e-07+4.96415267e-08j,
                 1.54852113e-08-1.00688779e-04j,
                 3.81026894e-04-4.06622800e-07j,
                 2.17209322e-03-3.43590997e-21j,
                -2.66432447e-08-1.42092467e-07j],
               [ 2.26327487e-08-4.13017456e-08j,
                -5.47605340e-04-5.71223199e-05j,
                -4.74086601e-04-8.57762562e-05j,
                -8.93651059e-19-5.73857626e-07j,
                 5.18502006e-04+1.73096119e-04j,
                -7.48600436e-09+5.11569421e-07j,
                -2.66432447e-08+1.42092467e-07j,
                 4.60258926e-03-7.40047645e-18j]],
              dims=(2, 2, 2))"
data/selected_mutant_qc/mutants_wstate_3/wstate_3_Mutant_Remove_x_P2_Q2.qasm,PureState_5,"{'111': 327, '010': 338, '001': 359}","DensityMatrix([[ 0.00000000e+00+0.j,  0.00000000e+00-0.j,
                 0.00000000e+00+0.j,  0.00000000e+00+0.j,
                 0.00000000e+00-0.j,  0.00000000e+00+0.j,
                 0.00000000e+00+0.j,  0.00000000e+00+0.j],
               [ 0.00000000e+00+0.j,  3.33333333e-01+0.j,
                -3.33333333e-01+0.j,  0.00000000e+00+0.j,
                 3.20493781e-17+0.j,  0.00000000e+00+0.j,
                 0.00000000e+00+0.j, -3.33333333e-01+0.j],
               [ 0.00000000e+00+0.j, -3.33333333e-01-0.j,
                 3.33333333e-01+0.j,  0.00000000e+00+0.j,
                -3.20493781e-17-0.j,  0.00000000e+00+0.j,
                 0.00000000e+00+0.j,  3.33333333e-01+0.j],
               [ 0.00000000e+00+0.j,  0.00000000e+00-0.j,
                 0.00000000e+00+0.j,  0.00000000e+00+0.j,
                 0.00000000e+00-0.j,  0.00000000e+00+0.j,
                 0.00000000e+00+0.j,  0.00000000e+00+0.j],
               [ 0.00000000e+00+0.j,  3.20493781e-17+0.j,
                -3.20493781e-17+0.j,  0.00000000e+00+0.j,
                 3.08148791e-33+0.j,  0.00000000e+00+0.j,
                 0.00000000e+00+0.j, -3.20493781e-17+0.j],
               [ 0.00000000e+00+0.j,  0.00000000e+00-0.j,
                 0.00000000e+00+0.j,  0.00000000e+00+0.j,
                 0.00000000e+00-0.j,  0.00000000e+00+0.j,
                 0.00000000e+00+0.j,  0.00000000e+00+0.j],
               [ 0.00000000e+00+0.j,  0.00000000e+00-0.j,
                 0.00000000e+00+0.j,  0.00000000e+00+0.j,
                 0.00000000e+00-0.j,  0.00000000e+00+0.j,
                 0.00000000e+00+0.j,  0.00000000e+00+0.j],
               [ 0.00000000e+00+0.j, -3.33333333e-01-0.j,
                 3.33333333e-01+0.j,  0.00000000e+00+0.j,
                -3.20493781e-17-0.j,  0.00000000e+00+0.j,
                 0.00000000e+00+0.j,  3.33333333e-01+0.j]],
              dims=(2, 2, 2))","{'100': 5, '110': 11, '011': 14, '111': 322, '001': 334, '101': 14, '000': 3, '010': 321}","DensityMatrix([[ 4.96749384e-04-2.28760376e-19j,
                -1.62762761e-08-2.89565825e-05j,
                 7.51165467e-09+2.93823845e-05j,
                -4.02755477e-04-3.45652688e-07j,
                -7.97334542e-19+4.17868132e-07j,
                -8.16890384e-07+4.99725341e-08j,
                -7.06254215e-05-3.24968678e-08j,
                 1.13889119e-08+5.23835345e-08j],
               [-1.62762761e-08+2.89565825e-05j,
                 3.31587799e-01+2.24270375e-17j,
                -3.25876750e-01-5.68316966e-05j,
                 4.80068312e-10+1.28758223e-05j,
                 4.38637180e-05-8.59300447e-05j,
                -1.45383929e-16-4.31228488e-05j,
                -7.44229481e-09+4.24960937e-05j,
                -3.24151644e-01+3.72114383e-06j],
               [ 7.51165467e-09-2.93823845e-05j,
                -3.25876750e-01+5.68316966e-05j,
                 3.30723863e-01-3.29402861e-17j,
                -6.69926190e-09-1.33976098e-05j,
                -1.14602880e-04+5.73125330e-05j,
                 7.44229502e-09+4.24960937e-05j,
                -7.31215728e-17-4.31175484e-05j,
                 3.23202799e-01-8.94318173e-05j],
               [-4.02755477e-04+3.45652688e-07j,
                 4.80068312e-10-1.28758223e-05j,
                -6.69926190e-09+1.33976098e-05j,
                 1.99919928e-03+1.08472089e-19j,
                -1.13889119e-08+5.23835345e-08j,
                -1.86823149e-04+6.08119932e-08j,
                 1.87106275e-04-8.46461883e-09j,
                -9.29223846e-19+4.30809964e-05j],
               [-8.10887737e-19-4.17868132e-07j,
                 4.38637180e-05+8.59300447e-05j,
                -1.14602880e-04-5.73125330e-05j,
                -1.13889119e-08-5.23835345e-08j,
                 3.67569017e-03-4.83326884e-17j,
                 1.89960880e-08-4.45804988e-08j,
                -7.51165475e-09+3.65683532e-07j,
                -2.24438535e-06-8.69645254e-05j],
               [-8.16890384e-07-4.99725341e-08j,
                -1.45389540e-16+4.31228488e-05j,
                 7.44229502e-09-4.24960937e-05j,
                -1.86823149e-04-6.08119932e-08j,
                 1.89960880e-08+4.45804988e-08j,
                 1.34243835e-03+8.67262153e-20j,
                -4.33983630e-04+1.61851908e-07j,
                -4.80068168e-10-7.18653804e-05j],
               [-7.06254215e-05+3.24968678e-08j,
                -7.44229481e-09-4.24960937e-05j,
                -7.31114076e-17+4.31175484e-05j,
                 1.87106275e-04+8.46461883e-09j,
                -7.51165475e-09-3.65683532e-07j,
                -4.33983630e-04-1.61851908e-07j,
                 5.23102667e-04-1.73186176e-19j,
                 3.97945004e-09+4.23987728e-05j],
               [ 1.13889119e-08-5.23835345e-08j,
                -3.24151644e-01-3.72114383e-06j,
                 3.23202799e-01+8.94318173e-05j,
                -9.23930627e-19-4.30809964e-05j,
                -2.24438535e-06+8.69645254e-05j,
                -4.80068168e-10+7.18653804e-05j,
                 3.97945004e-09-4.23987728e-05j,
                 3.29651158e-01+2.05730087e-17j]],
              dims=(2, 2, 2))"
data/selected_mutant_qc/mutants_wstate_3/wstate_3_Mutant_Remove_x_P2_Q2.qasm,PureState_6,{'011': 1024},"DensityMatrix([[ 0.00000000e+00+0.j,  0.00000000e+00+0.j,
                 0.00000000e+00+0.j,  0.00000000e+00+0.j,
                 0.00000000e+00+0.j,  0.00000000e+00-0.j,
                 0.00000000e+00-0.j,  0.00000000e+00+0.j],
               [ 0.00000000e+00+0.j,  0.00000000e+00+0.j,
                 0.00000000e+00+0.j,  0.00000000e+00+0.j,
                 0.00000000e+00+0.j,  0.00000000e+00-0.j,
                 0.00000000e+00-0.j,  0.00000000e+00+0.j],
               [ 0.00000000e+00+0.j,  0.00000000e+00+0.j,
                 0.00000000e+00+0.j,  0.00000000e+00+0.j,
                 0.00000000e+00+0.j,  0.00000000e+00-0.j,
                 0.00000000e+00-0.j,  0.00000000e+00+0.j],
               [ 0.00000000e+00+0.j,  0.00000000e+00+0.j,
                 0.00000000e+00+0.j,  1.00000000e+00+0.j,
                 0.00000000e+00+0.j, -1.06215989e-17-0.j,
                -2.56428082e-17-0.j,  0.00000000e+00+0.j],
               [ 0.00000000e+00+0.j,  0.00000000e+00+0.j,
                 0.00000000e+00+0.j,  0.00000000e+00+0.j,
                 0.00000000e+00+0.j,  0.00000000e+00-0.j,
                 0.00000000e+00-0.j,  0.00000000e+00+0.j],
               [ 0.00000000e+00+0.j,  0.00000000e+00+0.j,
                 0.00000000e+00+0.j, -1.06215989e-17+0.j,
                 0.00000000e+00+0.j,  1.12818364e-34+0.j,
                 2.72367625e-34+0.j,  0.00000000e+00+0.j],
               [ 0.00000000e+00+0.j,  0.00000000e+00+0.j,
                 0.00000000e+00+0.j, -2.56428082e-17+0.j,
                 0.00000000e+00+0.j,  2.72367625e-34+0.j,
                 6.57553614e-34+0.j,  0.00000000e+00+0.j],
               [ 0.00000000e+00+0.j,  0.00000000e+00+0.j,
                 0.00000000e+00+0.j,  0.00000000e+00+0.j,
                 0.00000000e+00+0.j,  0.00000000e+00-0.j,
                 0.00000000e+00-0.j,  0.00000000e+00+0.j]],
              dims=(2, 2, 2))","{'010': 8, '000': 8, '110': 3, '001': 14, '101': 6, '111': 29, '011': 956}","DensityMatrix([[ 4.68455441e-03-4.93321781e-17j,
                 2.31436523e-08+8.87923249e-08j,
                -1.05799151e-11+3.98906761e-07j,
                 9.99626754e-04-2.60031818e-04j,
                 1.04202092e-18+6.10030880e-07j,
                 6.70153397e-08+1.12172216e-08j,
                -8.05106024e-08+4.07922019e-08j,
                 3.39005264e-08+1.30421532e-07j],
               [ 2.31436523e-08-8.87923249e-08j,
                 2.69927262e-03+5.07972908e-20j,
                 5.73300439e-07+7.12749910e-07j,
                -2.40405954e-08-8.74099372e-05j,
                -3.11895027e-10+4.73976483e-10j,
                 1.51759519e-18-4.05587498e-07j,
                 4.09238220e-11+8.00085424e-08j,
                -3.14104647e-08-5.86260635e-08j],
               [-1.05799152e-11-3.98906761e-07j,
                 5.73300439e-07-7.12749910e-07j,
                 2.38256933e-04-9.87955884e-20j,
                 8.20391718e-10-1.06551933e-07j,
                -2.96075166e-08+3.99270117e-08j,
                -4.09238223e-11+8.00085424e-08j,
                 7.81474454e-19-4.02096607e-07j,
                 4.29984074e-08+5.79670662e-08j],
               [ 9.99626754e-04+2.60031818e-04j,
                -2.40405954e-08+8.74099372e-05j,
                 8.20391718e-10+1.06551933e-07j,
                 9.82227886e-01+3.34024709e-17j,
                -3.39005264e-08+1.30421532e-07j,
                -1.35967618e-04+1.83475765e-04j,
                 1.35606821e-04-1.82902749e-04j,
                 2.17159110e-16+1.28053394e-04j],
               [ 1.02915731e-18-6.10030880e-07j,
                -3.11895027e-10-4.73976483e-10j,
                -2.96075166e-08-3.99270117e-08j,
                -3.39005264e-08-1.30421532e-07j,
                 1.03544646e-05-4.51712486e-20j,
                 1.16995297e-10-5.40807935e-08j,
                 1.05799155e-11+2.93850429e-07j,
                 3.15654417e-07-2.79473348e-07j],
               [ 6.70153397e-08-1.12172216e-08j,
                 1.51081988e-18+4.05587498e-07j,
                -4.09238223e-11-8.00085424e-08j,
                -1.35967618e-04-1.83475765e-04j,
                 1.16995297e-10+5.40807935e-08j,
                 5.77854844e-03-1.08380733e-17j,
                -6.09469203e-04+1.02129557e-06j,
                 2.40405956e-08-6.24657139e-07j],
               [-8.05106023e-08-4.07922020e-08j,
                 4.09238220e-11-8.00085424e-08j,
                 7.79336748e-19+4.02096607e-07j,
                 1.35606821e-04+1.82902749e-04j,
                 1.05799155e-11-2.93850429e-07j,
                -6.09469203e-04-1.02129557e-06j,
                 3.30295060e-03+8.05960785e-18j,
                -2.40810393e-08+7.18404012e-08j],
               [ 3.39005264e-08-1.30421532e-07j,
                -3.14104647e-08+5.86260635e-08j,
                 4.29984074e-08-5.79670662e-08j,
                 2.17172660e-16-1.28053394e-04j,
                 3.15654417e-07+2.79473348e-07j,
                 2.40405956e-08+6.24657139e-07j,
                -2.40810393e-08-7.18404012e-08j,
                 1.05817565e-03+2.26604844e-20j]],
              dims=(2, 2, 2))"
data/selected_mutant_qc/mutants_wstate_3/wstate_3_Mutant_Remove_x_P2_Q2.qasm,PureState_7,"{'110': 510, '101': 514}","DensityMatrix([[ 1.12818364e-34+0.j,  0.00000000e+00+0.j,
                 0.00000000e+00+0.j, -2.72367625e-34-0.j,
                 0.00000000e+00+0.j,  7.51060464e-18+0.j,
                 7.51060464e-18+0.j,  0.00000000e+00+0.j],
               [ 0.00000000e+00+0.j,  0.00000000e+00+0.j,
                 0.00000000e+00+0.j,  0.00000000e+00-0.j,
                 0.00000000e+00+0.j,  0.00000000e+00+0.j,
                 0.00000000e+00+0.j,  0.00000000e+00+0.j],
               [ 0.00000000e+00+0.j,  0.00000000e+00+0.j,
                 0.00000000e+00+0.j,  0.00000000e+00-0.j,
                 0.00000000e+00+0.j,  0.00000000e+00+0.j,
                 0.00000000e+00+0.j,  0.00000000e+00+0.j],
               [-2.72367625e-34+0.j,  0.00000000e+00+0.j,
                 0.00000000e+00+0.j,  6.57553614e-34+0.j,
                 0.00000000e+00+0.j, -1.81322036e-17+0.j,
                -1.81322036e-17+0.j,  0.00000000e+00+0.j],
               [ 0.00000000e+00+0.j,  0.00000000e+00+0.j,
                 0.00000000e+00+0.j,  0.00000000e+00-0.j,
                 0.00000000e+00+0.j,  0.00000000e+00+0.j,
                 0.00000000e+00+0.j,  0.00000000e+00+0.j],
               [ 7.51060464e-18+0.j,  0.00000000e+00+0.j,
                 0.00000000e+00+0.j, -1.81322036e-17-0.j,
                 0.00000000e+00+0.j,  5.00000000e-01+0.j,
                 5.00000000e-01+0.j,  0.00000000e+00+0.j],
               [ 7.51060464e-18+0.j,  0.00000000e+00+0.j,
                 0.00000000e+00+0.j, -1.81322036e-17-0.j,
                 0.00000000e+00+0.j,  5.00000000e-01+0.j,
                 5.00000000e-01+0.j,  0.00000000e+00+0.j],
               [ 0.00000000e+00+0.j,  0.00000000e+00+0.j,
                 0.00000000e+00+0.j,  0.00000000e+00-0.j,
                 0.00000000e+00+0.j,  0.00000000e+00+0.j,
                 0.00000000e+00+0.j,  0.00000000e+00+0.j]],
              dims=(2, 2, 2))","{'100': 7, '000': 9, '010': 25, '011': 5, '111': 8, '001': 12, '110': 456, '101': 502}","DensityMatrix([[ 4.93165427e-03+1.24047755e-18j,
                 2.40443932e-08+2.16805216e-07j,
                 2.40351813e-08+6.10995250e-07j,
                 5.15596656e-04-8.45629321e-07j,
                 1.04700413e-18+5.48865747e-07j,
                 1.34104946e-04-1.83134664e-04j,
                 1.34249718e-04-1.83434383e-04j,
                 1.24131340e-10-1.21177290e-08j],
               [ 2.40443932e-08-2.16805216e-07j,
                 1.75387361e-03-1.26722461e-19j,
                 1.72889902e-03-3.00039864e-07j,
                 3.85162588e-11-4.39303120e-07j,
                 3.68268394e-08+5.80452146e-08j,
                 1.09470149e-16-6.45610584e-05j,
                -1.11868870e-08-6.39158188e-05j,
                -1.42279252e-10-7.39217576e-09j],
               [ 2.40351813e-08-6.10995250e-07j,
                 1.72889902e-03+3.00039864e-07j,
                 1.75557227e-03+9.26445298e-20j,
                -1.79693614e-11-1.99266495e-07j,
                 3.65882280e-08+5.85521447e-08j,
                 1.11868872e-08-6.39158188e-05j,
                 1.09290044e-16-6.44297789e-05j,
                -5.94478719e-09+5.47953599e-10j],
               [ 5.15596656e-04+8.45629321e-07j,
                 3.85162588e-11+4.39303120e-07j,
                -1.79693614e-11+1.99266495e-07j,
                 3.19531368e-03-8.41622180e-18j,
                -1.24131340e-10-1.21177290e-08j,
                 2.65221959e-07-2.86466682e-07j,
                 2.50928839e-07-2.32945999e-07j,
                 6.81606864e-19+3.33800470e-07j],
               [ 1.02667785e-18-5.48865747e-07j,
                 3.68268395e-08-5.80452146e-08j,
                 3.65882280e-08-5.85521447e-08j,
                -1.24131340e-10+1.21177290e-08j,
                 7.22610692e-04+2.68274754e-20j,
                -3.16031872e-08+4.34477896e-05j,
                -2.40351814e-08+4.37892634e-05j,
                 6.05469158e-04+1.04967988e-07j],
               [ 1.34104946e-04+1.83134664e-04j,
                 1.09477836e-16+6.45610584e-05j,
                 1.11868872e-08+6.39158188e-05j,
                 2.65221959e-07+2.86466682e-07j,
                -3.16031872e-08-4.34477896e-05j,
                 4.94002842e-01-2.93919883e-17j,
                 4.89058242e-01-8.55950303e-05j,
                -3.85163680e-11-4.39032457e-05j],
               [ 1.34249718e-04+1.83434383e-04j,
                -1.11868870e-08+6.39158188e-05j,
                 1.09283267e-16+6.44297789e-05j,
                 2.50928839e-07+2.32945999e-07j,
                -2.40351814e-08-4.37892634e-05j,
                 4.89058242e-01+8.55950303e-05j,
                 4.93003568e-01+2.57884848e-17j,
                 7.57676316e-09-4.34653283e-05j],
               [ 1.24131340e-10+1.21177290e-08j,
                -1.42279252e-10+7.39217576e-09j,
                -5.94478719e-09-5.47953599e-10j,
                 6.79396842e-19-3.33800470e-07j,
                 6.05469158e-04-1.04967988e-07j,
                -3.85163680e-11+4.39032457e-05j,
                 7.57676316e-09+4.34653283e-05j,
                 6.34565530e-04-4.43075105e-20j]],
              dims=(2, 2, 2))"
data/selected_mutant_qc/mutants_wstate_3/wstate_3_Mutant_Remove_x_P2_Q2.qasm,Quratest_0,"{'110': 9, '100': 73, '010': 7, '000': 110, '001': 137, '111': 169, '011': 234, '101': 285}","DensityMatrix([[ 0.09166768+0.00000000e+00j, -0.05513474+9.60525995e-02j,
                 0.01241717-2.16324775e-02j, -0.1449597 +0.00000000e+00j,
                -0.07207493-3.46619168e-02j,  0.12487234+1.00383461e-01j,
                -0.02812311-2.26078521e-02j,  0.11397648+5.48130027e-02j],
               [-0.05513474-9.60525995e-02j,  0.13380879+0.00000000e+00j,
                -0.03013573-4.11996826e-18j,  0.08718793+1.51893833e-01j,
                 0.00703046+9.63705006e-02j,  0.03007918-1.91222561e-01j,
                -0.00677428+4.30661716e-02j, -0.01111769-1.52396549e-01j],
               [ 0.01241717+2.16324775e-02j, -0.03013573+4.11996826e-18j,
                 0.00678702+0.00000000e+00j, -0.01963602-3.42087558e-02j,
                -0.00158336-2.17040736e-02j, -0.00677428+4.30661716e-02j,
                 0.00152567-9.69914393e-03j,  0.00250387+3.43219750e-02j],
               [-0.1449597 +0.00000000e+00j,  0.08718793-1.51893833e-01j,
                -0.01963602+3.42087558e-02j,  0.22923361+0.00000000e+00j,
                 0.11397648+5.48130027e-02j, -0.19746824-1.58742489e-01j,
                 0.04447279+3.57511752e-02j, -0.18023797-8.66791436e-02j],
               [-0.07207493+3.46619168e-02j,  0.00703046-9.63705006e-02j,
                -0.00158336+2.17040736e-02j,  0.11397648-5.48130027e-02j,
                 0.06977644+0.00000000e+00j, -0.13614011-3.17103748e-02j,
                 0.03066078+7.14164918e-03j, -0.11034174+4.33680869e-19j],
               [ 0.12487234-1.00383461e-01j,  0.03007918+1.91222561e-01j,
                -0.00677428-4.30661716e-02j, -0.19746824+1.58742489e-01j,
                -0.13614011+3.17103748e-02j,  0.28003261+0.00000000e+00j,
                -0.06306752+1.73472348e-18j,  0.21528666-5.01455493e-02j],
               [-0.02812311+2.26078521e-02j, -0.00677428-4.30661716e-02j,
                 0.00152567+9.69914393e-03j,  0.04447279-3.57511752e-02j,
                 0.03066078-7.14164918e-03j, -0.06306752-1.73472348e-18j,
                 0.01420375+0.00000000e+00j, -0.04848577+1.12935253e-02j],
               [ 0.11397648-5.48130027e-02j, -0.01111769+1.52396549e-01j,
                 0.00250387-3.43219750e-02j, -0.18023797+8.66791436e-02j,
                -0.11034174-4.33680869e-19j,  0.21528666+5.01455493e-02j,
                -0.04848577-1.12935253e-02j,  0.17449011+0.00000000e+00j]],
              dims=(2, 2, 2))","{'110': 21, '010': 9, '000': 109, '001': 149, '100': 81, '101': 239, '111': 173, '011': 243}","DensityMatrix([[ 0.0920425 -3.81715736e-17j, -0.05351873+9.24434107e-02j,
                 0.01214044-2.08492477e-02j, -0.14138394-1.11247976e-04j,
                -0.070663  -3.31728744e-02j,  0.1200247 +9.63976990e-02j,
                -0.0271122 -2.18588760e-02j,  0.10956579+5.22361116e-02j],
               [-0.05351873-9.24434107e-02j,  0.13513589-1.72040639e-18j,
                -0.03039139-2.39007023e-05j,  0.08481265+1.46741563e-01j,
                 0.00684943+9.26267123e-02j,  0.02848276-1.84814849e-01j,
                -0.00626738+4.12586883e-02j, -0.01076994-1.46987768e-01j],
               [ 0.01214044+2.08492477e-02j, -0.03039139+2.39007023e-05j,
                 0.00858787+2.77452292e-17j, -0.01907732-3.29398854e-02j,
                -0.00161442-2.09685110e-02j, -0.00619919+4.12705345e-02j,
                 0.00069566-1.00450574e-02j,  0.00244783+3.30093867e-02j],
               [-0.14138394+1.11247976e-04j,  0.08481265-1.46741563e-01j,
                -0.01907732+3.29398854e-02j,  0.22690018-1.71771713e-18j,
                 0.10964766+5.20636025e-02j, -0.19055567-1.52817751e-01j,
                 0.04277452+3.43671880e-02j, -0.1749637 -8.27889153e-02j],
               [-0.070663  +3.31728744e-02j,  0.00684943-9.26267123e-02j,
                -0.00161442+2.09685110e-02j,  0.10964766-5.20636025e-02j,
                 0.07007325-1.03621263e-17j, -0.13093719-3.07831082e-02j,
                 0.02964003+6.98495342e-03j, -0.10794093-8.48457526e-05j],
               [ 0.1200247 -9.63976990e-02j,  0.02848276+1.84814849e-01j,
                -0.00619919-4.12705345e-02j, -0.19055567+1.52817751e-01j,
                -0.13093719+3.07831082e-02j,  0.27746552+4.34594311e-18j,
                -0.06206051-5.00172553e-05j,  0.20780482-4.87062209e-02j],
               [-0.0271122 +2.18588760e-02j, -0.00626738-4.12586883e-02j,
                 0.00069566+1.00450574e-02j,  0.04277452-3.43671880e-02j,
                 0.02964003-6.98495342e-03j, -0.06206051+5.00172553e-05j,
                 0.01670385-3.42351546e-18j, -0.04667015+1.09839491e-02j],
               [ 0.10956579-5.22361116e-02j, -0.01076994+1.46987768e-01j,
                 0.00244783-3.30093867e-02j, -0.1749637 +8.27889153e-02j,
                -0.10794093+8.48457526e-05j,  0.20780482+4.87062209e-02j,
                -0.04667015-1.09839491e-02j,  0.17309093+4.34622619e-18j]],
              dims=(2, 2, 2))"
data/selected_mutant_qc/mutants_wstate_3/wstate_3_Mutant_Remove_x_P2_Q2.qasm,Quratest_1,"{'001': 58, '111': 20, '110': 53, '010': 94, '101': 508, '100': 291}","DensityMatrix([[ 6.92790061e-05+0.00000000e+00j,
                 1.99103612e-03-1.01857407e-04j,
                 2.17671562e-03-1.01872129e-03j,
                -5.20163489e-05+3.92797541e-05j,
                -4.31039554e-03+1.11378513e-03j,
                 4.81372390e-03-3.41357433e-03j,
                 1.30606763e-03+1.49598922e-03j,
                -2.00792290e-04+9.43878073e-04j],
               [ 1.99103612e-03+1.01857407e-04j,
                 5.73709118e-02+0.00000000e+00j,
                 6.40552453e-02-2.60771100e-02j,
                -1.55266897e-03+1.05239903e-03j,
                -1.25515664e-01+2.56721452e-02j,
                 1.43362276e-01-9.10266572e-02j,
                 3.53361052e-02+4.49140569e-02j,
                -7.15838322e-03+2.68312618e-02j],
               [ 2.17671562e-03+1.01872129e-03j,
                 6.40552453e-02+2.60771100e-02j,
                 8.33713456e-02+0.00000000e+00j,
                -2.21192436e-03+4.69271927e-04j,
                -1.51808499e-01-2.83880832e-02j,
                 2.01440373e-01-3.64690217e-02j,
                 1.90381161e-02+6.62085422e-02j,
                -2.01881707e-02+2.67036563e-02j],
               [-5.20163489e-05-3.92797541e-05j,
                -1.55266897e-03-1.05239903e-03j,
                -2.21192436e-03-4.69271927e-04j,
                 6.13259323e-05+0.00000000e+00j,
                 3.86784192e-03+1.60764779e-03j,
                -5.54968559e-03-1.66287284e-04j,
                -1.32432342e-04-1.86373795e-03j,
                 6.85918911e-04-5.94841377e-04j],
               [-4.31039554e-03-1.11378513e-03j,
                -1.25515664e-01-2.56721452e-02j,
                -1.51808499e-01+2.83880832e-02j,
                 3.86784192e-03-1.60764779e-03j,
                 2.86089944e-01+0.00000000e+00j,
                -3.54379251e-01+1.34996184e-01j,
                -5.72100810e-02-1.14074731e-01j,
                 2.76674228e-02-5.54980301e-02j],
               [ 4.81372390e-03+3.41357433e-03j,
                 1.43362276e-01+9.10266572e-02j,
                 2.01440373e-01+3.64690217e-02j,
                -5.54968559e-03+1.66287284e-04j,
                -3.54379251e-01-1.34996184e-01j,
                 5.02669270e-01+0.00000000e+00j,
                 1.70380416e-02+1.68299729e-01j,
                -6.04592479e-02+5.56900170e-02j],
               [ 1.30606763e-03-1.49598922e-03j,
                 3.53361052e-02-4.49140569e-02j,
                 1.90381161e-02-6.62085422e-02j,
                -1.32432342e-04+1.86373795e-03j,
                -5.72100810e-02+1.14074731e-01j,
                 1.70380416e-02-1.68299729e-01j,
                 5.69262843e-02+0.00000000e+00j,
                 1.65964146e-02+2.21301053e-02j],
               [-2.00792290e-04-9.43878073e-04j,
                -7.15838322e-03-2.68312618e-02j,
                -2.01881707e-02-2.67036563e-02j,
                 6.85918911e-04+5.94841377e-04j,
                 2.76674228e-02+5.54980301e-02j,
                -6.04592479e-02-5.56900170e-02j,
                 1.65964146e-02-2.21301053e-02j,
                 1.34416386e-02+0.00000000e+00j]],
              dims=(2, 2, 2))","{'011': 3, '111': 31, '001': 67, '110': 59, '000': 12, '010': 97, '100': 256, '101': 499}","DensityMatrix([[ 3.38179562e-03-3.60206721e-17j,
                 9.16343797e-04+1.09222635e-04j,
                 1.71988591e-03-1.28870346e-03j,
                -2.79267760e-04+1.78328377e-05j,
                -3.85335195e-03+1.24002397e-03j,
                 4.61332002e-03-3.44572324e-03j,
                 1.22954347e-03+1.47056993e-03j,
                -8.31598233e-05+9.21272875e-04j],
               [ 9.16343797e-04-1.09222635e-04j,
                 5.97796287e-02+1.98596460e-18j,
                 6.29188958e-02-2.48219331e-02j,
                -1.55509977e-03+9.70609470e-04j,
                -1.21628591e-01+2.47844788e-02j,
                 1.40143684e-01-8.85925622e-02j,
                 3.45683306e-02+4.34502010e-02j,
                -6.95301228e-03+2.59614177e-02j],
               [ 1.71988591e-03+1.28870346e-03j,
                 6.29188958e-02+2.48219331e-02j,
                 8.42007336e-02+7.34489045e-18j,
                -1.91905713e-03+3.43809717e-04j,
                -1.47167719e-01-2.75475643e-02j,
                 1.95719517e-01-3.54111641e-02j,
                 1.91467885e-02+6.41401166e-02j,
                -1.99261536e-02+2.58315844e-02j],
               [-2.79267760e-04-1.78328377e-05j,
                -1.55509977e-03-9.70609470e-04j,
                -1.91905713e-03-3.43809717e-04j,
                 2.71805038e-03-1.48095801e-18j,
                 3.94358145e-03+1.61651110e-03j,
                -5.48316493e-03-6.32924490e-05j,
                -1.70796820e-04-1.84772225e-03j,
                 1.20324017e-03-5.43389098e-04j],
               [-3.85335195e-03-1.24002397e-03j,
                -1.21628591e-01-2.47844788e-02j,
                -1.47167719e-01+2.75475643e-02j,
                 3.94358145e-03-1.61651110e-03j,
                 2.80554527e-01-8.13338171e-18j,
                -3.43060494e-01+1.30655353e-01j,
                -5.57018234e-02-1.10419240e-01j,
                 2.70878178e-02-5.41781451e-02j],
               [ 4.61332002e-03+3.44572324e-03j,
                 1.40143684e-01+8.85925622e-02j,
                 1.95719517e-01+3.54111641e-02j,
                -5.48316493e-03+6.32924490e-05j,
                -3.43060494e-01-1.30655353e-01j,
                 4.93427082e-01+8.89291643e-17j,
                 1.73504443e-02+1.64048706e-01j,
                -5.88076561e-02+5.41887570e-02j],
               [ 1.22954347e-03-1.47056993e-03j,
                 3.45683306e-02-4.34502010e-02j,
                 1.91467885e-02-6.41401166e-02j,
                -1.70796820e-04+1.84772225e-03j,
                -5.57018234e-02+1.10419240e-01j,
                 1.73504443e-02-1.64048706e-01j,
                 5.97482980e-02-1.50931349e-17j,
                 1.58243646e-02+2.15125149e-02j],
               [-8.31598233e-05-9.21272875e-04j,
                -6.95301228e-03-2.59614177e-02j,
                -1.99261536e-02-2.58315844e-02j,
                 1.20324017e-03+5.43389098e-04j,
                 2.70878178e-02+5.41781451e-02j,
                -5.88076561e-02-5.41887570e-02j,
                 1.58243646e-02-2.15125149e-02j,
                 1.61898832e-02-8.19449111e-18j]],
              dims=(2, 2, 2))"
data/selected_mutant_qc/mutants_wstate_3/wstate_3_Mutant_Remove_x_P2_Q2.qasm,Quratest_2,"{'011': 14, '111': 40, '110': 90, '001': 68, '100': 228, '010': 18, '000': 172, '101': 394}","DensityMatrix([[ 0.15285179+0.00000000e+00j, -0.05685437+8.86051677e-02j,
                -0.02538789+3.95659624e-02j, -0.05848221+0.00000000e+00j,
                -0.15381237-1.05976590e-01j,  0.14311059-2.00494416e-01j,
                 0.06390494-8.95292536e-02j,  0.05884973+4.05474130e-02j],
               [-0.05685437-8.86051677e-02j,  0.07251008+0.00000000e+00j,
                 0.03237882+1.51788304e-17j,  0.02175289+3.39009807e-02j,
                -0.00422087+1.28580782e-01j, -0.16945371-8.38298609e-03j,
                -0.07566826-3.74335855e-03j,  0.00161494-4.91959413e-02j],
               [-0.02538789-3.95659624e-02j,  0.03237882-1.51788304e-17j,
                 0.01445852+0.00000000e+00j,  0.00971359+1.51382246e-02j,
                -0.0018848 +5.74167685e-02j, -0.07566826-3.74335855e-03j,
                -0.03378909-1.67156823e-03j,  0.00072114-2.19680727e-02j],
               [-0.05848221+0.00000000e+00j,  0.02175289-3.39009807e-02j,
                 0.00971359-1.51382246e-02j,  0.02237572+0.00000000e+00j,
                 0.05884973+4.05474130e-02j, -0.05475515+7.67106199e-02j,
                -0.0244505 +3.42545427e-02j, -0.02251633-1.55137347e-02j],
               [-0.15381237+1.05976590e-01j, -0.00422087-1.28580782e-01j,
                -0.0018848 -5.74167685e-02j,  0.05884973-4.05474130e-02j,
                 0.22825563+0.00000000e+00j, -0.00500135+3.00977131e-01j,
                -0.00223331+1.34399044e-01j, -0.08733226+1.21430643e-17j],
               [ 0.14311059+2.00494416e-01j, -0.16945371+8.38298609e-03j,
                -0.07566826+3.74335855e-03j, -0.05475515-7.67106199e-02j,
                -0.00500135-3.00977131e-01j,  0.39697705+0.00000000e+00j,
                 0.17726707+2.42861287e-17j,  0.00191355+1.15156037e-01j],
               [ 0.06390494+8.95292536e-02j, -0.07566826+3.74335855e-03j,
                -0.03378909+1.67156823e-03j, -0.0244505 -3.42545427e-02j,
                -0.00223331-1.34399044e-01j,  0.17726707-2.42861287e-17j,
                 0.07915726+0.00000000e+00j,  0.00085448+5.14220505e-02j],
               [ 0.05884973-4.05474130e-02j,  0.00161494+4.91959413e-02j,
                 0.00072114+2.19680727e-02j, -0.02251633+1.55137347e-02j,
                -0.08733226-1.21430643e-17j,  0.00191355-1.15156037e-01j,
                 0.00085448-5.14220505e-02j,  0.03341396+0.00000000e+00j]],
              dims=(2, 2, 2))","{'001': 76, '011': 25, '111': 42, '010': 19, '000': 159, '101': 389, '100': 232, '110': 82}","DensityMatrix([[ 0.15367397-3.84554986e-19j, -0.05489341+8.54621456e-02j,
                -0.02453399+3.82863863e-02j, -0.0575676 -6.16673278e-05j,
                -0.14962197-1.02318619e-01j,  0.13753151-1.92600095e-01j,
                 0.06149755-8.62612118e-02j,  0.05645355+3.88959565e-02j],
               [-0.05489341-8.54621456e-02j,  0.07498595-8.29470864e-19j,
                 0.03256818-1.50193789e-05j,  0.0209908 +3.27321911e-02j,
                -0.00406701+1.23251722e-01j, -0.16468101-8.11552778e-03j,
                -0.07273042-3.70358910e-03j,  0.00159622-4.71761809e-02j],
               [-0.02453399-3.82863863e-02j,  0.03256818+1.50193789e-05j,
                 0.0168093 -3.50791193e-17j,  0.00929693+1.45256302e-02j,
                -0.00188128+5.51878154e-02j, -0.07272679-3.77180394e-03j,
                -0.03448887-1.42217502e-03j,  0.00072609-2.09211164e-02j],
               [-0.0575676 +6.16673278e-05j,  0.0209908 -3.27321911e-02j,
                 0.00929693-1.45256302e-02j,  0.0248803 -7.76827000e-18j,
                 0.05653626+3.87753633e-02j, -0.05259931+7.37699194e-02j,
                -0.02330173+3.27316718e-02j, -0.02328131-1.55088954e-02j],
               [-0.14962197+1.02318619e-01j, -0.00406701-1.23251722e-01j,
                -0.00188128-5.51878154e-02j,  0.05653626-3.87753633e-02j,
                 0.22486597-2.67988520e-18j, -0.00560067+2.88996987e-01j,
                -0.00241452+1.29380591e-01j, -0.08491661-9.06274463e-05j],
               [ 0.13753151+1.92600095e-01j, -0.16468101+8.11552778e-03j,
                -0.07272679+3.77180394e-03j, -0.05259931-7.37699194e-02j,
                -0.00560067-2.88996987e-01j,  0.38922307-1.73918210e-17j,
                 0.17231956-8.09979892e-05j,  0.00205689+1.10618525e-01j],
               [ 0.06149755+8.62612118e-02j, -0.07273042+3.70358910e-03j,
                -0.03448887+1.42217502e-03j, -0.02330173-3.27316718e-02j,
                -0.00241452-1.29380591e-01j,  0.17231956+8.09979892e-05j,
                 0.08069752+3.98200500e-17j,  0.00087502+4.90544806e-02j],
               [ 0.05645355-3.88959565e-02j,  0.00159622+4.71761809e-02j,
                 0.00072609+2.09211164e-02j, -0.02328131+1.55088954e-02j,
                -0.08491661+9.06274463e-05j,  0.00205689-1.10618525e-01j,
                 0.00087502-4.90544806e-02j,  0.03486392-1.30542223e-17j]],
              dims=(2, 2, 2))"
data/selected_mutant_qc/mutants_wstate_3/wstate_3_Mutant_Remove_x_P2_Q2.qasm,Quratest_3,"{'100': 52, '110': 154, '001': 108, '011': 25, '111': 143, '101': 310, '010': 88, '000': 144}","DensityMatrix([[ 0.13544131+0.j        , -0.04996247-0.11618902j,
                -0.05848902+0.08874007j,  0.0273502 -0.05261901j,
                -0.07834735+0.02744896j, -0.00058701-0.20011479j,
                 0.03556648+0.14040796j, -0.02919448-0.13235766j],
               [-0.04996247+0.11618902j,  0.11810383+0.j        ,
                -0.05455031-0.08291012j,  0.03505037+0.04287295j,
                 0.00535405-0.07733623j,  0.17188604+0.07331607j,
                -0.13356968-0.02128371j,  0.12431315+0.02378032j],
               [-0.05848902-0.08874007j, -0.05455031+0.08291012j,
                 0.0833997 +0.j        , -0.04628648+0.00480338j,
                 0.05181788+0.039479j  , -0.13086012+0.08680224j,
                 0.07663514-0.08393669j, -0.07411233+0.07628537j],
               [ 0.0273502 +0.05261901j,  0.03505037-0.04287295j,
                -0.04628648-0.00480338j,  0.02596544+0.j        ,
                -0.02648492-0.0248951j ,  0.07762615-0.04063803j,
                -0.04736647+0.04217073j,  0.04552565-0.03806958j],
               [-0.07834735-0.02744896j,  0.00535405+0.07733623j,
                 0.05181788-0.039479j  , -0.02648492+0.0248951j ,
                 0.05088368+0.j        , -0.04021632+0.11587733j,
                 0.00788173-0.08842837j, -0.00993618+0.08248023j],
               [-0.00058701+0.20011479j,  0.17188604-0.07331607j,
                -0.13086012-0.08680224j,  0.07762615+0.04063803j,
                -0.04021632-0.11587733j,  0.29567253+0.j        ,
                -0.20760717+0.05194101j,  0.19568523-0.04256125j],
               [ 0.03556648-0.14040796j, -0.13356968+0.02128371j,
                 0.07663514+0.08393669j, -0.04736647-0.04217073j,
                 0.00788173+0.08842837j, -0.20760717-0.05194101j,
                 0.15489639+0.j        , -0.14487761-0.00449168j],
               [-0.02919448+0.13235766j,  0.12431315-0.02378032j,
                -0.07411233-0.07628537j,  0.04552565+0.03806958j,
                -0.00993618-0.08248023j,  0.19568523+0.04256125j,
                -0.14487761+0.00449168j,  0.13563711+0.j        ]],
              dims=(2, 2, 2))","{'011': 36, '111': 129, '001': 119, '101': 289, '110': 162, '100': 63, '010': 92, '000': 134}","DensityMatrix([[ 0.13496785+2.94907511e-17j, -0.04902478-1.10637233e-01j,
                -0.057202  +8.46463689e-02j,  0.02590831-5.00485178e-02j,
                -0.07528364+2.61920740e-02j, -0.00048283-1.90627816e-01j,
                 0.0339964 +1.33965942e-01j, -0.02785275-1.26052400e-01j],
               [-0.04902478+1.10637233e-01j,  0.11837571+1.72728185e-18j,
                -0.05300509-7.94425210e-02j,  0.03532674+4.06475896e-02j,
                 0.00509493-7.35127844e-02j,  0.1669468 +7.00013644e-02j,
                -0.12754113-2.01005931e-02j,  0.11879088+2.28430657e-02j],
               [-0.057202  -8.46463689e-02j, -0.05300509+7.94425210e-02j,
                 0.08455527-1.21439342e-17j, -0.0459458 +4.63956992e-03j,
                 0.04948871+3.76391393e-02j, -0.1249517 +8.27989532e-02j,
                 0.07543783-8.02828295e-02j, -0.0705195 +7.26773068e-02j],
               [ 0.02590831+5.00485178e-02j,  0.03532674-4.06475896e-02j,
                -0.0459458 -4.63956992e-03j,  0.03131586-1.21491841e-17j,
                -0.02532297-2.37991572e-02j,  0.07423827-3.84063009e-02j,
                -0.0450949 +4.00970247e-02j,  0.04274423-3.62198673e-02j],
               [-0.07528364-2.61920740e-02j,  0.00509493+7.35127844e-02j,
                 0.04948871-3.76391393e-02j, -0.02532297+2.37991572e-02j,
                 0.05233746-2.49559874e-17j, -0.03961117+1.10239313e-01j,
                 0.00632661-8.42453237e-02j, -0.00965794+7.85807710e-02j],
               [-0.00048283+1.90627816e-01j,  0.1669468 -7.00013644e-02j,
                -0.1249517 -8.27989532e-02j,  0.07423827+3.84063009e-02j,
                -0.03961117-1.10239313e-01j,  0.2898607 +1.18354846e-20j,
                -0.19873946+4.94405995e-02j,  0.18824122-4.03418522e-02j],
               [ 0.0339964 -1.33965942e-01j, -0.12754113+2.01005931e-02j,
                 0.07543783+8.02828295e-02j, -0.0450949 -4.00970247e-02j,
                 0.00632661+8.42453237e-02j, -0.19873946-4.94405995e-02j,
                 0.15482041+1.32063721e-17j, -0.13927356-4.27147003e-03j],
               [-0.02785275+1.26052400e-01j,  0.11879088-2.28430657e-02j,
                -0.0705195 -7.26773068e-02j,  0.04274423+3.62198673e-02j,
                -0.00965794-7.85807710e-02j,  0.18824122+4.03418522e-02j,
                -0.13927356+4.27147003e-03j,  0.13376675+1.33924238e-20j]],
              dims=(2, 2, 2))"
data/selected_mutant_qc/mutants_wstate_3/wstate_3_Mutant_Remove_x_P2_Q2.qasm,Quratest_4,"{'011': 11, '111': 6, '110': 18, '101': 9, '010': 127, '000': 414, '100': 360, '001': 79}","DensityMatrix([[ 0.41359437+0.00000000e+00j, -0.0132213 -1.79865351e-01j,
                -0.01698935-2.31126613e-01j,  0.05158585+1.73472348e-18j,
                -0.03060545+3.72266984e-01j,  0.03867599-5.48726913e-02j,
                 0.04969857-7.05112977e-02j, -0.00381729+4.64312618e-02j],
               [-0.0132213 +1.79865351e-01j,  0.07864311+0.00000000e+00j,
                 0.10105624+1.73472348e-17j, -0.00164904+2.24338326e-02j,
                -0.1609144 -2.52100024e-02j,  0.02262688+1.85736555e-02j,
                 0.02907549+2.38671098e-02j, -0.02007016-3.14433531e-03j],
               [-0.01698935+2.31126613e-01j,  0.10105624-1.73472348e-17j,
                 0.12985706+0.00000000e+00j, -0.00211901+2.88274297e-02j,
                -0.20677467-3.23948022e-02j,  0.02907549+2.38671098e-02j,
                 0.03736195+3.06691880e-02j, -0.02579012-4.04046453e-03j],
               [ 0.05158585-1.73472348e-18j, -0.00164904-2.24338326e-02j,
                -0.00211901-2.88274297e-02j,  0.00643408+0.00000000e+00j,
                -0.00381729+4.64312618e-02j,  0.00482389-6.84403509e-03j,
                 0.00619869-8.79457129e-03j, -0.00047611+5.79117185e-03j],
               [-0.03060545-3.72266984e-01j, -0.1609144 +2.52100024e-02j,
                -0.20677467+3.23948022e-02j, -0.00381729-4.64312618e-02j,
                 0.3373339 +0.00000000e+00j, -0.05225165-3.07508811e-02j,
                -0.06714326-3.95148202e-02j,  0.04207421-3.46944695e-18j],
               [ 0.03867599+5.48726913e-02j,  0.02262688-1.85736555e-02j,
                 0.02907549-2.38671098e-02j,  0.00482389+6.84403509e-03j,
                -0.05225165+3.07508811e-02j,  0.01089677+0.00000000e+00j,
                 0.01400233-8.67361738e-19j, -0.00651712+3.83542531e-03j],
               [ 0.04969857+7.05112977e-02j,  0.02907549-2.38671098e-02j,
                 0.03736195-3.06691880e-02j,  0.00619869+8.79457129e-03j,
                -0.06714326+3.95148202e-02j,  0.01400233+8.67361738e-19j,
                 0.01799297+0.00000000e+00j, -0.00837449+4.92851379e-03j],
               [-0.00381729-4.64312618e-02j, -0.02007016+3.14433531e-03j,
                -0.02579012+4.04046453e-03j, -0.00047611-5.79117185e-03j,
                 0.04207421+3.46944695e-18j, -0.00651712-3.83542531e-03j,
                -0.00837449-4.92851379e-03j,  0.00524774+0.00000000e+00j]],
              dims=(2, 2, 2))","{'110': 33, '111': 8, '011': 14, '001': 85, '101': 25, '100': 328, '010': 105, '000': 426}","DensityMatrix([[ 0.4069952 -2.20035618e-17j, -0.01303055-1.74648980e-01j,
                -0.01685629-2.24607426e-01j,  0.05080805-1.45707677e-04j,
                -0.02979101+3.62025076e-01j,  0.03747009-5.32246364e-02j,
                 0.04813776-6.84855697e-02j, -0.0035837 +4.51324952e-02j],
               [-0.01303055+1.74648980e-01j,  0.07937574+2.16745181e-18j,
                 0.0995436 -3.51643767e-05j, -0.00160257+2.21249920e-02j,
                -0.15572048-2.44379093e-02j,  0.02223393+1.73403039e-02j,
                 0.02826652+2.32123699e-02j, -0.01974093-3.05757719e-03j],
               [-0.01685629+2.24607426e-01j,  0.0995436 +3.51643767e-05j,
                 0.1313272 -1.19848924e-18j, -0.00204123+2.82968801e-02j,
                -0.20026077-3.15179784e-02j,  0.02824937+2.32329942e-02j,
                 0.03637752+2.91010565e-02j, -0.02523981-3.89917886e-03j],
               [ 0.05080805+1.45707677e-04j, -0.00160257-2.21249920e-02j,
                -0.00204123-2.82968801e-02j,  0.00885149-4.72605581e-17j,
                -0.00384319+4.51110477e-02j,  0.00475487-6.73510972e-03j,
                 0.0060889 -8.60822783e-03j, -0.00046042+7.57825098e-03j],
               [-0.02979101-3.62025076e-01j, -0.15572048+2.44379093e-02j,
                -0.20026077+3.15179784e-02j, -0.00384319-4.51110477e-02j,
                 0.33149779+5.95247127e-17j, -0.05082249-2.97382100e-02j,
                -0.06538995-3.81986904e-02j,  0.04133118-1.18587550e-04j],
               [ 0.03747009+5.32246364e-02j,  0.02223393-1.73403039e-02j,
                 0.02824937-2.32329942e-02j,  0.00475487+6.73510972e-03j,
                -0.05082249+2.97382100e-02j,  0.01256023-1.39626163e-17j,
                 0.01465845-4.34150603e-06j, -0.00643587+3.78103229e-03j],
               [ 0.04813776+6.84855697e-02j,  0.02826652-2.32123699e-02j,
                 0.03637752-2.91010565e-02j,  0.0060889 +8.60822783e-03j,
                -0.06538995+3.81986904e-02j,  0.01465845+4.34150603e-06j,
                 0.02170053+4.02186674e-18j, -0.00822383+4.83555492e-03j],
               [-0.0035837 -4.51324952e-02j, -0.01974093+3.05757719e-03j,
                -0.02523981+3.89917886e-03j, -0.00046042-7.57825098e-03j,
                 0.04133118+1.18587550e-04j, -0.00643587-3.78103229e-03j,
                -0.00822383-4.83555492e-03j,  0.00769182+1.37846540e-17j]],
              dims=(2, 2, 2))"
data/selected_mutant_qc/mutants_wstate_3/wstate_3_Mutant_Remove_x_P2_Q2.qasm,Quratest_5,"{'100': 32, '001': 16, '010': 10, '000': 296, '110': 81, '101': 323, '011': 266}","DensityMatrix([[ 2.94352268e-01+0.00000000e+00j,
                 1.68164824e-02-4.95500665e-02j,
                -4.74517340e-02+4.95500665e-02j,
                 1.42613814e-01-2.42535154e-01j,
                -8.96105964e-02-6.67008069e-17j,
                 2.75234687e-01-1.21348706e-01j,
                 8.84918742e-02+1.21348706e-01j,
                 6.00904602e-03-2.20946823e-05j],
               [ 1.68164824e-02+4.95500665e-02j,
                 9.30179064e-03+0.00000000e+00j,
                -1.10519969e-02-5.15701394e-03j,
                 4.89749775e-02+1.01508842e-02j,
                -5.11949518e-03-1.50846842e-02j,
                 3.61516350e-02+3.93991823e-02j,
                -1.53717668e-02+2.18290713e-02j,
                 3.47018932e-04+1.01027615e-03j],
               [-4.74517340e-02-4.95500665e-02j,
                -1.10519969e-02+5.15701394e-03j,
                 1.59906230e-02+0.00000000e+00j,
                -6.38177715e-02+1.50914063e-02j,
                 1.44458822e-02+1.50846842e-02j,
                -6.47971893e-02-2.67695934e-02j,
                 6.16181287e-03-3.44586602e-02j,
                -9.72421405e-04-1.00797660e-03j],
               [ 1.42613814e-01+2.42535154e-01j,
                 4.89749775e-02-1.01508842e-02j,
                -6.38177715e-02-1.50914063e-02j,
                 2.68936270e-01+0.00000000e+00j,
                -4.34163765e-02-7.38357478e-02j,
                 2.33338089e-01+1.67989484e-01j,
                -5.71123969e-02+1.31707469e-01j,
                 2.92959083e-03+4.94052214e-03j],
               [-8.96105964e-02+6.67008069e-17j,
                -5.11949518e-03+1.50846842e-02j,
                 1.44458822e-02-1.50846842e-02j,
                -4.34163765e-02+7.38357478e-02j,
                 2.72804386e-02+0.00000000e+00j,
                -8.37905705e-02+3.69425723e-02j,
                -2.69398625e-02-3.69425723e-02j,
                -1.82935297e-03+6.72635435e-06j],
               [ 2.75234687e-01+1.21348706e-01j,
                 3.61516350e-02-3.93991823e-02j,
                -6.47971893e-02+2.67695934e-02j,
                 2.33338089e-01-1.67989484e-01j,
                -8.37905705e-02-3.69425723e-02j,
                 3.07385577e-01+0.00000000e+00j,
                 3.27176851e-02+1.49948726e-01j,
                 5.62787939e-03+2.45661004e-03j],
               [ 8.84918742e-02-1.21348706e-01j,
                -1.53717668e-02-2.18290713e-02j,
                 6.16181287e-03+3.44586602e-02j,
                -5.71123969e-02-1.31707469e-01j,
                -2.69398625e-02+3.69425723e-02j,
                 3.27176851e-02-1.49948726e-01j,
                 7.66303601e-02+0.00000000e+00j,
                 1.79740617e-03-2.48391210e-03j],
               [ 6.00904602e-03+2.20946823e-05j,
                 3.47018932e-04-1.01027615e-03j,
                -9.72421405e-04+1.00797660e-03j,
                 2.92959083e-03-4.94052214e-03j,
                -1.82935297e-03-6.72635435e-06j,
                 5.62787939e-03-2.45661004e-03j,
                 1.79740617e-03+2.48391210e-03j,
                 1.22673158e-04+0.00000000e+00j]],
              dims=(2, 2, 2))","{'001': 24, '100': 42, '110': 81, '111': 10, '011': 265, '101': 295, '010': 19, '000': 288}","DensityMatrix([[ 0.29134306-3.94473731e-17j,  0.01518803-4.72181744e-02j,
                -0.04617591+4.73599614e-02j,  0.13708776-2.32842380e-01j,
                -0.08644984+5.38474957e-05j,  0.26257189-1.15482122e-01j,
                 0.08485253+1.15709277e-01j,  0.00562855+9.88891453e-05j],
               [ 0.01518803+4.72181744e-02j,  0.01126294-1.82307766e-18j,
                -0.01015163-3.85345676e-03j,  0.04736063+9.61623045e-03j,
                -0.00480239-1.44003008e-02j,  0.03515098+3.76043343e-02j,
                -0.01473609+2.07323447e-02j,  0.00043889+9.40017168e-04j],
               [-0.04617591-4.73599614e-02j, -0.01015163+3.85345676e-03j,
                 0.01713085+2.19335288e-18j, -0.06156385+1.45209198e-02j,
                 0.01394322+1.44735562e-02j, -0.06197426-2.53708693e-02j,
                 0.00615379-3.28871763e-02j, -0.00094756-1.00978633e-03j],
               [ 0.13708776+2.32842380e-01j,  0.04736063-9.61623045e-03j,
                -0.06156385-1.45209198e-02j,  0.2662711 +3.98029232e-17j,
                -0.04142707-7.03770921e-02j,  0.22334061+1.60709032e-01j,
                -0.05439105+1.25458221e-01j,  0.00206131+4.76529258e-03j],
               [-0.08644984-5.38474957e-05j, -0.00480239+1.44003008e-02j,
                 0.01394322-1.44735562e-02j, -0.04142707+7.03770921e-02j,
                 0.0272013 -1.70925193e-18j, -0.08046116+3.51579559e-02j,
                -0.02642786-3.51679148e-02j, -0.00155672-4.38908486e-04j],
               [ 0.26257189+1.15482122e-01j,  0.03515098-3.76043343e-02j,
                -0.06197426+2.53708693e-02j,  0.22334061-1.60709032e-01j,
                -0.08046116-3.51579559e-02j,  0.30323397+4.86722906e-17j,
                 0.03246154+1.43933555e-01j,  0.00580782+2.44097891e-03j],
               [ 0.08485253-1.15709277e-01j, -0.01473609-2.07323447e-02j,
                 0.00615379+3.28871763e-02j, -0.05439105-1.25458221e-01j,
                -0.02642786+3.51679148e-02j,  0.03246154-1.43933555e-01j,
                 0.08233957+1.21573985e-17j,  0.00113723-2.35163226e-03j],
               [ 0.00562855-9.88891453e-05j,  0.00043889-9.40017168e-04j,
                -0.00094756+1.00978633e-03j,  0.00206131-4.76529258e-03j,
                -0.00155672+4.38908486e-04j,  0.00580782-2.44097891e-03j,
                 0.00113723+2.35163226e-03j,  0.0012172 +1.11170626e-19j]],
              dims=(2, 2, 2))"
data/selected_mutant_qc/mutants_wstate_3/wstate_3_Mutant_Remove_x_P2_Q2.qasm,Quratest_6,"{'101': 1, '110': 12, '011': 13, '111': 101, '100': 200, '001': 259, '000': 16, '010': 422}","DensityMatrix([[ 1.48600618e-02+0.j        ,  5.60711218e-02-0.02302575j,
                 1.65178526e-02+0.07832691j,  2.88221174e-03+0.01022797j,
                 4.94896364e-02-0.01704879j, -4.26817070e-03+0.00327105j,
                 4.08837366e-03-0.0140968j ,  3.69026995e-02-0.00990839j],
               [ 5.60711218e-02+0.02302575j,  2.47250360e-01+0.j        ,
                -5.90415382e-02+0.32114358j, -4.97290760e-03+0.04305895j,
                 2.13155268e-01+0.01235467j, -2.11734932e-02+0.00572901j,
                 3.72696341e-02-0.04685617j,  1.54597188e-01+0.01979384j],
               [ 1.65178526e-02-0.07832691j, -5.90415382e-02-0.32114358j,
                 4.31219202e-01+0.j        ,  5.71150365e-02-0.00382304j,
                -3.48529008e-02-0.27980904j,  1.24972561e-02+0.02613336j,
                -6.97593164e-02-0.03721913j, -1.12072242e-02-0.20552671j],
               [ 2.88221174e-03-0.01022797j, -4.97290760e-03-0.04305895j,
                 5.71150365e-02+0.00382304j,  7.59878746e-03+0.j        ,
                -2.13557784e-03-0.03736974j,  1.42357353e-03+0.00357216j,
                -8.90965773e-03-0.00554814j,  3.37732746e-04-0.0273214j ],
               [ 4.94896364e-02+0.01704879j,  2.13155268e-01-0.01235467j,
                -3.48529008e-02+0.27980904j, -2.13557784e-03+0.03736974j,
                 1.84379129e-01+0.j        , -1.79674625e-02+0.005997j  ,
                 2.97889407e-02-0.04225715j,  1.34267758e-01+0.00933938j],
               [-4.26817070e-03-0.00327105j, -2.11734932e-02-0.00572901j,
                 1.24972561e-02-0.02613336j,  1.42357353e-03-0.00357216j,
                -1.79674625e-02-0.005997j  ,  1.94595629e-03+0.j        ,
                -4.27731604e-03+0.003149j  , -1.27804196e-02-0.00527722j],
               [ 4.08837366e-03+0.0140968j ,  3.72696341e-02+0.04685617j,
                -6.97593164e-02+0.03721913j, -8.90965773e-03+0.00554814j,
                 2.97889407e-02+0.04225715j, -4.27731604e-03-0.003149j  ,
                 1.44975590e-02+0.j        ,  1.95523148e-02+0.03228122j],
               [ 3.69026995e-02+0.00990839j,  1.54597188e-01-0.01979384j,
                -1.12072242e-02+0.20552671j,  3.37732746e-04+0.0273214j ,
                 1.34267758e-01-0.00933938j, -1.27804196e-02+0.00527722j,
                 1.95523148e-02-0.03228122j,  9.82489441e-02+0.j        ]],
              dims=(2, 2, 2))","{'101': 12, '110': 23, '001': 245, '100': 179, '000': 27, '010': 441, '011': 15, '111': 82}","DensityMatrix([[ 0.01607666-6.76438931e-18j,  0.05398911-2.18711957e-02j,
                 0.01641345+7.50942917e-02j,  0.0032633 +9.61848365e-03j,
                 0.04763995-1.62276448e-02j, -0.00400779+3.13330406e-03j,
                 0.00399119-1.34951592e-02j,  0.03522948-9.34131913e-03j],
               [ 0.05398911+2.18711957e-02j,  0.24625237+9.09748231e-17j,
                -0.05658739+3.08694705e-01j, -0.00526963+4.13179040e-02j,
                 0.20333275+1.15179363e-02j, -0.02102166+5.43517851e-03j,
                 0.03581521-4.47979457e-02j,  0.14758415+1.91331667e-02j],
               [ 0.01641345-7.50942917e-02j, -0.05658739-3.08694705e-01j,
                 0.42402237-6.22921530e-17j,  0.05523849-3.77614901e-03j,
                -0.03269238-2.67402831e-01j,  0.01201907+2.50300039e-02j,
                -0.06728511-3.56407718e-02j, -0.01022156-1.96355471e-01j],
               [ 0.0032633 -9.61848365e-03j, -0.00526963-4.13179040e-02j,
                 0.05523849+3.77614901e-03j,  0.00849156+4.25526180e-18j,
                -0.00189691-3.57189165e-02j,  0.00147638+3.42829233e-03j,
                -0.00861443-5.28753408e-03j,  0.0008527 -2.61449063e-02j],
               [ 0.04763995+1.62276448e-02j,  0.20333275-1.15179363e-02j,
                -0.03269238+2.67402831e-01j, -0.00189691+3.57189165e-02j,
                 0.18421185-2.75829997e-17j, -0.01674003+5.43593534e-03j,
                 0.02897877-4.04099946e-02j,  0.12901275+9.56557453e-03j],
               [-0.00400779-3.13330406e-03j, -0.02102166-5.43517851e-03j,
                 0.01201907-2.50300039e-02j,  0.00147638-3.42829233e-03j,
                -0.01674003-5.43593534e-03j,  0.00283761-3.34787852e-18j,
                -0.00388566+3.44306830e-03j, -0.0126295 -5.09139857e-03j],
               [ 0.00399119+1.34951592e-02j,  0.03581521+4.47979457e-02j,
                -0.06728511+3.56407718e-02j, -0.00861443+5.28753408e-03j,
                 0.02897877+4.04099946e-02j, -0.00388566-3.44306830e-03j,
                 0.01556306-6.75999395e-18j,  0.01918411+3.10479256e-02j],
               [ 0.03522948+9.34131913e-03j,  0.14758415-1.91331667e-02j,
                -0.01022156+1.96355471e-01j,  0.0008527 +2.61449063e-02j,
                 0.12901275-9.56557453e-03j, -0.0126295 +5.09139857e-03j,
                 0.01918411-3.10479256e-02j,  0.10254451+2.96055435e-17j]],
              dims=(2, 2, 2))"
data/selected_mutant_qc/mutants_wstate_3/wstate_3_Mutant_Remove_x_P2_Q2.qasm,Quratest_7,"{'110': 5, '100': 11, '001': 256, '000': 215, '010': 89, '111': 1, '011': 350, '101': 97}","DensityMatrix([[ 0.1892926 +0.j        , -0.20860549-0.07439227j,
                -0.09260924-0.07923539j, -0.25106267-0.06040722j,
                -0.04237393-0.02161185j, -0.13871576-0.0190288j ,
                 0.01945811+0.0190288j ,  0.01631798-0.00068131j],
               [-0.20860549+0.07439227j,  0.25912508+0.j        ,
                 0.13319748+0.05092394j,  0.30041788-0.03209764j,
                 0.05519069+0.00716382j,  0.16034682-0.03354525j,
                -0.02892171-0.01332318j, -0.01771509+0.00716382j],
               [-0.09260924+0.07923539j,  0.13319748-0.05092394j,
                 0.0784749 +0.j        ,  0.14811521-0.07553799j,
                 0.0297774 -0.00716382j,  0.07583031-0.04875497j,
                -0.01748487-0.00116471j, -0.0076982 +0.00716382j],
               [-0.25106267+0.06040722j,  0.30041788+0.03209764j,
                 0.14811521+0.07553799j,  0.3522668 +0.j        ,
                 0.06309821+0.01514184j,  0.19005406-0.0190288j ,
                -0.03188019-0.0190288j , -0.02142546+0.00611105j],
               [-0.04237393+0.02161185j,  0.05519069-0.00716382j,
                 0.0297774 +0.00716382j,  0.06309821-0.01514184j,
                 0.01195304+0.j        ,  0.03322465-0.01157773j,
                -0.00652833-0.00203811j, -0.00357506+0.00201557j],
               [-0.13871576+0.0190288j ,  0.16034682+0.03354525j,
                 0.07583031+0.04875497j,  0.19005406+0.0190288j ,
                 0.03322465+0.01157773j,  0.10356537+0.j        ,
                -0.01617201-0.01198848j, -0.01188951+0.00213965j],
               [ 0.01945811-0.0190288j , -0.02892171+0.01332318j,
                -0.01748487+0.00116471j, -0.03188019+0.0190288j ,
                -0.00652833+0.00203811j, -0.01617201+0.01198848j,
                 0.00391306+0.j        ,  0.0016089 -0.00171041j],
               [ 0.01631798+0.00068131j, -0.01771509-0.00716382j,
                -0.0076982 -0.00716382j, -0.02142546-0.00611105j,
                -0.00357506-0.00201557j, -0.01188951-0.00213965j,
                 0.0016089 +0.00171041j,  0.00140915+0.j        ]],
              dims=(2, 2, 2))","{'100': 25, '111': 15, '011': 343, '110': 10, '000': 174, '010': 71, '001': 269, '101': 117}","DensityMatrix([[ 0.18820519+2.89090959e-17j, -0.20205791-7.22664173e-02j,
                -0.08969711-7.69302059e-02j, -0.24419234-5.89422287e-02j,
                -0.0410481 -2.08817625e-02j, -0.13418631-1.85537836e-02j,
                 0.01879706+1.84380061e-02j,  0.01583591-7.18021904e-04j],
               [-0.20205791+7.22664173e-02j,  0.2569734 +1.07988622e-16j,
                 0.12945008+4.96399207e-02j,  0.29195698-3.09498510e-02j,
                 0.0534755 +6.86411560e-03j,  0.15624785-3.26165184e-02j,
                -0.02776434-1.30489034e-02j, -0.01719754+6.92217840e-03j],
               [-0.08969711+7.69302059e-02j,  0.12945008-4.96399207e-02j,
                 0.07928952-5.43783967e-17j,  0.14367023-7.31210476e-02j,
                 0.02896077-6.94440671e-03j,  0.07390025-4.73274708e-02j,
                -0.01670346-1.27039535e-03j, -0.00732787+6.91341658e-03j],
               [-0.24419234+5.89422287e-02j,  0.29195698+3.09498510e-02j,
                 0.14367023+7.31210476e-02j,  0.34726271-3.01291436e-18j,
                 0.06118746+1.45253989e-02j,  0.18443106-1.82320418e-02j,
                -0.03088595-1.84239569e-02j, -0.02059663+6.03103303e-03j],
               [-0.0410481 +2.08817625e-02j,  0.0534755 -6.86411560e-03j,
                 0.02896077+6.94440671e-03j,  0.06118746-1.45253989e-02j,
                 0.01350254-1.90899907e-18j,  0.03173749-1.09703681e-02j,
                -0.00624436-1.97751036e-03j, -0.00379208+1.94685233e-03j],
               [-0.13418631+1.85537836e-02j,  0.15624785+3.26165184e-02j,
                 0.07390025+4.73274708e-02j,  0.18443106+1.82320418e-02j,
                 0.03173749+1.09703681e-02j,  0.10507135+1.74989980e-18j,
                -0.01621613-1.15499044e-02j, -0.01140695+2.08874641e-03j],
               [ 0.01879706-1.84380061e-02j, -0.02776434+1.30489034e-02j,
                -0.01670346+1.27039535e-03j, -0.03088595+1.84239569e-02j,
                -0.00624436+1.97751036e-03j, -0.01621613+1.15499044e-02j,
                 0.00648839-7.11899786e-18j,  0.00153047-1.63399601e-03j],
               [ 0.01583591+7.18021904e-04j, -0.01719754-6.92217840e-03j,
                -0.00732787-6.91341658e-03j, -0.02059663-6.03103303e-03j,
                -0.00379208-1.94685233e-03j, -0.01140695-2.08874641e-03j,
                 0.00153047+1.63399601e-03j,  0.00320689-2.59998474e-17j]],
              dims=(2, 2, 2))"
