Name,Input,Ideal_chisquare,Noisy_chisquare,Ideal_hellinger,Noisy_hellinger,Ideal_jensenshannon,Noisy_jensenshannon,Ideal_trace,Noisy_trace,Ideal_fidelity,Noisy_fidelity,Ideal_expectation,Noisy_expectation,Killed_IC,Killed_NC,Killed_IH,Killed_NH,Killed_IJ,Killed_NJ,Killed_IT,Killed_NT,Killed_IF,Killed_NF,Killed_IE,Killed_NE
qft_5_Mutant_Add_t_P0_Q4_[].qasm,PureState_0,0,1,0.018874699772600527,0.016084005984535188,0.01887222118445628,0.016082791030249764,1.7694179454963432e-16,0.0017656028283515052,1.0000000000000044,0.9646528678195858,0.0063476562500000035,0.0058593750000000035,False,False,False,False,False,False,False,True,False,True,False,False
qft_5_Mutant_Add_t_P0_Q4_[].qasm,Quratest_0,0,1,0.24899359591390158,0.27194280342514565,0.2220678507224706,0.24271842221230946,0.14609429666713258,0.15680885404317374,0.8542571684989579,0.8264644380764956,0.002624286301819184,0.024596942551819184,False,False,True,True,True,True,True,True,True,True,False,True
qft_5_Mutant_Add_t_P0_Q4_[].qasm,PureState_1,0,1,0.021007944866276457,0.02054429451253802,0.021004859892628694,0.020542717470848543,0.0,0.0017656028283514012,1.0000000000000058,0.9651930794635771,0.006347656250000024,0.005859375000000024,False,False,False,False,False,False,False,True,False,True,False,False
qft_5_Mutant_Add_t_P0_Q4_[].qasm,Quratest_1,0,1,0.030596859750340925,0.06070172786804317,0.030584440330094755,0.05965345198381043,0.03443028530803266,0.039743941030784324,0.9919052783045356,0.9548315514644828,0.009352746263769827,0.028883996263769827,False,False,False,True,False,True,True,True,True,True,False,True
qft_5_Mutant_Add_t_P0_Q4_[].qasm,PureState_2,0,1,0.02222091420985204,0.0180179010655074,0.022218580254966147,0.01801637271211854,0.0,0.0017656028283512294,1.0000000000000062,0.9647960461418515,0.00634765625,0.005859375,False,False,False,False,False,False,False,True,False,True,False,False
qft_5_Mutant_Add_t_P0_Q4_[].qasm,Quratest_2,0,1,0.032366739593939424,0.057909392052671836,0.03235909238214805,0.05781645257822158,0.04090650163319615,0.04720326180455802,0.9885737069458623,0.9504330556450827,0.027379016168257664,0.029332141168257664,False,False,False,True,False,True,True,True,True,True,True,True
qft_5_Mutant_Add_t_P0_Q4_[].qasm,PureState_3,0,1,0.016235205138403777,0.018128703277946318,0.01623445676802996,0.018127436118300977,2.0990154059319366e-16,0.0017656028283510507,1.0000000000000049,0.9619634774185012,0.006347656250000021,0.005859375000000021,False,False,False,False,False,False,False,True,False,True,False,False
qft_5_Mutant_Add_t_P0_Q4_[].qasm,Quratest_3,0,1,0.03122111410066914,0.06801581886062553,0.031214866681048916,0.06721272999554403,0.04436374154115064,0.04654695062736096,0.9865606887622574,0.9485053689703248,0.03264969221956587,0.04827469221956587,False,False,False,True,False,True,True,True,True,True,True,True
qft_5_Mutant_Add_t_P0_Q4_[].qasm,PureState_4,0,1,0.024051241547832548,0.019358218206244036,0.024047675827999184,0.019356509449244132,0.0,0.0017656028283517117,1.0000000000000053,0.9633133312685811,0.006347656249999955,0.005859374999999955,False,False,False,False,False,False,False,True,False,True,False,False
qft_5_Mutant_Add_t_P0_Q4_[].qasm,Quratest_4,0,1,0.074715295984398,0.06798066606465995,0.07411931464942693,0.06781104635852801,0.06639847688698265,0.05389801855195592,0.9027884429581898,0.8689825078415204,0.0035173347139547395,0.01621264721395474,False,False,True,True,True,True,True,True,True,True,False,True
qft_5_Mutant_Add_t_P0_Q4_[].qasm,PureState_5,0,1,0.02084452952024604,0.020633650341997253,0.02084269049488943,0.020631234223513414,1.942890293094024e-16,0.0017656028283511184,1.0000000000000036,0.963938696262079,0.006347656250000017,0.005859375000000017,False,False,False,False,False,False,False,True,False,True,False,False
qft_5_Mutant_Add_t_P0_Q4_[].qasm,Quratest_5,0,1,0.17315555165718305,0.19387338725494416,0.16827421131539547,0.18786232184638885,0.15063959752070605,0.1593783972910325,0.8740193939264371,0.8392489191762391,0.04452641449751002,0.03280766449751002,False,False,True,True,True,True,True,True,True,True,True,True
qft_5_Mutant_Add_t_P0_Q4_[].qasm,PureState_6,0,1,0.01702127379803845,0.022758144840423312,0.01702013124752868,0.022755739675028176,1.249000902703301e-16,0.001765602828351514,1.0000000000000058,0.9622572586123035,0.006347656249999955,0.005859374999999955,False,False,False,False,False,False,False,True,False,True,False,False
qft_5_Mutant_Add_t_P0_Q4_[].qasm,Quratest_6,0,1,0.197838711242478,0.2008614261587314,0.19494272044683866,0.1980414999019091,0.19561843914087254,0.19124310649741408,0.8816538415648083,0.8477049195219056,0.1387982129109312,0.061649775410931196,False,False,True,True,True,True,True,True,True,True,True,True
qft_5_Mutant_Add_t_P0_Q4_[].qasm,PureState_7,0,1,0.01954402956572699,0.020171817649309223,0.01954253176901833,0.02016859173103175,1.734723475976807e-16,0.0017656028283513925,1.0000000000000053,0.9643570266938464,0.006347656249999993,0.005859374999999993,False,False,False,False,False,False,False,True,False,True,False,False
qft_5_Mutant_Add_t_P0_Q4_[].qasm,Quratest_7,0,1,0.11688887073416214,0.12079709399667155,0.11612449011038929,0.11995391904226906,0.10647906677765795,0.11463131814316582,0.9156016901300938,0.882874446498213,0.0008317863378945606,0.0020979011621054394,False,False,True,True,True,True,True,True,True,True,False,False
qft_5_Mutant_Add_t_P0_Q4_[].qasm,PureState_8,0,1,0.01718572433590121,0.018810822726611193,0.017184460154618615,0.018809662063810965,1.3357370765021415e-16,0.0017656028283515642,1.0000000000000053,0.9648138334164112,0.006347656249999955,0.005859374999999955,False,False,False,False,False,False,False,True,False,True,False,False
qft_5_Mutant_Add_t_P0_Q4_[].qasm,Quratest_8,0,1,0.1259962833502247,0.13364873339139544,0.1256476390425534,0.13312904583783453,0.15601619266709038,0.1590820343417505,0.9434311237005644,0.9045881761604198,0.020440809975103544,0.033136122475103544,False,False,True,True,True,True,True,True,True,True,True,True
qft_5_Mutant_Add_t_P0_Q4_[].qasm,PureState_9,0,1,0.022028742291864918,0.019311448289910257,0.02202628694699909,0.019310067534981795,1.5265566588595902e-16,0.0017656028283514254,1.0000000000000049,0.962161498182225,0.006347656249999962,0.005859374999999962,False,False,False,False,False,False,False,True,False,True,False,False
qft_5_Mutant_Add_t_P0_Q4_[].qasm,Quratest_9,0,1,0.21305696173640223,0.21906504738693486,0.20779987006274303,0.2133264178542879,0.24557919688399757,0.24175645932286424,0.8627339273540214,0.8309400694196477,0.0699032506353314,0.05086028188533139,False,False,True,True,True,True,True,True,True,True,True,True
qft_5_Mutant_Add_t_P0_Q4_[].qasm,PureState_10,0,1,0.017054537349461232,0.02255950349571822,0.01705342294189026,0.02255660209008672,0.0,0.0017656028283515295,1.0000000000000053,0.9626406191985012,0.006347656250000014,0.005859375000000014,False,False,False,False,False,False,False,True,False,True,False,False
qft_5_Mutant_Add_t_P0_Q4_[].qasm,Quratest_10,0,1,0.187518809120641,0.18887711619220127,0.18437335922659703,0.1856482051140851,0.17825777763719788,0.1707908087665906,0.8546670672169769,0.8191342585460776,0.019676222308470145,0.025535597308470145,False,False,True,True,True,True,True,True,True,True,True,True
qft_5_Mutant_Add_t_P0_Q4_[].qasm,PureState_11,0,1,0.022056098775846467,0.017521152468378223,0.022053129974677604,0.017520249196115778,1.3357370765021415e-16,0.0017656028283514272,1.0000000000000058,0.964585832237051,0.006347656250000017,0.005859375000000017,False,False,False,False,False,False,False,True,False,True,False,False
qft_5_Mutant_Add_t_P0_Q4_[].qasm,Quratest_11,0,1,0.19305589168611148,0.18052368156436854,0.19100942921664374,0.1787103168929759,0.21339945133523508,0.20955926977792344,0.8893361833960761,0.8514917382972065,0.0107421874999941,0.0019531249999941004,False,False,True,True,True,True,True,True,True,True,False,False
qft_5_Mutant_Add_t_P0_Q4_[].qasm,PureState_12,0,1,0.01858758473650684,0.02041447548921599,0.0185861807740284,0.020412348176110942,0.0,0.0017656028283517134,1.000000000000007,0.9654173821719946,0.006347656250000045,0.005859375000000045,False,False,False,False,False,False,False,True,False,True,False,False
qft_5_Mutant_Add_t_P0_Q4_[].qasm,Quratest_12,0,1,0.22720550223105054,0.24835158808911878,0.2114359761103299,0.2292838667481969,0.14457692650087828,0.15552515796353855,0.8572688861755272,0.8267795725222821,0.1034943677127464,0.1386506177127464,False,False,True,True,True,True,True,True,True,True,True,True
qft_5_Mutant_Add_t_P0_Q4_[].qasm,PureState_13,0,1,0.021501370045479938,0.022867790480366933,0.021498636471692645,0.022864962271680177,0.0,0.0017656028283516787,1.0000000000000067,0.9654398083104346,0.00634765624999999,0.00585937499999999,False,False,False,False,False,False,False,True,False,True,False,False
qft_5_Mutant_Add_t_P0_Q4_[].qasm,Quratest_13,0,1,0.1508079246825713,0.16604405880123763,0.14858478768330757,0.16322878488332923,0.13230770145497753,0.1418364308434042,0.8804661443838473,0.8481037360560496,0.021951908674928217,0.03806518992492822,False,False,True,True,True,True,True,True,True,True,True,True
qft_5_Mutant_Add_t_P0_Q4_[].qasm,PureState_14,0,1,0.023707425112477275,0.018855587174007774,0.023705092914469837,0.018853684792198067,0.0,0.001765602828351526,1.0000000000000049,0.9652885331012624,0.0063476562500000035,0.0058593750000000035,False,False,False,False,False,False,False,True,False,True,False,False
qft_5_Mutant_Add_t_P0_Q4_[].qasm,Quratest_14,0,1,0.22243377678189938,0.25042596933138234,0.2061629329408103,0.23130273174583027,0.14512317759888999,0.15945714207706652,0.8561882944117456,0.829106446455859,0.0440772737318148,0.0977882112318148,False,False,True,True,True,True,True,True,True,True,True,True
qft_5_Mutant_Add_t_P0_Q4_[].qasm,PureState_15,0,1,0.02331190826136071,0.01962391687020606,0.02330924053507583,0.01962197998211609,0.0,0.001765602828351552,1.0000000000000058,0.9630859747718966,0.0063476562500000035,0.0058593750000000035,False,False,False,False,False,False,False,True,False,True,False,False
qft_5_Mutant_Add_t_P0_Q4_[].qasm,Quratest_15,0,1,0.10551911237663808,0.12358939514914857,0.10510055658309561,0.12296245546627872,0.11245215493093713,0.12397598300723685,0.9136512125487967,0.8789468281673745,0.026332419204207827,0.026820700454207827,False,False,True,True,True,True,True,True,True,True,True,True
qft_5_Mutant_Remove_swap_P16_Q1.qasm,PureState_0,0,1,0.020342747130823638,0.025065401436524776,0.020339998307028255,0.02506233909534341,2.0816681711721685e-17,0.0017656403135505455,0.250000000000003,0.24325122228520568,0.0063476562500000035,0.0058593750000000035,False,False,False,False,False,False,False,True,True,True,False,False
qft_5_Mutant_Remove_swap_P16_Q1.qasm,Quratest_0,0,1,0.2715346074865677,0.26669399899947854,0.2661712460320597,0.25916955007227893,0.2412327477864028,0.25017435198448557,0.3643855984850512,0.3534784443101496,0.015930401198180816,0.005065692551819184,False,False,True,True,True,True,True,True,True,True,True,False
qft_5_Mutant_Remove_swap_P16_Q1.qasm,PureState_1,0,1,0.019223098478517275,0.020674562757476457,0.019220304796991085,0.020672671825402462,5.551115123125783e-17,0.0017656403135504952,0.9253281139039677,0.8937889120205651,0.006347656250000024,0.005859375000000024,False,False,False,False,False,False,False,True,True,True,False,False
qft_5_Mutant_Remove_swap_P16_Q1.qasm,Quratest_1,0,1,0.29511814073943843,0.2813127132171761,0.2788361382326622,0.2678347786459034,0.17515265696393,0.17809225652998126,0.36782474760922007,0.35518524008948954,0.0069113400137698275,0.011305871263769827,False,False,True,True,True,True,True,True,True,True,False,False
qft_5_Mutant_Remove_swap_P16_Q1.qasm,PureState_2,0,1,0.015894094112652232,0.02157692273512825,0.015893451189700595,0.02157491333015908,2.2898349882893854e-16,0.001765640313550254,0.09526993616913884,0.0937020392355251,0.00634765625,0.005859375,False,False,False,False,False,False,False,True,True,True,False,False
qft_5_Mutant_Remove_swap_P16_Q1.qasm,Quratest_2,0,1,0.5314047756047671,0.5168050001861113,0.47530036760404215,0.4651102689295817,0.4167257193048295,0.4182353619069012,0.05326171111492196,0.05203747869719865,0.021937390081742336,0.010289172418257664,False,False,True,True,True,True,True,True,True,True,True,False
qft_5_Mutant_Remove_swap_P16_Q1.qasm,PureState_3,0,1,0.020366672239259538,0.01554062287114725,0.02036480036053244,0.01553988522153917,7.28583859910259e-17,0.0017656403135501604,0.4779533685342297,0.462183831032084,0.006347656250000021,0.005859375000000021,False,False,False,False,False,False,False,True,True,True,False,False
qft_5_Mutant_Remove_swap_P16_Q1.qasm,Quratest_3,0,1,0.4630343824244895,0.44066513211452174,0.4348184293249716,0.41729306720482995,0.391555693206482,0.3932440901622926,0.03168503003604718,0.031542452614843466,0.005794223469565873,0.022395785969565873,False,False,True,True,True,True,True,True,True,True,False,True
qft_5_Mutant_Remove_swap_P16_Q1.qasm,PureState_4,0,1,0.021718886781271953,0.02032489950253652,0.021716527090852627,0.020322248125507807,1.4224732503009818e-16,0.0017656403135507415,3.8851994979942453e-16,0.00011665640217911228,0.006347656249999955,0.005859374999999955,False,False,False,False,False,False,False,True,True,True,False,False
qft_5_Mutant_Remove_swap_P16_Q1.qasm,Quratest_4,0,1,0.4323776130339571,0.4153829558934073,0.40997422252176763,0.3957494504309591,0.3887995536229767,0.3880293099595338,0.3675178547255824,0.35531369518029143,0.0020524909639547395,0.01132983471395474,False,False,True,True,True,True,True,True,True,True,False,False
qft_5_Mutant_Remove_swap_P16_Q1.qasm,PureState_5,0,1,0.020127538502283583,0.021454470362350667,0.02012609729658561,0.021452203103804014,1.8735013540549517e-16,0.0017656403135501812,0.09526993616913854,0.09361924551126749,0.006347656250000017,0.005859375000000017,False,False,False,False,False,False,False,True,True,True,False,False
qft_5_Mutant_Remove_swap_P16_Q1.qasm,Quratest_5,0,1,0.654909961669382,0.6360698957003514,0.5601225181405423,0.5534621725510529,0.49999051417665313,0.5001177568853408,0.1726163824608941,0.1670645242709482,0.00039546050248998044,0.0025342269975100196,False,False,True,True,True,True,True,True,True,True,False,False
qft_5_Mutant_Remove_swap_P16_Q1.qasm,PureState_6,0,1,0.01747088832939094,0.018738887925099524,0.01746953740260521,0.018737400026662743,1.6653345369377348e-16,0.0017656403135505924,0.25000000000000333,0.24324122686161576,0.006347656249999955,0.005859374999999955,False,False,False,False,False,False,False,True,True,True,False,False
qft_5_Mutant_Remove_swap_P16_Q1.qasm,Quratest_6,0,1,0.3954814366990709,0.36621391400985964,0.3780545974303863,0.35254194357832597,0.33720692334911295,0.3397251211885905,0.34025988402644386,0.32756778352591426,0.0032916308390688043,0.057979130839068804,False,False,True,True,True,True,True,True,True,True,False,True
qft_5_Mutant_Remove_swap_P16_Q1.qasm,PureState_7,0,1,0.02082817261158372,0.02362878136567351,0.02082617478283596,0.02362480610345101,2.255140518769849e-16,0.001765640313550438,0.7285533905932794,0.7039554802469802,0.006347656249999993,0.005859374999999993,False,False,False,False,False,False,False,True,True,True,False,False
qft_5_Mutant_Remove_swap_P16_Q1.qasm,Quratest_7,0,1,0.3171077504945153,0.30073152201078757,0.30581179444873047,0.2911492764816198,0.2715211796753344,0.2745841527534335,0.712848951757754,0.6880751241855418,0.0025861824121054394,0.006492432412105439,False,False,True,True,True,True,True,True,True,True,False,False
qft_5_Mutant_Remove_swap_P16_Q1.qasm,PureState_8,0,1,0.025225769954886474,0.02205315808783062,0.025221347227153173,0.022050917212043407,0.0,0.0017656403135506045,1.0000000000000062,0.9652768971147754,0.006347656249999955,0.005859374999999955,False,False,False,False,False,False,False,True,False,True,False,False
qft_5_Mutant_Remove_swap_P16_Q1.qasm,Quratest_8,0,1,0.2291082767958656,0.2218045189800764,0.21835233198721504,0.21311841883991245,0.12797302126511964,0.1313440076836484,0.17633714279409668,0.1703636464709525,0.018487684975103544,0.003839247475103544,False,False,True,True,True,True,True,True,True,True,True,False
qft_5_Mutant_Remove_swap_P16_Q1.qasm,PureState_9,0,1,0.016600867265529482,0.017742300825118462,0.016599721849258654,0.017740679336289953,7.979727989493313e-17,0.0017656403135504518,0.7285533905932786,0.7026347564835203,0.006347656249999962,0.005859374999999962,False,False,False,False,False,False,False,True,True,True,False,False
qft_5_Mutant_Remove_swap_P16_Q1.qasm,Quratest_9,0,1,0.5389841607071727,0.5173288866778577,0.48953419742359183,0.47788175772492325,0.45052502044085735,0.45038573276489574,0.12302322566488383,0.12056233745955412,0.007403250635331392,0.007733468114668608,False,False,True,True,True,True,True,True,True,True,False,False
qft_5_Mutant_Remove_swap_P16_Q1.qasm,PureState_10,0,1,0.02302300430871035,0.02198180451706265,0.023020822312112627,0.021979439014200176,4.5102810375396984e-17,0.0017656403135505785,0.9253281139039677,0.8917337434594377,0.006347656250000014,0.005859375000000014,False,False,False,False,False,False,False,True,True,True,False,False
qft_5_Mutant_Remove_swap_P16_Q1.qasm,Quratest_10,0,1,0.39600207695385053,0.3907854452368943,0.37504591398147985,0.3708739780870357,0.30490142699064565,0.30889785927460356,0.5724725545568649,0.5498277410213723,0.016746534808470145,0.026023878558470145,False,False,True,True,True,True,True,True,True,True,True,True
qft_5_Mutant_Remove_swap_P16_Q1.qasm,PureState_11,0,1,0.022916848039777088,0.023446936610518044,0.022914125812941402,0.023443946986746518,1.3183898417423734e-16,0.001765640313550483,0.02144660940672746,0.021728220872238826,0.006347656250000017,0.005859375000000017,False,False,False,False,False,False,False,True,True,True,False,False
qft_5_Mutant_Remove_swap_P16_Q1.qasm,Quratest_11,0,1,0.39767302401259885,0.37936379655908464,0.36477928375472646,0.35134212222590905,0.2542667810690508,0.2565720211362498,0.4756917766551298,0.4566488250638446,0.0063476562500059,0.0087890625000059,False,False,True,True,True,True,True,True,True,True,False,False
qft_5_Mutant_Remove_swap_P16_Q1.qasm,PureState_12,0,1,0.020421849301280222,0.01790976818928973,0.020418285467548914,0.017908046067365773,0.0,0.001765640313550752,1.000000000000007,0.9658807361808238,0.006347656250000045,0.005859375000000045,False,False,False,False,False,False,False,True,False,True,False,False
qft_5_Mutant_Remove_swap_P16_Q1.qasm,Quratest_12,0,1,0.4934613085952208,0.47942734643727053,0.4602897083815304,0.44900993053580474,0.4060554370455154,0.4102575074175021,0.01034981912847017,0.010750067217403712,0.0019743822872536065,0.05027171146274639,False,False,True,True,True,True,True,True,True,True,False,True
qft_5_Mutant_Remove_swap_P16_Q1.qasm,PureState_13,0,1,0.019459451048364634,0.02086973712687738,0.019457706697520304,0.020866266802569592,2.0816681711721685e-17,0.0017656403135507467,0.25000000000000333,0.24344899496779837,0.00634765624999999,0.00585937499999999,False,False,False,False,False,False,False,True,True,True,False,False
qft_5_Mutant_Remove_swap_P16_Q1.qasm,Quratest_13,0,1,0.37040832303123544,0.3643165277420438,0.3567465928184528,0.3521191271780559,0.3176798791574744,0.3231056118501077,0.22096044287138683,0.21366206425324383,0.019063716325071783,0.008280033674928217,False,False,True,True,True,True,True,True,True,True,True,False
qft_5_Mutant_Remove_swap_P16_Q1.qasm,PureState_14,0,1,0.021221171028436837,0.019201049195990503,0.02121905147000858,0.019199706819949713,1.249000902703301e-16,0.0017656403135506045,0.021446609406727466,0.02174365425895613,0.0063476562500000035,0.0058593750000000035,False,False,False,False,False,False,False,True,True,True,False,False
qft_5_Mutant_Remove_swap_P16_Q1.qasm,Quratest_14,0,1,0.3231563323169219,0.32599864675461987,0.3107700291467601,0.31349006200869023,0.2604283163173827,0.2713494823394139,0.12110568401948349,0.11853166480554057,0.023305538768185197,0.0577491487318148,False,False,True,True,True,True,True,True,True,True,True,True
qft_5_Mutant_Remove_swap_P16_Q1.qasm,PureState_15,0,1,0.018109047582276012,0.02011119400083023,0.01810767879544227,0.02010903065809828,1.2836953722228372e-16,0.0017656403135506357,0.09526993616913888,0.09397889530427807,0.0063476562500000035,0.0058593750000000035,False,False,False,False,False,False,False,True,True,True,False,False
qft_5_Mutant_Remove_swap_P16_Q1.qasm,Quratest_15,0,1,0.35522417232002773,0.34881838486714706,0.3433954801438519,0.3380364097823654,0.309091620771629,0.31590476737961615,0.3689982917046714,0.3569954822927707,0.007777731704207827,0.007289450454207827,False,False,True,True,True,True,True,True,True,True,False,False
qft_5_Mutant_Add_rzz_P4_Q3_[3.9269908169872414].qasm,PureState_0,0,1,0.02215916227589101,0.01838693818086607,0.02215642405946739,0.01838446612791174,8.153200337090993e-17,0.001768688303462669,0.1464466094067287,0.14763759488118897,0.0063476562500000035,0.0063476562500000035,False,False,False,False,False,False,False,True,True,True,False,False
qft_5_Mutant_Add_rzz_P4_Q3_[3.9269908169872414].qasm,Quratest_0,0,1,0.0938346743640933,0.14114412135355528,0.09337284063405689,0.1346889339588453,0.10732375596781853,0.11562818107639426,0.1464476142668059,0.1485262919363021,0.11248756755181918,0.12713600505181918,False,False,True,True,True,True,True,True,True,True,True,True
qft_5_Mutant_Add_rzz_P4_Q3_[3.9269908169872414].qasm,PureState_1,0,1,0.021497151516639883,0.01635867661479963,0.02149478805465762,0.016356971694234095,7.632783294297951e-17,0.0017686883034625286,0.14644660940672896,0.14785077021527718,0.006347656250000024,0.006347656250000024,False,False,False,False,False,False,False,True,True,True,False,False
qft_5_Mutant_Add_rzz_P4_Q3_[3.9269908169872414].qasm,Quratest_1,0,1,0.1668299783961825,0.16639103756560994,0.1660943228926479,0.16557516752231555,0.2085436297216446,0.20732074723859037,0.16820749257319756,0.16712848058641716,0.0054464962637698275,0.010817590013769827,False,False,True,True,True,True,True,True,True,True,False,False
qft_5_Mutant_Add_rzz_P4_Q3_[3.9269908169872414].qasm,PureState_2,0,1,0.01774209793511809,0.016277018220703553,0.017740611458172434,0.01627604429640722,1.491862189340054e-16,0.0017686883034623707,0.14644660940672893,0.14769318355651143,0.00634765625,0.00634765625,False,False,False,False,False,False,False,True,True,True,False,False
qft_5_Mutant_Add_rzz_P4_Q3_[3.9269908169872414].qasm,Quratest_2,0,1,0.3897000087257907,0.36307097790286047,0.3787713916260718,0.3549228215790253,0.44666656478770206,0.4459608139411765,0.21200631247481522,0.20602191873878778,0.31400010991825766,0.29935167241825766,False,False,True,True,True,True,True,True,True,True,True,True
qft_5_Mutant_Add_rzz_P4_Q3_[3.9269908169872414].qasm,PureState_3,0,1,0.019743202873783096,0.01857345842236271,0.019741808260485678,0.018572318553683853,2.220446049250313e-16,0.0017686883034622614,0.14644660940672838,0.14911777670732584,0.006347656250000021,0.006347656250000021,False,False,False,False,False,False,False,True,True,True,False,False
qft_5_Mutant_Add_rzz_P4_Q3_[3.9269908169872414].qasm,Quratest_3,0,1,0.06581578674784,0.08316620360856067,0.06576959070129873,0.08232436608415451,0.08444599997875313,0.08528842938550701,0.16215772020340477,0.16495213159057398,0.0029948390304341266,0.020930942219565873,False,False,True,True,True,True,True,True,True,True,False,True
qft_5_Mutant_Add_rzz_P4_Q3_[3.9269908169872414].qasm,PureState_4,0,1,0.019417175618232665,0.021346081087050866,0.019414971625587012,0.02134369028403061,6.938893903907228e-17,0.0017686883034627263,0.1464466094067288,0.14917725657536965,0.006347656249999955,0.006347656249999955,False,False,False,False,False,False,False,True,True,True,False,False
qft_5_Mutant_Add_rzz_P4_Q3_[3.9269908169872414].qasm,Quratest_4,0,1,0.5325287783264984,0.508289434885707,0.5076837139328547,0.4873433362766788,0.5762798346513021,0.5612880001275128,0.2404789503955378,0.23350278301093885,0.5113298347139548,0.44004077221395477,False,False,True,True,True,True,True,True,True,True,True,True
qft_5_Mutant_Add_rzz_P4_Q3_[3.9269908169872414].qasm,PureState_5,0,1,0.022587077577012945,0.022481919462096975,0.022584898025139317,0.022479614264549835,2.0643209364124004e-16,0.001768688303462244,0.1464466094067285,0.1475638158532774,0.006347656250000017,0.006347656250000017,False,False,False,False,False,False,False,True,True,True,False,False
qft_5_Mutant_Add_rzz_P4_Q3_[3.9269908169872414].qasm,Quratest_5,0,1,0.33254738704163106,0.33508706473688354,0.3186313054269042,0.32022820493639703,0.3875585164152285,0.38951028996082115,0.15741558318799556,0.15216466165520526,0.22128422699751002,0.18563969574751002,False,False,True,True,True,True,True,True,True,True,True,True
qft_5_Mutant_Add_rzz_P4_Q3_[3.9269908169872414].qasm,PureState_6,0,1,0.018866707448603973,0.01599589692620032,0.01886535123789594,0.015995188087518798,1.3877787807814457e-16,0.001768688303462624,0.14644660940672874,0.14900559970334626,0.006347656249999955,0.006347656249999955,False,False,False,False,False,False,False,True,True,True,False,False
qft_5_Mutant_Add_rzz_P4_Q3_[3.9269908169872414].qasm,Quratest_6,0,1,0.3417023529716022,0.33296502470116107,0.33406628745545836,0.3261740797881188,0.35214128703652114,0.34626956851324,0.16026955399051956,0.1584320536039731,0.050166630839068804,0.0946002245890688,False,False,True,True,True,True,True,True,True,True,True,True
qft_5_Mutant_Add_rzz_P4_Q3_[3.9269908169872414].qasm,PureState_7,0,1,0.01716015410579621,0.01836874481664125,0.017158960509819788,0.018367028586670935,1.7867651802561113e-16,0.0017686883034625737,0.14644660940672863,0.14756970180164988,0.006347656249999993,0.006347656249999993,False,False,False,False,False,False,False,True,True,True,False,False
qft_5_Mutant_Add_rzz_P4_Q3_[3.9269908169872414].qasm,Quratest_7,0,1,0.383981461941178,0.3855049770253985,0.37487678604657126,0.37592772308803996,0.4629372360058289,0.45647988091786695,0.15293289288166848,0.15048186008436173,0.09214038008789456,0.06967944258789456,False,False,True,True,True,True,True,True,True,True,True,True
qft_5_Mutant_Add_rzz_P4_Q3_[3.9269908169872414].qasm,PureState_8,0,1,0.0226387519563312,0.023210707052948677,0.022636570486457785,0.023208390585428146,7.979727989493313e-17,0.0017686883034627003,0.14644660940672863,0.14764520372609014,0.006347656249999955,0.006347656249999955,False,False,False,False,False,False,False,True,True,True,False,False
qft_5_Mutant_Add_rzz_P4_Q3_[3.9269908169872414].qasm,Quratest_8,0,1,0.018294153637855453,0.04988415806177114,0.018265288772387738,0.04974587546068162,7.989160548393937e-15,0.01033701850974933,0.17095646279374688,0.17100404179312279,0.011651747475103544,0.025323622475103544,False,False,False,True,False,True,False,True,True,True,True,True
qft_5_Mutant_Add_rzz_P4_Q3_[3.9269908169872414].qasm,PureState_9,0,1,0.018399956631864927,0.016908803726457016,0.018398389669162428,0.01690799051559372,1.231653667943533e-16,0.0017686883034624817,0.14644660940672874,0.1489501706909225,0.006347656249999962,0.006347656249999962,False,False,False,False,False,False,False,True,True,True,False,False
qft_5_Mutant_Add_rzz_P4_Q3_[3.9269908169872414].qasm,Quratest_9,0,1,0.20463698513546003,0.20880671199580123,0.2026100096896532,0.2063178540592143,0.2019196104768407,0.20446027516558823,0.45430791660481246,0.43951929452386024,0.018963936864668608,0.024823311864668608,False,False,True,True,True,True,True,True,True,True,True,True
qft_5_Mutant_Add_rzz_P4_Q3_[3.9269908169872414].qasm,PureState_10,0,1,0.021320119422654847,0.020995759348163587,0.021318219128469183,0.020991974557118907,1.231653667943533e-16,0.0017686883034625633,0.14644660940672888,0.1490771828393612,0.006347656250000014,0.006347656250000014,False,False,False,False,False,False,False,True,True,True,False,False
qft_5_Mutant_Add_rzz_P4_Q3_[3.9269908169872414].qasm,Quratest_10,0,1,0.3731592325970958,0.3698366510234323,0.36143594171005167,0.3584302409947557,0.3841262746241235,0.38228313296101457,0.18891630697718798,0.18532216239631139,0.08364106605847015,0.08071137855847015,False,False,True,True,True,True,True,True,True,True,True,True
qft_5_Mutant_Add_rzz_P4_Q3_[3.9269908169872414].qasm,PureState_11,0,1,0.01978613020345463,0.020606566725522253,0.0197844876272719,0.020604491857672564,9.020562075079397e-17,0.0017686883034626726,0.14644660940672893,0.14766748515570807,0.006347656250000017,0.006347656250000017,False,False,False,False,False,False,False,True,True,True,False,False
qft_5_Mutant_Add_rzz_P4_Q3_[3.9269908169872414].qasm,Quratest_11,0,1,0.2600780146680141,0.26505489104863833,0.2561463416334975,0.26035035121283956,0.26274744845237374,0.26240311786890447,0.3028071963931551,0.29283551983146805,0.0068359374999941,0.0014648437500058996,False,False,True,True,True,True,True,True,True,True,False,False
qft_5_Mutant_Add_rzz_P4_Q3_[3.9269908169872414].qasm,PureState_12,0,1,0.02073713214910267,0.020162787200855316,0.020735528167118798,0.02016062503120269,6.938893903907228e-17,0.001768688303462735,0.14644660940672874,0.1477343808090937,0.006347656250000045,0.006347656250000045,False,False,False,False,False,False,False,True,True,True,False,False
qft_5_Mutant_Add_rzz_P4_Q3_[3.9269908169872414].qasm,Quratest_12,0,1,0.10676180294017502,0.14225200677164734,0.10619784966721228,0.13671793052235368,0.10419168996267734,0.1112454200250132,0.21091610418111945,0.20958112429983847,0.0951935864627464,0.1225373364627464,False,False,True,True,True,True,True,True,True,True,True,True
qft_5_Mutant_Add_rzz_P4_Q3_[3.9269908169872414].qasm,PureState_13,0,1,0.023108988243426203,0.020110446479511004,0.02310673792157847,0.020108513176215502,4.85722573273506e-17,0.0017686883034628044,0.1464466094067287,0.1477557901393429,0.00634765624999999,0.00634765624999999,False,False,False,False,False,False,False,True,True,True,False,False
qft_5_Mutant_Add_rzz_P4_Q3_[3.9269908169872414].qasm,Quratest_13,0,1,0.6025056796800137,0.5741758579895242,0.5724009853198231,0.550640295123382,0.7343252051472926,0.7229909534663939,0.3471647788881071,0.33799149605310963,0.43064331492492824,0.37400268992492824,False,False,True,True,True,True,True,True,True,True,True,True
qft_5_Mutant_Add_rzz_P4_Q3_[3.9269908169872414].qasm,PureState_14,0,1,0.02078140302017465,0.01749969849641681,0.020779145010724576,0.01749853246967251,7.45931094670027e-17,0.0017686883034627107,0.14644660940672863,0.14777238580954527,0.0063476562500000035,0.0063476562500000035,False,False,False,False,False,False,False,True,True,True,False,False
qft_5_Mutant_Add_rzz_P4_Q3_[3.9269908169872414].qasm,Quratest_14,0,1,0.30050267428148314,0.3114712997989973,0.29418968107115484,0.3044042655956566,0.2789124392214258,0.28770097770654335,0.14644660940672874,0.14343847282297065,0.1978858674818148,0.2227882112318148,False,False,True,True,True,True,True,True,True,True,True,True
qft_5_Mutant_Add_rzz_P4_Q3_[3.9269908169872414].qasm,PureState_15,0,1,0.015760263941198196,0.018574590275771203,0.01575944665740685,0.01857299599577947,1.231653667943533e-16,0.001768688303462565,0.1464466094067288,0.14922657042252388,0.0063476562500000035,0.0063476562500000035,False,False,False,False,False,False,False,True,True,True,False,False
qft_5_Mutant_Add_rzz_P4_Q3_[3.9269908169872414].qasm,Quratest_15,0,1,0.017684489425274064,0.03134300358748064,0.01767994832209389,0.03132089273452203,8.440513912799652e-17,0.016661822709588985,0.15199352196150348,0.1517914269080244,0.03219179420420783,0.026332419204207827,False,False,False,False,False,False,False,True,True,True,True,True
qft_5_Mutant_Add_rx_P2_Q3_[3.141592653589793].qasm,PureState_0,0,1,0.02258326962302638,0.02176301947202032,0.02258118304594005,0.02176065851464815,1.4224732503009818e-16,0.0017713912111318834,3.843252969022304e-16,0.007664036993161731,0.0063476562500000035,0.0058593750000000035,False,False,False,False,False,False,False,True,True,True,False,False
qft_5_Mutant_Add_rx_P2_Q3_[3.141592653589793].qasm,Quratest_0,0,1,0.02354504628290385,0.10671745870904305,0.021853136161719734,0.09696814684674593,2.9563808316537593e-16,0.017382537749586403,1.3095362160946295e-06,0.009690995509204273,0.007141338698180816,0.013366473801819184,False,False,False,True,False,True,False,True,True,True,False,True
qft_5_Mutant_Add_rx_P2_Q3_[3.141592653589793].qasm,PureState_1,0,1,0.019339431747037183,0.020879743592317,0.019337946321061096,0.020876380963315358,1.8214596497756474e-16,0.001771391211131873,3.9352386946724908e-16,0.007777876135875806,0.006347656250000024,0.005859375000000024,False,False,False,False,False,False,False,True,True,True,False,False
qft_5_Mutant_Add_rx_P2_Q3_[3.141592653589793].qasm,Quratest_1,0,1,0.019084363466548376,0.06098465750379668,0.019072811607681154,0.059244879762763804,1.4287074127927735e-16,0.007000785011162388,0.029755934253702716,0.03611461626367048,0.0052956912362301725,0.019606652513769827,False,False,False,True,False,True,False,True,True,True,False,True
qft_5_Mutant_Add_rx_P2_Q3_[3.141592653589793].qasm,PureState_2,0,1,0.021493420206205968,0.016981200263575108,0.02149135159956243,0.016980202324084932,1.717376241217039e-16,0.0017713912111316163,3.802065056500206e-16,0.0077164658474993845,0.00634765625,0.005859375,False,False,False,False,False,False,False,True,True,True,False,False
qft_5_Mutant_Add_rx_P2_Q3_[3.141592653589793].qasm,Quratest_2,0,1,0.021402609918902072,0.05054878132431972,0.02139848119482278,0.050461604000907996,2.4443337978685697e-16,0.013141658623174405,0.22614686851982743,0.22351098574513056,0.023472766168257664,0.028843859918257664,False,False,False,True,False,True,False,True,True,True,True,True
qft_5_Mutant_Add_rx_P2_Q3_[3.141592653589793].qasm,PureState_3,0,1,0.017346057871682696,0.0162417470919334,0.017345023138269806,0.016240804535761173,1.700029006457271e-16,0.0017713912111315417,3.842144857183551e-16,0.009586277895560253,0.006347656250000021,0.005859375000000021,False,False,False,False,False,False,False,True,True,True,False,False
qft_5_Mutant_Add_rx_P2_Q3_[3.141592653589793].qasm,Quratest_3,0,1,0.016248199725119143,0.06342928495458933,0.016244123703621566,0.06249569941903594,1.0572326434449275e-16,0.014507019918335053,0.018933097179141017,0.028997716184200537,0.004329379719565873,0.03264969221956587,False,False,False,True,False,True,False,True,True,True,False,True
qft_5_Mutant_Add_rx_P2_Q3_[3.141592653589793].qasm,PureState_4,0,1,0.02349592676510735,0.01864760556888866,0.023492017722573078,0.01864619587951139,1.4224732503009818e-16,0.001771391211132161,3.7677976365527563e-16,0.009517876711668349,0.006347656249999955,0.005859374999999955,False,False,False,False,False,False,False,True,True,True,False,False
qft_5_Mutant_Add_rx_P2_Q3_[3.141592653589793].qasm,Quratest_4,0,1,0.01569903144670355,0.04142322092565626,0.01567525413946663,0.041362075709557404,1.7528838623659393e-16,0.013169424793310167,0.03725279695076471,0.04178250764969722,0.01699047778604526,0.0074235847139547395,False,False,False,False,False,True,False,True,True,True,True,False
qft_5_Mutant_Add_rx_P2_Q3_[3.141592653589793].qasm,PureState_5,0,1,0.0190847897842633,0.018573217012868005,0.019083083121177777,0.018571846383957563,2.0296264668928643e-16,0.0017713912111315521,4.084806418381764e-16,0.007711809881743738,0.006347656250000017,0.005859375000000017,False,False,False,False,False,False,False,True,True,True,False,False
qft_5_Mutant_Add_rx_P2_Q3_[3.141592653589793].qasm,Quratest_5,0,1,0.02042896857092519,0.06147603501194339,0.01925048670029671,0.06008732329643396,8.056215064630376e-17,0.014748958392477637,0.7142493616071237,0.6889768683293955,0.01669438324751002,0.0074170394975100196,False,False,False,True,False,True,False,True,True,True,True,False
qft_5_Mutant_Add_rx_P2_Q3_[3.141592653589793].qasm,PureState_6,0,1,0.014671479822180204,0.023955007900327948,0.014670769422472016,0.02395259596405219,1.5265566588595902e-16,0.001771391211131958,3.9888771469694664e-16,0.009424880973398986,0.006347656249999955,0.005859374999999955,False,False,False,False,False,False,False,True,True,True,False,False
qft_5_Mutant_Add_rx_P2_Q3_[3.141592653589793].qasm,Quratest_6,0,1,0.022133295398511308,0.06567045050354327,0.021774515919171053,0.0644980606138299,1.2593685859776937e-16,0.011688032279379645,0.04412392025325741,0.04949211283170615,0.009403681660931196,0.046260380839068804,False,False,False,True,False,True,False,True,True,True,False,True
qft_5_Mutant_Add_rx_P2_Q3_[3.141592653589793].qasm,PureState_7,0,1,0.01652205990030234,0.01571435995877421,0.016521016361739336,0.015713501616451166,1.717376241217039e-16,0.0017713912111317343,4.1949036093210964e-16,0.007633183097780389,0.006347656249999993,0.005859374999999993,False,False,False,False,False,False,False,True,True,True,False,False
qft_5_Mutant_Add_rx_P2_Q3_[3.141592653589793].qasm,Quratest_7,0,1,0.019933254319706988,0.03430594852919092,0.019924291696247584,0.03417225508287708,5.355958732078392e-17,0.012799117597448598,0.012687247992224409,0.021457712683176266,0.00893383866210544,0.01479321366210544,False,False,False,False,False,False,False,True,True,True,False,True
qft_5_Mutant_Add_rx_P2_Q3_[3.141592653589793].qasm,PureState_8,0,1,0.01811968826918114,0.021804549128745476,0.018117979553401813,0.02180222884006415,1.4224732503009818e-16,0.0017713912111318973,3.9408783224262866e-16,0.007571660642551138,0.006347656249999955,0.005859374999999955,False,False,False,False,False,False,False,True,True,True,False,False
qft_5_Mutant_Add_rx_P2_Q3_[3.141592653589793].qasm,Quratest_8,0,1,0.016893345701122782,0.05288385915288779,0.016889824207299495,0.05272949062011851,1.3254371558635292e-16,0.01032901242149711,0.028715079404679607,0.03619566772289488,0.011651747475103544,0.024835341225103544,False,False,False,True,False,True,False,True,True,True,True,True
qft_5_Mutant_Add_rx_P2_Q3_[3.141592653589793].qasm,PureState_9,0,1,0.020994016621944608,0.016966331529457892,0.02099247731551089,0.016965256965715433,1.8388068845354155e-16,0.0017713912111318314,4.3251315208089346e-16,0.009447768981344909,0.006347656249999962,0.005859374999999962,False,False,False,False,False,False,False,True,True,True,False,False
qft_5_Mutant_Add_rx_P2_Q3_[3.141592653589793].qasm,Quratest_9,0,1,0.019606268617467768,0.043810353457163595,0.018802174667743816,0.0425355588191842,1.112459191605908e-16,0.01198682327693152,0.5876945026230216,0.569256226527048,0.014239188135331392,7.903188533139177e-05,False,False,False,True,False,True,False,True,True,True,True,False
qft_5_Mutant_Add_rx_P2_Q3_[3.141592653589793].qasm,PureState_10,0,1,0.01942081346200134,0.02554877396555314,0.019418776150906134,0.025545324861959262,2.0643209364124004e-16,0.0017713912111318505,3.651482993614003e-16,0.009551414038372747,0.006347656250000014,0.005859375000000014,False,False,False,False,False,False,False,True,True,True,False,False
qft_5_Mutant_Add_rx_P2_Q3_[3.141592653589793].qasm,Quratest_10,0,1,0.019371278253254794,0.03179268310371227,0.019366556458705112,0.03176269407104361,1.4007892068512717e-16,0.01636764971496321,0.26814831314020937,0.2611587360268457,0.013328566058470145,0.016746534808470145,False,False,False,False,False,False,False,True,True,True,True,True
qft_5_Mutant_Add_rx_P2_Q3_[3.141592653589793].qasm,PureState_11,0,1,0.022869528073784593,0.02115000957469679,0.02286580690299176,0.021147706968886487,1.717376241217039e-16,0.0017713912111318557,4.1178220124501746e-16,0.007635246820348654,0.006347656250000017,0.005859375000000017,False,False,False,False,False,False,False,True,True,True,False,False
qft_5_Mutant_Add_rx_P2_Q3_[3.141592653589793].qasm,Quratest_11,0,1,0.02200491956961922,0.044898958857841495,0.02164563738819322,0.04291566548710371,1.6076007712528817e-16,0.014507325171916477,0.30883121509296096,0.30127375357303227,0.0063476562500059,0.0107421875000059,False,False,False,True,False,True,False,True,True,True,False,False
qft_5_Mutant_Add_rx_P2_Q3_[3.141592653589793].qasm,PureState_12,0,1,0.01722070370085148,0.017520721365014147,0.01721885714777367,0.01751926925794127,1.4224732503009818e-16,0.0017713912111321558,3.935286478010201e-16,0.007572664961229398,0.006347656250000045,0.005859375000000045,False,False,False,False,False,False,False,True,True,True,False,False
qft_5_Mutant_Add_rx_P2_Q3_[3.141592653589793].qasm,Quratest_12,0,1,0.019336783313718138,0.08880759617154302,0.018419641907121684,0.08127932683536289,1.0022194417075368e-16,0.018209498496719576,0.0902786701151309,0.09590678790030233,0.017556867712746393,0.06247874271274639,False,False,False,True,False,True,False,True,True,True,True,True
qft_5_Mutant_Add_rx_P2_Q3_[3.141592653589793].qasm,PureState_13,0,1,0.0189348147385659,0.015929646199510556,0.018932991161443428,0.015928900195310642,1.7520707107365752e-16,0.0017713912111320534,3.9629738363802014e-16,0.007667658377308582,0.00634765624999999,0.00585937499999999,False,False,False,False,False,False,False,True,True,True,False,False
qft_5_Mutant_Add_rx_P2_Q3_[3.141592653589793].qasm,Quratest_13,0,1,0.024435365656124895,0.04475811182886686,0.024359942493332325,0.04442182327430151,2.0094332014303218e-16,0.018952887450614582,0.019492618843425177,0.024887087539309564,0.027852778825071783,0.006815189924928217,False,False,False,True,False,True,False,True,True,True,True,False
qft_5_Mutant_Add_rx_P2_Q3_[3.141592653589793].qasm,PureState_14,0,1,0.02117108147239536,0.020998116611765493,0.02116954004319197,0.020995587622095233,1.5612511283791264e-16,0.0017713912111319632,3.8362469734952493e-16,0.007637673437028899,0.0063476562500000035,0.0058593750000000035,False,False,False,False,False,False,False,True,True,True,False,False
qft_5_Mutant_Add_rx_P2_Q3_[3.141592653589793].qasm,Quratest_14,0,1,0.01768671728320215,0.0782133035483215,0.016762221332986653,0.07584173995133428,1.400653681579711e-16,0.019728076683968344,3.9319475812324663e-16,0.00664698442979977,0.027700070018185197,0.0411475862318148,False,False,False,True,False,True,False,True,True,True,True,True
qft_5_Mutant_Add_rx_P2_Q3_[3.141592653589793].qasm,PureState_15,0,1,0.01895204452518515,0.020851916967917914,0.018950580803570795,0.02085055218042231,1.3877787807814457e-16,0.0017713912111318487,3.8787947235814585e-16,0.009594672185563707,0.0063476562500000035,0.0058593750000000035,False,False,False,False,False,False,False,True,True,True,False,False
qft_5_Mutant_Add_rx_P2_Q3_[3.141592653589793].qasm,Quratest_15,0,1,0.022244836028350073,0.03405081928238499,0.022231587933623936,0.03401965042963594,2.1033522146218786e-16,0.01667812219521604,0.006498612290579798,0.013044489270702462,0.03219179420420783,0.026332419204207827,False,False,False,False,False,False,False,True,True,True,True,True
qft_5_Mutant_Add_y_P0_Q4_[].qasm,PureState_0,0,1,0.021360234733225413,0.020868602964180596,0.021357975977897688,0.02086681161433536,1.491862189340054e-16,0.0017656028283514515,5.678689749080669e-16,0.01479787919136916,0.0063476562500000035,0.0058593750000000035,False,False,False,False,False,False,False,True,True,True,False,False
qft_5_Mutant_Add_y_P0_Q4_[].qasm,Quratest_0,0,1,0.9666411060506496,0.900863270239035,0.8265853995467337,0.7936789111335576,0.9975942581325654,0.9775138904949534,3.9843704495410354e-16,0.011884996889168048,0.043151630051819184,0.062194598801819184,False,False,True,True,True,True,True,True,True,True,True,True
qft_5_Mutant_Add_y_P0_Q4_[].qasm,PureState_1,0,1,0.019436638173614077,0.016587779327113802,0.01943474058234321,0.01658695079701365,1.8561541192951836e-16,0.0017656028283513075,4.3252616385078517e-16,0.014646735049118809,0.006347656250000024,0.005859375000000024,False,False,False,False,False,False,False,True,True,True,False,False
qft_5_Mutant_Add_y_P0_Q4_[].qasm,Quratest_1,0,1,0.16857335875230506,0.17114462356355084,0.16815062279152723,0.17041657611005914,0.2351046941101212,0.2327426209384502,3.868363559528003e-16,0.015038675273581563,0.12751680876376983,0.10603243376376983,False,False,True,True,True,True,True,True,True,True,True,True
qft_5_Mutant_Add_y_P0_Q4_[].qasm,PureState_2,0,1,0.019809837481025088,0.018994017295594936,0.019808190367957654,0.018992059380649778,1.5612511283791264e-16,0.0017656028283512398,4.061220407129671e-16,0.014664036522725285,0.00634765625,0.005859375,False,False,False,False,False,False,False,True,True,True,False,False
qft_5_Mutant_Add_y_P0_Q4_[].qasm,Quratest_2,0,1,0.20073949637157779,0.20142719783554505,0.2000134397739784,0.200595357421214,0.27932706533059204,0.275958658799477,4.0318370013538303e-16,0.0142328786696433,0.060093859918257664,0.08353135991825766,False,False,True,True,True,True,True,True,True,True,True,True
qft_5_Mutant_Add_y_P0_Q4_[].qasm,PureState_3,0,1,0.014847990047301599,0.01843059113691538,0.014847178783462183,0.018429126427705642,1.457167719820518e-16,0.0017656028283511236,3.995158662497821e-16,0.014805286054999102,0.006347656250000021,0.005859375000000021,False,False,False,False,False,False,False,True,True,True,False,False
qft_5_Mutant_Add_y_P0_Q4_[].qasm,Quratest_3,0,1,0.21174231757889458,0.22046065770058826,0.21091037216553424,0.21919471212676134,0.3029345760948224,0.2956106075468938,3.9977223145675263e-16,0.014601082507323702,0.13225906721956587,0.13225906721956587,False,False,True,True,True,True,True,True,True,True,True,True
qft_5_Mutant_Add_y_P0_Q4_[].qasm,PureState_4,0,1,0.02237764411501031,0.019364668840013644,0.02237424040721894,0.019361648187633605,1.4224732503009818e-16,0.001765602828351736,3.925934498384229e-16,0.014634434227249204,0.006347656249999955,0.005859374999999955,False,False,False,False,False,False,False,True,True,True,False,False
qft_5_Mutant_Add_y_P0_Q4_[].qasm,Quratest_4,0,1,0.5008512383942982,0.4904825569969921,0.48895634842635494,0.4792024316615545,0.6690567241581877,0.6549365542114498,0.21616513280185767,0.21391489952888923,0.15810375903604526,0.10536938403604526,False,False,True,True,True,True,True,True,True,True,True,True
qft_5_Mutant_Add_y_P0_Q4_[].qasm,PureState_5,0,1,0.017519650525586364,0.02210193862277708,0.017518671602438148,0.022100197081863258,1.5612511283791264e-16,0.001765602828351082,3.72920376245364e-16,0.014760307222991523,0.006347656250000017,0.005859375000000017,False,False,False,False,False,False,False,True,True,True,False,False
qft_5_Mutant_Add_y_P0_Q4_[].qasm,Quratest_5,0,1,0.5625341330801524,0.5606427634246726,0.5198353742269342,0.5179453529543778,0.6102835775931502,0.6047061308485684,0.0021566781467667485,0.011378342518948219,0.02285639800248998,0.01016108550248998,False,False,True,True,True,True,True,True,True,True,True,False
qft_5_Mutant_Add_y_P0_Q4_[].qasm,PureState_6,0,1,0.022828540280909245,0.014315905942287316,0.022826098820202374,0.014315296839482796,1.3704315460216776e-16,0.0017656028283514792,5.684219802689975e-16,0.014751076630238651,0.006347656249999955,0.005859374999999955,False,False,False,False,False,False,False,True,True,True,False,False
qft_5_Mutant_Add_y_P0_Q4_[].qasm,Quratest_6,0,1,0.4919289882209266,0.4649670166015205,0.46936635203714544,0.4463294399490952,0.5456157549590304,0.5306542752353498,0.1153093631272943,0.12002598703485998,0.1917681933390688,0.2098345995890688,False,False,True,True,True,True,True,True,True,True,True,True
qft_5_Mutant_Add_y_P0_Q4_[].qasm,PureState_7,0,1,0.01722981870060066,0.02197084012022803,0.017229024421916577,0.02196822576047866,1.4051260155412137e-16,0.0017656028283512745,3.9443185111249187e-16,0.014771524439468208,0.006347656249999993,0.005859374999999993,False,False,False,False,False,False,False,True,True,True,False,False
qft_5_Mutant_Add_y_P0_Q4_[].qasm,Quratest_7,0,1,0.5859977091499735,0.5616536508162437,0.5623698547238469,0.5409913003913213,0.7270845478022203,0.710777617001959,3.954125440638594e-16,0.014364068176948701,0.15610522383789455,0.13364428633789455,False,False,True,True,True,True,True,True,True,True,True,True
qft_5_Mutant_Add_y_P0_Q4_[].qasm,PureState_8,0,1,0.02356813347645792,0.01816167162693933,0.023561000296004463,0.01816061012689252,1.4224732503009818e-16,0.001765602828351552,3.936151633988781e-16,0.014881611982916924,0.006347656249999955,0.005859374999999955,False,False,False,False,False,False,False,True,True,True,False,False
qft_5_Mutant_Add_y_P0_Q4_[].qasm,Quratest_8,0,1,0.4387334881417199,0.426369330742646,0.4309397473892546,0.41900710719882783,0.5894184574703825,0.5768741604897736,0.03886233133273831,0.05051932454764286,0.060479872475103544,0.054132216225103544,False,False,True,True,True,True,True,True,True,True,True,True
qft_5_Mutant_Add_y_P0_Q4_[].qasm,PureState_9,0,1,0.02074945271266787,0.018571683456287985,0.020747709937735007,0.018570281162925358,2.1510571102112408e-16,0.0017656028283514532,3.9245344881704254e-16,0.014728102030798666,0.006347656249999962,0.005859374999999962,False,False,False,False,False,False,False,True,True,True,False,False
qft_5_Mutant_Add_y_P0_Q4_[].qasm,Quratest_9,0,1,0.44239264124099453,0.4416885093930303,0.4130494792059937,0.41216363992268956,0.4940167002297684,0.4893102691150904,0.29525856065642436,0.2908649447577172,0.031170968114668608,0.016034249364668608,False,False,True,True,True,True,True,True,True,True,True,True
qft_5_Mutant_Add_y_P0_Q4_[].qasm,PureState_10,0,1,0.01839533940817445,0.019030121958304065,0.01839408607488316,0.019028498048145066,2.3418766925686896e-16,0.0017656028283514948,3.904145554583815e-16,0.014598038434507505,0.006347656250000014,0.005859375000000014,False,False,False,False,False,False,False,True,True,True,False,False
qft_5_Mutant_Add_y_P0_Q4_[].qasm,Quratest_10,0,1,0.5351309101557238,0.5248932037706538,0.512197003279174,0.5034918223651376,0.643667326442118,0.6293505105666555,0.2282987916131681,0.2248943909925123,0.13979340980847016,0.14272309730847016,False,False,True,True,True,True,True,True,True,True,True,True
qft_5_Mutant_Add_y_P0_Q4_[].qasm,PureState_11,0,1,0.020625350738886935,0.01972941868191295,0.020623481905604382,0.01972788992128085,1.4051260155412137e-16,0.0017656028283513994,4.1516351905936865e-16,0.014832180146246488,0.006347656250000017,0.005859375000000017,False,False,False,False,False,False,False,True,True,True,False,False
qft_5_Mutant_Add_y_P0_Q4_[].qasm,Quratest_11,0,1,0.3067820010010346,0.2951137858442622,0.3020269571275072,0.29120940596801087,0.38284844764775866,0.3773638514724872,0.0006352904357384091,0.009211506825469677,0.0068359375000059,0.0126953125000059,False,False,True,True,True,True,True,True,True,True,False,True
qft_5_Mutant_Add_y_P0_Q4_[].qasm,PureState_12,0,1,0.018470559567576973,0.023989797368593628,0.018468968186810836,0.023986684948959492,1.4224732503009818e-16,0.0017656028283517065,3.935286484613678e-16,0.014530782667655347,0.006347656250000045,0.005859375000000045,False,False,False,False,False,False,False,True,True,True,False,False
qft_5_Mutant_Add_y_P0_Q4_[].qasm,Quratest_12,0,1,0.9229376515250175,0.8643185335700755,0.810954973371657,0.7765658193409961,0.9872330065310339,0.9673429079761328,3.847034462988564e-16,0.011933492972825392,0.5981232739627464,0.5268342114627464,False,False,True,True,True,True,True,True,True,True,True,True
qft_5_Mutant_Add_y_P0_Q4_[].qasm,PureState_13,0,1,0.02383901954161263,0.01880591677622277,0.023836135197104237,0.018804262167001127,1.491862189340054e-16,0.0017656028283516475,6.15936778878063e-16,0.014630519260681377,0.00634765624999999,0.00585937499999999,False,False,False,False,False,False,False,True,True,True,False,False
qft_5_Mutant_Add_y_P0_Q4_[].qasm,Quratest_13,0,1,0.7574852342737514,0.7261434727203893,0.7080692017607266,0.6829516736145572,0.9034534974279883,0.8851018858204253,3.8293257659385946e-16,0.008230619673553603,0.25242065867492824,0.25632690867492824,False,False,True,True,True,True,True,True,True,True,True,True
qft_5_Mutant_Add_y_P0_Q4_[].qasm,PureState_14,0,1,0.019641632186698704,0.016793450149099047,0.01964010545706229,0.01679257738086926,1.4051260155412137e-16,0.0017656028283515608,3.956705404286502e-16,0.014580682355174745,0.0063476562500000035,0.0058593750000000035,False,False,False,False,False,False,False,True,True,True,False,False
qft_5_Mutant_Add_y_P0_Q4_[].qasm,Quratest_14,0,1,0.9294925427030915,0.8773726512143069,0.8137374115485982,0.7847259341258768,0.9909630423456202,0.9745264921405405,3.9877652515900017e-16,0.010080361177070545,0.5553077424818148,0.4893897737318148,False,False,True,True,True,True,True,True,True,True,True,True
qft_5_Mutant_Add_y_P0_Q4_[].qasm,PureState_15,0,1,0.016689923314646252,0.01878028295960221,0.01668874894911047,0.01877759336855784,1.9949319973733282e-16,0.0017656028283515104,4.564733559780912e-16,0.014628547421758738,0.0063476562500000035,0.0058593750000000035,False,False,False,False,False,False,False,True,True,True,False,False
qft_5_Mutant_Add_y_P0_Q4_[].qasm,Quratest_15,0,1,0.6031752733872445,0.5829256206576242,0.5811506078808069,0.5631918099738268,0.7678713449665748,0.7555315442907231,3.877489751943769e-16,0.01186386709362966,0.04105039329579217,0.027378518295792173,False,False,True,True,True,True,True,True,True,True,True,True
qft_5_Mutant_Replace_ry_P5_Q2_[4.71238898038469].qasm,PureState_0,0,1,0.01983609377065846,0.015116188770609263,0.019833862789742678,0.015115509371437201,1.491862189340054e-16,0.001765601072944262,3.952638338363723e-16,0.0015032169424871124,0.0063476562500000035,0.0058593750000000035,False,False,False,False,False,False,False,True,True,True,False,False
qft_5_Mutant_Replace_ry_P5_Q2_[4.71238898038469].qasm,Quratest_0,0,1,0.022839227618371365,0.10448199180095437,0.020694242402993696,0.09581126591131586,1.4866434075937835e-16,0.01738124252439492,0.004520496240652968,0.006190037260102391,0.007141338698180816,0.013854755051819184,False,False,False,True,False,True,False,True,True,True,False,True
qft_5_Mutant_Replace_ry_P5_Q2_[4.71238898038469].qasm,PureState_1,0,1,0.016709560898486183,0.01803431795948821,0.0167083024794593,0.018033246670169308,1.682681771697503e-16,0.0017656010729443245,4.0806967751912243e-16,0.001504087964419215,0.006347656250000024,0.005859375000000024,False,False,False,False,False,False,False,True,True,True,False,False
qft_5_Mutant_Replace_ry_P5_Q2_[4.71238898038469].qasm,Quratest_1,0,1,0.019603062292517612,0.056099959994288066,0.01959922609297905,0.05448323016972071,1.3682631416767066e-16,0.007005930534978528,0.022347912863775205,0.023652755037073078,0.0052956912362301725,0.019606652513769827,False,False,False,True,False,True,False,True,True,True,False,True
qft_5_Mutant_Replace_ry_P5_Q2_[4.71238898038469].qasm,PureState_2,0,1,0.020716657634876276,0.022389594952947112,0.02071493803504078,0.022386022969958574,1.960237527853792e-16,0.001765601072944177,4.065860968886941e-16,0.0015034855847883,0.00634765625,0.005859375,False,False,False,False,False,False,False,True,True,True,False,False
qft_5_Mutant_Replace_ry_P5_Q2_[4.71238898038469].qasm,Quratest_2,0,1,0.019161621957673524,0.05015403076206616,0.019157471642902536,0.049992508619899304,1.7726705520137997e-16,0.013014650764797233,4.3698476486808296e-05,0.0019393074501869625,0.023472766168257664,0.027867297418257664,False,False,False,True,False,True,False,True,True,True,True,True
qft_5_Mutant_Replace_ry_P5_Q2_[4.71238898038469].qasm,PureState_3,0,1,0.019455111484302713,0.017890261372953756,0.019453341938446632,0.017888908618700242,1.491862189340054e-16,0.0017656010729439637,3.8662551175345207e-16,0.0015003373318494338,0.006347656250000021,0.005859375000000021,False,False,False,False,False,False,False,True,True,True,False,False
qft_5_Mutant_Replace_ry_P5_Q2_[4.71238898038469].qasm,Quratest_3,0,1,0.018477890284967866,0.05165287020986456,0.018471818065866067,0.050966181236881535,1.1561660916842298e-16,0.01431090294126566,1.4060957763316294e-05,0.0015946153188958227,0.004329379719565873,0.03313797346956587,False,False,False,True,False,True,False,True,True,True,False,True
qft_5_Mutant_Replace_ry_P5_Q2_[4.71238898038469].qasm,PureState_4,0,1,0.021872461808357654,0.02142474990617266,0.021870260541381418,0.021422917651672528,1.4224732503009818e-16,0.0017656010729445674,3.8641135871615e-16,0.0014387136366267666,0.006347656249999955,0.005859374999999955,False,False,False,False,False,False,False,True,True,True,False,False
qft_5_Mutant_Replace_ry_P5_Q2_[4.71238898038469].qasm,Quratest_4,0,1,0.016723381602268824,0.044856270970960205,0.01671359990880245,0.04469532457948475,6.591949208711867e-17,0.013096951734781393,0.3032708775021238,0.2960150186239011,0.01699047778604526,0.0069353034639547395,False,False,False,True,False,True,False,True,True,True,True,False
qft_5_Mutant_Replace_ry_P5_Q2_[4.71238898038469].qasm,PureState_5,0,1,0.024502821207740503,0.022721988263707128,0.024499475053212275,0.022719476328355203,1.6653345369377348e-16,0.0017656010729439429,4.0790729024859556e-16,0.0015022290577293726,0.006347656250000017,0.005859375000000017,False,False,False,False,False,False,False,True,True,True,False,False
qft_5_Mutant_Replace_ry_P5_Q2_[4.71238898038469].qasm,Quratest_5,0,1,0.01467723175823364,0.06448397687980964,0.0141406376639165,0.063028091874027,1.1883279326914756e-16,0.01446170151613213,0.08270729611099814,0.08453851465738858,0.01669438324751002,0.00888188324751002,False,False,False,True,False,True,False,True,True,True,True,False
qft_5_Mutant_Replace_ry_P5_Q2_[4.71238898038469].qasm,PureState_6,0,1,0.0157063780536438,0.014087561246046097,0.015705647044712733,0.014086943697537851,1.6653345369377348e-16,0.0017656010729443072,4.0322319865957025e-16,0.0015005065607632414,0.006347656249999955,0.005859374999999955,False,False,False,False,False,False,False,True,True,True,False,False
qft_5_Mutant_Replace_ry_P5_Q2_[4.71238898038469].qasm,Quratest_6,0,1,0.018515024344216008,0.07679645523220449,0.017665246615675936,0.0754700866072012,1.8856986284954136e-16,0.011678010212296162,0.0004103616995375294,0.005342402829153844,0.009403681660931196,0.046748662089068804,False,False,False,True,False,True,False,True,True,True,False,True
qft_5_Mutant_Replace_ry_P5_Q2_[4.71238898038469].qasm,PureState_7,0,1,0.017699253035980154,0.024091865998100214,0.017697696264850515,0.02408896653377013,1.5265566588595902e-16,0.0017656010729441111,3.896414275389668e-16,0.0015028168643758536,0.006347656249999993,0.005859374999999993,False,False,False,False,False,False,False,True,True,True,False,False
qft_5_Mutant_Replace_ry_P5_Q2_[4.71238898038469].qasm,Quratest_7,0,1,0.01879312324146645,0.03548058037661765,0.018784353214269287,0.035325912325497186,1.0546576632852744e-16,0.012863931698559303,0.11603370693232738,0.11482251094292201,0.00893383866210544,0.01430493241210544,False,False,False,False,False,False,False,True,True,True,False,True
qft_5_Mutant_Replace_ry_P5_Q2_[4.71238898038469].qasm,PureState_8,0,1,0.021636237566782634,0.02001956902133324,0.021632186211800367,0.020018037120666042,1.4224732503009818e-16,0.0017656010729443367,3.938736325881178e-16,0.0014399398478273278,0.006347656249999955,0.005859374999999955,False,False,False,False,False,False,False,True,True,True,False,False
qft_5_Mutant_Replace_ry_P5_Q2_[4.71238898038469].qasm,Quratest_8,0,1,0.02057698607249789,0.051362231242014035,0.02057101580627555,0.05115877161085745,1.8458541986565713e-16,0.010323031244446682,3.967923827784377e-16,0.0014268382357525847,0.011651747475103544,0.024347059975103544,False,False,False,True,False,True,False,True,True,True,True,True
qft_5_Mutant_Replace_ry_P5_Q2_[4.71238898038469].qasm,PureState_9,0,1,0.021404313958665773,0.022379207667584985,0.0214019234370788,0.022377168399131342,1.97758476261356e-16,0.0017656010729442308,3.977395686279573e-16,0.0014371173318638722,0.006347656249999962,0.005859374999999962,False,False,False,False,False,False,False,True,True,True,False,False
qft_5_Mutant_Replace_ry_P5_Q2_[4.71238898038469].qasm,Quratest_9,0,1,0.021883997290676815,0.04751906128930603,0.021111707449855886,0.04615029228029014,6.430674135554648e-17,0.011886404166128286,0.12063088201261327,0.11793728706530832,0.014239188135331392,7.903188533139177e-05,False,False,False,True,False,True,False,True,True,True,True,False
qft_5_Mutant_Replace_ry_P5_Q2_[4.71238898038469].qasm,PureState_10,0,1,0.017397891780029418,0.01874290344025135,0.017396086475006206,0.01874131478300247,1.43982048506075e-16,0.001765601072944321,3.8193009366283073e-16,0.0014378202278934578,0.006347656250000014,0.005859375000000014,False,False,False,False,False,False,False,True,True,True,False,False
qft_5_Mutant_Replace_ry_P5_Q2_[4.71238898038469].qasm,Quratest_10,0,1,0.021812244591641494,0.032701779110958965,0.02180913116522888,0.03267881055380978,9.519295074422729e-17,0.016415664406132187,0.15038501020486725,0.14840467567059684,0.013328566058470145,0.017234816058470145,False,False,False,False,False,False,False,True,True,True,True,True
qft_5_Mutant_Replace_ry_P5_Q2_[4.71238898038469].qasm,PureState_11,0,1,0.01777364711997154,0.020799139120693873,0.017772264177205545,0.020796736529814716,1.8041124150158794e-16,0.001765601072944262,4.0745629158800806e-16,0.0014396972617553689,0.006347656250000017,0.005859375000000017,False,False,False,False,False,False,False,True,True,True,False,False
qft_5_Mutant_Replace_ry_P5_Q2_[4.71238898038469].qasm,Quratest_11,0,1,0.02154515954327912,0.04144186253310944,0.0211298164540791,0.039989026287319915,8.844379222050502e-17,0.014413649296216954,0.007879830740329897,0.009909412982768477,0.0063476562500059,0.0102539062500059,False,False,False,False,False,False,False,True,True,True,False,False
qft_5_Mutant_Replace_ry_P5_Q2_[4.71238898038469].qasm,PureState_12,0,1,0.016533626143494264,0.02079087590712538,0.0165324450134386,0.02078865500666991,1.4224732503009818e-16,0.001765601072944557,3.93528648324421e-16,0.0014407130257485252,0.006347656250000045,0.005859375000000045,False,False,False,False,False,False,False,True,True,True,False,False
qft_5_Mutant_Replace_ry_P5_Q2_[4.71238898038469].qasm,Quratest_12,0,1,0.01865731182651912,0.09436123475685375,0.01780641162011045,0.08513073269074929,1.4952213367204074e-16,0.018213070136146696,6.261361418527105e-05,0.0021230375153102857,0.017556867712746393,0.06247874271274639,False,False,False,True,False,True,False,True,True,True,True,True
qft_5_Mutant_Replace_ry_P5_Q2_[4.71238898038469].qasm,PureState_13,0,1,0.023930670255091626,0.017290448721298146,0.02392794480182934,0.01728934063748276,1.6306400674181987e-16,0.0017656010729444841,3.9706565977911363e-16,0.0015043482210841555,0.00634765624999999,0.00585937499999999,False,False,False,False,False,False,False,True,True,True,False,False
qft_5_Mutant_Replace_ry_P5_Q2_[4.71238898038469].qasm,Quratest_13,0,1,0.02363107270764397,0.04383567957723134,0.023613509061629918,0.043387011319687814,6.776263578034403e-17,0.018932537956777358,0.010605166226254088,0.016552392032759215,0.027852778825071783,0.006326908674928217,False,False,False,True,False,True,False,True,True,True,True,False
qft_5_Mutant_Replace_ry_P5_Q2_[4.71238898038469].qasm,PureState_14,0,1,0.02221216275900196,0.013497407749640008,0.022210051462036137,0.013496824906361246,1.0928757898653885e-16,0.0017656010729442794,3.990016963971042e-16,0.0014406388260171541,0.0063476562500000035,0.0058593750000000035,False,False,False,False,False,False,False,True,True,True,False,False
qft_5_Mutant_Replace_ry_P5_Q2_[4.71238898038469].qasm,Quratest_14,0,1,0.0173268266125251,0.07650322781140001,0.016860550948295992,0.07478852155894769,9.56469604039556e-17,0.01975120599490927,0.05238872661702082,0.05376781239907481,0.027700070018185197,0.0406593049818148,False,False,False,True,False,True,False,True,True,True,True,True
qft_5_Mutant_Replace_ry_P5_Q2_[4.71238898038469].qasm,PureState_15,0,1,0.020881105233607304,0.025941180097204173,0.02087898405587875,0.025937989931923446,1.4051260155412137e-16,0.0017656010729443523,3.8421284482132346e-16,0.001438487160160085,0.0063476562500000035,0.0058593750000000035,False,False,False,False,False,False,False,True,True,True,False,False
qft_5_Mutant_Replace_ry_P5_Q2_[4.71238898038469].qasm,Quratest_15,0,1,0.018865031175446533,0.029765842924850634,0.01885359791050388,0.029749510414180235,1.282069068964109e-16,0.016683953130189562,3.659246907408521e-16,0.001532720023776716,0.03219179420420783,0.026332419204207827,False,False,False,False,False,False,False,True,True,True,True,True
qft_5_Mutant_Remove_cp_P3_Q4.qasm,PureState_0,0,1,0.025572513008974132,0.019057645725051305,0.025564972132526304,0.019056176450644672,3.469446951953614e-17,0.002029546101708789,0.8535533905932797,0.8268224965937941,0.0063476562500000035,0.0063476562500000035,False,False,False,False,False,False,False,True,True,True,False,False
qft_5_Mutant_Remove_cp_P3_Q4.qasm,Quratest_0,0,1,0.06752860231681278,0.12054849161092124,0.06724875733141818,0.11312677586613913,0.06589835935846865,0.07204263894159646,0.9845582238670004,0.952051142314459,0.06610084880181918,0.08660866130181918,False,False,True,True,True,True,True,True,True,True,True,True
qft_5_Mutant_Remove_cp_P3_Q4.qasm,PureState_1,0,1,0.013766374553253887,0.022866270428302225,0.013765759038271335,0.02286323739053194,3.9898639947466563e-17,0.0020295461017089747,0.8535533905932803,0.8272249829503402,0.006347656250000024,0.006347656250000024,False,False,False,False,False,False,False,True,True,True,False,False
qft_5_Mutant_Remove_cp_P3_Q4.qasm,Quratest_1,0,1,0.04285005588611004,0.07210638606868457,0.042818043812269536,0.07106086384960539,0.036183046018892134,0.04098580995457543,0.9917875162935683,0.9563322746816877,7.540251376982748e-05,0.012770715013769827,False,False,True,True,True,True,True,True,True,True,False,True
qft_5_Mutant_Remove_cp_P3_Q4.qasm,PureState_2,0,1,0.01786214405257184,0.021789117337774125,0.01786120037837964,0.021786810228866835,8.500145032286355e-17,0.0020295461017090025,0.8535533905932786,0.8268848601743327,0.00634765625,0.00634765625,False,False,False,False,False,False,False,True,True,True,False,False
qft_5_Mutant_Remove_cp_P3_Q4.qasm,Quratest_2,0,1,0.10589192795266295,0.10889394515727818,0.10507260393146765,0.10813959001879818,0.06886926084148931,0.07797035671674885,0.9592769278116616,0.924026735099979,0.035679797418257664,0.057652453668257664,False,False,True,True,True,True,True,True,True,True,True,True
qft_5_Mutant_Remove_cp_P3_Q4.qasm,PureState_3,0,1,0.018965549100213048,0.01741289894672904,0.018964339116813434,0.01741182754327057,1.0581813203458523e-16,0.0020295461017087856,0.8535533905932788,0.8245160430882071,0.006347656250000021,0.006347656250000021,False,False,False,False,False,False,False,True,True,True,False,False
qft_5_Mutant_Remove_cp_P3_Q4.qasm,Quratest_3,0,1,0.030598322659344764,0.06896670550941308,0.030089271342683993,0.06792286064811298,0.03407447194830749,0.0397505694654982,0.99734098857915,0.9606076053886562,0.03216141096956587,0.05364578596956587,False,False,False,True,False,True,True,True,True,True,True,True
qft_5_Mutant_Remove_cp_P3_Q4.qasm,PureState_4,0,1,0.015009781764579695,0.021994719858516917,0.015008750353391512,0.021992444563187486,0.0,0.002029546101709011,1.0000000000000053,0.9650050765398543,0.006347656249999955,0.006347656249999955,False,False,False,False,False,False,False,True,False,True,False,False
qft_5_Mutant_Remove_cp_P3_Q4.qasm,Quratest_4,0,1,0.1350585484892179,0.1295930204661286,0.13378201097183695,0.12860498958525224,0.11010031066761276,0.10474670656733942,0.8541623298098906,0.8226295782154627,0.04795092846395474,0.05527514721395474,False,False,True,True,True,True,True,True,True,True,True,True
qft_5_Mutant_Remove_cp_P3_Q4.qasm,PureState_5,0,1,0.021638732327652274,0.021150710205514584,0.021636474978834537,0.021148011772361888,5.377642775528102e-17,0.0020295461017087717,0.8535533905932778,0.826202777752189,0.006347656250000017,0.006347656250000017,False,False,False,False,False,False,False,True,True,True,False,False
qft_5_Mutant_Remove_cp_P3_Q4.qasm,Quratest_5,0,1,0.19908271506955924,0.2053948360537582,0.19686765573007967,0.20284126334404853,0.18216131189172655,0.19233073099770442,0.8976311041750032,0.8625459093343025,0.14901860199751002,0.13974125824751002,False,False,True,True,True,True,True,True,True,True,True,True
qft_5_Mutant_Remove_cp_P3_Q4.qasm,PureState_6,0,1,0.01893194688312443,0.02009685272971165,0.018930009616173176,0.020095501435229975,1.214306433183765e-17,0.0020295461017088463,0.8535533905932793,0.8247557538782785,0.006347656249999955,0.006347656249999955,False,False,False,False,False,False,False,True,True,True,False,False
qft_5_Mutant_Remove_cp_P3_Q4.qasm,Quratest_6,0,1,0.12717147331531783,0.1449429742078988,0.12664024288396195,0.1430503358454208,0.11105446482984438,0.11438412165919717,0.8596045195298007,0.827827528273557,0.1165728808390688,0.1429400683390688,False,False,True,True,True,True,True,True,True,True,True,True
qft_5_Mutant_Remove_cp_P3_Q4.qasm,PureState_7,0,1,0.01920763151560438,0.020679077047336496,0.019206266671283077,0.020676579832235763,6.938893903907228e-17,0.0020295461017088533,0.8535533905932795,0.8265639639732582,0.006347656249999993,0.006347656249999993,False,False,False,False,False,False,False,True,True,True,False,False
qft_5_Mutant_Remove_cp_P3_Q4.qasm,Quratest_7,0,1,0.151726653465906,0.1543865187511289,0.1510343409180299,0.15363987263038653,0.1660626258439404,0.17266175519600974,0.9198939088519659,0.8874581357112972,0.03432446366210544,0.03578930741210544,False,False,True,True,True,True,True,True,True,True,True,True
qft_5_Mutant_Remove_cp_P3_Q4.qasm,PureState_8,0,1,0.01825056181170001,0.018157466720738556,0.01824910157930989,0.01815534329589505,0.0,0.0020295461017087336,1.0000000000000062,0.9665076361835561,0.006347656249999955,0.006347656249999955,False,False,False,False,False,False,False,True,False,True,False,False
qft_5_Mutant_Remove_cp_P3_Q4.qasm,Quratest_8,0,1,0.02032924815651144,0.053228014391943065,0.02032535778128146,0.05301675707018944,4.408366033326061e-15,0.009620909401464994,1.0000000000000036,0.9604458796951962,0.011651747475103544,0.022882216225103544,False,False,False,True,False,True,False,True,False,True,True,True
qft_5_Mutant_Remove_cp_P3_Q4.qasm,PureState_9,0,1,0.02054113998738515,0.022532643948222172,0.02053899822448272,0.022529777215963522,0.0,0.0020295461017088845,1.0000000000000062,0.9638508834149238,0.006347656249999962,0.006347656249999962,False,False,False,False,False,False,False,True,False,True,False,False
qft_5_Mutant_Remove_cp_P3_Q4.qasm,Quratest_9,0,1,0.0915704332831134,0.09203683857472424,0.09124090104044819,0.0906614557992837,0.07515646193094522,0.08115368595471979,0.9710761228137513,0.9353301688774501,0.028241280614668608,0.03507721811466861,False,False,True,True,True,True,True,True,True,True,True,True
qft_5_Mutant_Remove_cp_P3_Q4.qasm,PureState_10,0,1,0.017881948925255207,0.02312318368176602,0.01788067930828045,0.02312089155107673,0.0,0.0020295461017090927,1.0000000000000053,0.9643312072019382,0.006347656250000014,0.006347656250000014,False,False,False,False,False,False,False,True,False,True,False,False
qft_5_Mutant_Remove_cp_P3_Q4.qasm,Quratest_10,0,1,0.1330233055096925,0.12155890251079329,0.13193079401399965,0.1208528792547617,0.11435350997522302,0.12002023292363415,0.9433973190731997,0.9050022628328751,0.004051222308470145,0.006980909808470145,False,False,True,True,True,True,True,True,True,True,False,False
qft_5_Mutant_Remove_cp_P3_Q4.qasm,PureState_11,0,1,0.018535931449253383,0.018436770488330825,0.018534711869843297,0.018435631123769464,0.0,0.0020295461017087457,1.000000000000007,0.9662792772936267,0.006347656250000017,0.006347656250000017,False,False,False,False,False,False,False,True,False,True,False,False
qft_5_Mutant_Remove_cp_P3_Q4.qasm,Quratest_11,0,1,0.08266043155093863,0.0912966502749078,0.08244225869877657,0.09055462380268597,0.05755736651605453,0.06824717717028499,0.9725785677753419,0.9320567909474256,0.0092773437500059,0.0009765624999941004,False,False,True,True,True,True,True,True,True,True,False,False
qft_5_Mutant_Remove_cp_P3_Q4.qasm,PureState_12,0,1,0.01841474443330046,0.023428842962488584,0.01841281117081098,0.023425407428427185,0.0,0.0020295461017090146,1.000000000000007,0.9671128140057579,0.006347656250000045,0.006347656250000045,False,False,False,False,False,False,False,True,False,True,False,False
qft_5_Mutant_Remove_cp_P3_Q4.qasm,Quratest_12,0,1,0.07840536227326315,0.1204391451822221,0.07757404800834397,0.1145746059401378,0.10615588303910267,0.11105912773949089,0.9762223791111718,0.9410745932310098,0.0053498364627463935,0.05710764896274639,False,False,True,True,True,True,True,True,True,True,False,True
qft_5_Mutant_Remove_cp_P3_Q4.qasm,PureState_13,0,1,0.020611977053993025,0.019594922897404093,0.020609960723496204,0.019593259716437484,3.122502256758253e-17,0.002029546101708966,0.8535533905932801,0.8274339897973219,0.00634765624999999,0.00634765624999999,False,False,False,False,False,False,False,True,True,True,False,False
qft_5_Mutant_Remove_cp_P3_Q4.qasm,Quratest_13,0,1,0.17498622525964677,0.17784092958869124,0.17338966450416568,0.17626045041594668,0.16691611257909844,0.1791062688698885,0.8662749406474297,0.8358538458830193,0.07224487742492822,0.07517456492492822,False,False,True,True,True,True,True,True,True,True,True,True
qft_5_Mutant_Remove_cp_P3_Q4.qasm,PureState_14,0,1,0.01746685552706712,0.014754408625016145,0.017465813431064243,0.014753667333358051,0.0,0.002029546101708933,1.0000000000000049,0.9669836903123052,0.0063476562500000035,0.0063476562500000035,False,False,False,False,False,False,False,True,False,True,False,False
qft_5_Mutant_Remove_cp_P3_Q4.qasm,Quratest_14,0,1,0.022707076017842557,0.08110278203183585,0.021179907690423123,0.07814566185456473,0.0010145544438670453,0.01898376739697309,0.9994154722928539,0.96735042717328,0.026235226268185197,0.0470069612318148,False,False,False,True,False,True,True,True,True,True,True,True
qft_5_Mutant_Remove_cp_P3_Q4.qasm,PureState_15,0,1,0.019209166760960808,0.019095104163868205,0.019207803071157444,0.019093423340005154,0.0,0.0020295461017090267,1.0000000000000058,0.9647773229432649,0.0063476562500000035,0.0063476562500000035,False,False,False,False,False,False,False,True,False,True,False,False
qft_5_Mutant_Remove_cp_P3_Q4.qasm,Quratest_15,0,1,0.02127276979082576,0.02897618007813724,0.021262167641758374,0.02893521458431379,0.0,0.016236808494808817,1.0000000000000053,0.9626601220496168,0.03219179420420783,0.025844137954207827,False,False,False,False,False,False,False,True,False,True,True,True
qft_5_Mutant_Replace_cx_P12_Q2_[].qasm,PureState_0,0,1,0.022890963171890256,0.022478966569553567,0.022887259560135063,0.02247630410882345,8.153200337090993e-17,0.0017610224742572074,0.250000000000003,0.2420461225889296,0.0063476562500000035,0.0063476562500000035,False,False,False,False,False,False,False,True,True,True,False,False
qft_5_Mutant_Replace_cx_P12_Q2_[].qasm,Quratest_0,0,1,0.2513696550367486,0.26328562722598564,0.2470746069066692,0.25597886309493584,0.22970899510365242,0.23996261894940735,0.29226321173887343,0.2833401257803734,0.040710223801819184,0.07440163005181918,False,False,True,True,True,True,True,True,True,True,True,True
qft_5_Mutant_Replace_cx_P12_Q2_[].qasm,PureState_1,0,1,0.017458598957175272,0.01971893356336374,0.0174577332508942,0.01971769744262997,8.500145032286355e-17,0.0017610224742573323,0.250000000000003,0.2423128136206751,0.006347656250000024,0.006347656250000024,False,False,False,False,False,False,False,True,True,True,False,False
qft_5_Mutant_Replace_cx_P12_Q2_[].qasm,Quratest_1,0,1,0.16066506320724094,0.1646539285767839,0.15884565266241607,0.16234647082522596,0.122417348801488,0.12598450404276001,0.6486911898540721,0.6253879698838146,0.009352746263769827,0.012770715013769827,False,False,True,True,True,True,True,True,True,True,False,True
qft_5_Mutant_Replace_cx_P12_Q2_[].qasm,PureState_2,0,1,0.017984398839855104,0.024131182394449325,0.01798336133397811,0.024127971463759994,7.632783294297951e-17,0.001761022474257289,0.2500000000000029,0.24221104066839666,0.00634765625,0.00634765625,False,False,False,False,False,False,False,True,True,True,False,False
qft_5_Mutant_Replace_cx_P12_Q2_[].qasm,Quratest_2,0,1,0.11815950620039994,0.11869125347690912,0.1148552159223953,0.11604162216113326,0.053854227281301854,0.06415080259481809,0.04282436215640485,0.042877802407105856,0.025843640081742336,0.002894421331742336,False,False,True,True,True,True,True,True,True,True,True,False
qft_5_Mutant_Replace_cx_P12_Q2_[].qasm,PureState_3,0,1,0.019940831112574477,0.018460344047785758,0.019938704161603156,0.018459151472693322,7.112366251504909e-17,0.0017610224742572438,0.2500000000000029,0.24150773917504276,0.006347656250000021,0.006347656250000021,False,False,False,False,False,False,False,True,True,True,False,False
qft_5_Mutant_Replace_cx_P12_Q2_[].qasm,Quratest_3,0,1,0.2925127024070591,0.27090129711096705,0.27868915142049266,0.2585427033199939,0.2260115653104803,0.2324118011310929,0.08717499959057189,0.08533698919429508,0.05182296403043413,0.03570968278043413,False,False,True,True,True,True,True,True,True,True,True,True
qft_5_Mutant_Replace_cx_P12_Q2_[].qasm,PureState_4,0,1,0.018497304813912343,0.01870139528983421,0.018496198384496135,0.01869997891929831,7.979727989493313e-17,0.0017610224742573514,0.2500000000000031,0.2416904176598238,0.006347656249999955,0.006347656249999955,False,False,False,False,False,False,False,True,True,True,False,False
qft_5_Mutant_Replace_cx_P12_Q2_[].qasm,Quratest_4,0,1,0.24305426711000253,0.22241958129012573,0.23874067986623174,0.21848068581361874,0.24680013023262853,0.24735856866166214,0.05743163948266947,0.05820471589060194,0.05409985278604526,0.03115063403604526,False,False,True,True,True,True,True,True,True,True,True,True
qft_5_Mutant_Replace_cx_P12_Q2_[].qasm,PureState_5,0,1,0.016515126698022416,0.019048097122848457,0.016514208775790722,0.019046319308994874,8.500145032286355e-17,0.0017610224742571276,0.25000000000000244,0.2419959187670716,0.006347656250000017,0.006347656250000017,False,False,False,False,False,False,False,True,True,True,False,False
qft_5_Mutant_Replace_cx_P12_Q2_[].qasm,Quratest_5,0,1,0.31318787500291506,0.2931494385647974,0.3040276756702995,0.28505573704399334,0.2992964941729323,0.30455901628804927,0.24407834889889424,0.2353546524427659,0.03720219574751002,0.04306157074751002,False,False,True,True,True,True,True,True,True,True,True,True
qft_5_Mutant_Replace_cx_P12_Q2_[].qasm,PureState_6,0,1,0.020976566986924627,0.02020615335926838,0.02097397557206231,0.020204588013992074,7.806255641895632e-17,0.0017610224742572594,0.25000000000000344,0.2414453332780889,0.006347656249999955,0.006347656249999955,False,False,False,False,False,False,False,True,True,True,False,False
qft_5_Mutant_Replace_cx_P12_Q2_[].qasm,Quratest_6,0,1,0.2727291342391347,0.2464023130860589,0.2611468273734921,0.23693707390030647,0.202810247450206,0.20721678013416334,0.7239641013228919,0.6954559597166525,0.0867877245890688,0.1190142870890688,False,False,True,True,True,True,True,True,True,True,True,True
qft_5_Mutant_Replace_cx_P12_Q2_[].qasm,PureState_7,0,1,0.01803677439743741,0.014528655643767598,0.018034725301411,0.014528089928964151,8.153200337090993e-17,0.0017610224742572074,0.2500000000000032,0.24196907089793396,0.006347656249999993,0.006347656249999993,False,False,False,False,False,False,False,True,True,True,False,False
qft_5_Mutant_Replace_cx_P12_Q2_[].qasm,Quratest_7,0,1,0.06521627944124735,0.07354782064634506,0.06514443420545649,0.07339775188062764,0.06517411143430928,0.06965263108686158,0.031209256145313592,0.03158998118518645,0.0037614738378945606,0.0037614738378945606,False,False,True,True,True,True,True,True,True,True,False,False
qft_5_Mutant_Replace_cx_P12_Q2_[].qasm,PureState_8,0,1,0.018375752898707406,0.01755731636618951,0.018374412991764667,0.0175558782705917,7.979727989493313e-17,0.0017610224742571953,0.2500000000000032,0.2420745861028455,0.006347656249999955,0.006347656249999955,False,False,False,False,False,False,False,True,True,True,False,False
qft_5_Mutant_Replace_cx_P12_Q2_[].qasm,Quratest_8,0,1,0.13130458732104158,0.129108395504988,0.13074688530729234,0.12852198805283394,0.11316118505617362,0.11841231670916473,0.15522766204761246,0.15020479773147818,0.10686659122510354,0.08098768497510354,False,False,True,True,True,True,True,True,True,True,True,True
qft_5_Mutant_Replace_cx_P12_Q2_[].qasm,PureState_9,0,1,0.019445649540806347,0.01898269828878943,0.019444278474409868,0.018981366995368124,7.28583859910259e-17,0.001761022474257216,0.25000000000000333,0.24140263643846016,0.006347656249999962,0.006347656249999962,False,False,False,False,False,False,False,True,True,True,False,False
qft_5_Mutant_Replace_cx_P12_Q2_[].qasm,Quratest_9,0,1,0.05923612663755258,0.06838834283364911,0.059063968343512484,0.06753361355948047,0.0604143765417818,0.06596032912101893,0.02901708073063981,0.029337061381840952,0.013592843114668608,0.014081124364668608,False,False,True,True,True,True,True,True,True,True,True,True
qft_5_Mutant_Replace_cx_P12_Q2_[].qasm,PureState_10,0,1,0.017105623017731258,0.019495123631282005,0.01710444583795108,0.019493489921229002,6.938893903907228e-17,0.0017610224742576099,0.2500000000000028,0.24165652018314807,0.006347656250000014,0.006347656250000014,False,False,False,False,False,False,False,True,True,True,False,False
qft_5_Mutant_Replace_cx_P12_Q2_[].qasm,Quratest_10,0,1,0.12783261727118142,0.11888751355355738,0.12694103063594278,0.1182145513390502,0.08858495507186806,0.09852551459182345,0.42525724982875224,0.40860890687951545,0.07875825355847015,0.07924653480847015,False,False,True,True,True,True,True,True,True,True,True,True
qft_5_Mutant_Replace_cx_P12_Q2_[].qasm,PureState_11,0,1,0.018396359111664994,0.019821375584812943,0.01839424905518999,0.019819740505732073,7.979727989493313e-17,0.0017610224742571848,0.25000000000000366,0.24201621519216748,0.006347656250000017,0.006347656250000017,False,False,False,False,False,False,False,True,True,True,False,False
qft_5_Mutant_Replace_cx_P12_Q2_[].qasm,Quratest_11,0,1,0.018718158352425872,0.04154325943603858,0.017862129709243724,0.03972904798431498,5.105985756816492e-15,0.014374503655262428,0.29635416304105344,0.2845077080960829,0.0063476562500059,0.0092773437500059,False,False,False,False,False,False,False,True,True,True,False,False
qft_5_Mutant_Replace_cx_P12_Q2_[].qasm,PureState_12,0,1,0.01672885061327114,0.02120867937664932,0.01672790239297787,0.021206475389827582,7.979727989493313e-17,0.0017610224742573097,0.250000000000003,0.24222589518611182,0.006347656250000045,0.006347656250000045,False,False,False,False,False,False,False,True,True,True,False,False
qft_5_Mutant_Replace_cx_P12_Q2_[].qasm,Quratest_12,0,1,0.12710157658587767,0.13103619587487936,0.12123111052842797,0.12465882245509523,0.07687001858434445,0.08812950091617812,0.9174088645920414,0.8834675950692893,0.0678498364627464,0.0995881177127464,False,False,True,True,True,True,True,True,True,True,True,True
qft_5_Mutant_Replace_cx_P12_Q2_[].qasm,PureState_13,0,1,0.01855401265757243,0.013921018351839213,0.01855229248746322,0.013920443951415106,7.28583859910259e-17,0.0017610224742573809,0.2500000000000032,0.24224347913461577,0.00634765624999999,0.00634765624999999,False,False,False,False,False,False,False,True,True,True,False,False
qft_5_Mutant_Replace_cx_P12_Q2_[].qasm,Quratest_13,0,1,0.1417331648841935,0.13527338922919108,0.141120555870728,0.1346162873601346,0.13168313605611198,0.13946244862501667,0.1017627497247638,0.10088886771921814,0.07761597117492822,0.11326050242492822,False,False,True,True,True,True,True,True,True,True,True,True
qft_5_Mutant_Replace_cx_P12_Q2_[].qasm,PureState_14,0,1,0.01758793243063535,0.014767466267834673,0.01758677159999656,0.014766363914359922,7.806255641895632e-17,0.0017610224742573653,0.250000000000003,0.24219241698364827,0.0063476562500000035,0.0063476562500000035,False,False,False,False,False,False,False,True,True,True,False,False
qft_5_Mutant_Replace_cx_P12_Q2_[].qasm,Quratest_14,0,1,0.11426883420474725,0.12907282885228444,0.11341802376739969,0.126954417126459,0.10197809008104194,0.11090369774931655,0.021775419081854812,0.02326714782496792,0.0374656950181852,0.029428836231814803,False,False,True,True,True,True,True,True,True,True,True,True
qft_5_Mutant_Replace_cx_P12_Q2_[].qasm,PureState_15,0,1,0.02454539731967265,0.018912212499250857,0.024542925152861585,0.01890979669937107,6.938893903907228e-17,0.0017610224742574225,0.25000000000000344,0.24176612681626727,0.0063476562500000035,0.0063476562500000035,False,False,False,False,False,False,False,True,True,True,False,False
qft_5_Mutant_Replace_cx_P12_Q2_[].qasm,Quratest_15,0,1,0.05812161810813279,0.06222921793507304,0.05804641278930664,0.062152267176962456,0.04375102064697352,0.052229143184149424,0.11566187063975344,0.11267450655937836,0.002476174545792173,0.002406637954207827,False,False,True,True,True,True,True,True,True,True,False,False
qft_5_Mutant_Replace_rxx_P1_Q4_[1.5707963267948966].qasm,PureState_0,0,1,0.021100758984218614,0.023848477440966832,0.0210988843152892,0.023845439981620177,1.196959198423997e-16,0.0011937951905067086,0.5000000000000039,0.48851268167308093,0.0063476562500000035,0.0039062500000000035,False,False,False,False,False,False,False,True,True,True,False,False
qft_5_Mutant_Replace_rxx_P1_Q4_[1.5707963267948966].qasm,Quratest_0,0,1,0.635926399941485,0.6214233598025751,0.5635285816948523,0.5540899787274516,0.49879712906628254,0.5003633030339624,0.3014472707358712,0.29549355025108925,0.06268288005181918,0.08367897380181918,False,False,True,True,True,True,True,True,True,True,True,True
qft_5_Mutant_Replace_rxx_P1_Q4_[1.5707963267948966].qasm,PureState_1,0,1,0.020458311577461304,0.019505059046986364,0.020455965457960947,0.019500447528053216,2.220446049250313e-16,0.0028026160043367367,0.5000000000000044,0.48653921805849476,0.006347656250000024,0.004882812500000024,False,False,False,False,False,False,False,True,True,True,False,False
qft_5_Mutant_Replace_rxx_P1_Q4_[1.5707963267948966].qasm,Quratest_1,0,1,0.11291771300901808,0.12387813729356113,0.11265643921638237,0.12289727723309221,0.12860793986017816,0.1275746706274704,0.4496732353918328,0.43811604524243564,0.020583215013769827,0.03474337126376983,False,False,True,True,True,True,True,True,True,True,True,True
qft_5_Mutant_Replace_rxx_P1_Q4_[1.5707963267948966].qasm,PureState_2,0,1,0.018479125961445724,0.020336038001288234,0.0184772664832028,0.020334409293952842,2.3592239273284576e-16,0.0028026160043366707,0.5000000000000041,0.48624328229460617,0.00634765625,0.0048828125,False,False,False,False,False,False,False,True,True,True,False,False
qft_5_Mutant_Replace_rxx_P1_Q4_[1.5707963267948966].qasm,Quratest_2,0,1,0.21377552817179513,0.21344379164734864,0.21208025477346273,0.21174653409506405,0.2556908132043426,0.24753283275761873,0.738997610490454,0.711609334479306,0.14310167241825766,0.15335557866825766,False,False,True,True,True,True,True,True,True,True,True,True
qft_5_Mutant_Replace_rxx_P1_Q4_[1.5707963267948966].qasm,PureState_3,0,1,0.019176332577867564,0.021628650525671995,0.019174032203635075,0.02162665673568455,1.8388068845354155e-16,0.0011937951905067294,0.2500000000000028,0.247974674166982,0.006347656250000021,0.003906250000000021,False,False,False,False,False,False,False,True,True,True,False,False
qft_5_Mutant_Replace_rxx_P1_Q4_[1.5707963267948966].qasm,Quratest_3,0,1,0.4115116107823675,0.4044974812367161,0.39851793209433073,0.39272054672074924,0.46475267522622077,0.4599966287001106,0.46256679411743845,0.44859244747330856,0.14788406721956587,0.14641922346956587,False,False,True,True,True,True,True,True,True,True,True,True
qft_5_Mutant_Replace_rxx_P1_Q4_[1.5707963267948966].qasm,PureState_4,0,1,0.019640880811256176,0.01581829803270428,0.019638818198676022,0.01581723437283262,1.5265566588595902e-16,0.002802616004337918,0.2500000000000028,0.24811471425671836,0.006347656249999955,0.004882812499999955,False,False,False,False,False,False,False,True,True,True,False,False
qft_5_Mutant_Replace_rxx_P1_Q4_[1.5707963267948966].qasm,Quratest_4,0,1,0.42962691802440156,0.4197359304082084,0.41961564250629363,0.41043287016713814,0.5414026223422674,0.5338554492053266,0.2058441798324116,0.20142582694303882,0.26181811596395477,0.22177905346395474,False,False,True,True,True,True,True,True,True,True,True,True
qft_5_Mutant_Replace_rxx_P1_Q4_[1.5707963267948966].qasm,PureState_5,0,1,0.01924619516308032,0.016429358636858547,0.01924500238802302,0.016428218973542668,1.8561541192951836e-16,0.0011937951905066392,0.5000000000000044,0.48819222650240296,0.006347656250000017,0.003906250000000017,False,False,False,False,False,False,False,True,True,True,False,False
qft_5_Mutant_Replace_rxx_P1_Q4_[1.5707963267948966].qasm,Quratest_5,0,1,0.3255409997779584,0.32586711627121384,0.31670932264634605,0.3162580994284462,0.33945995612815616,0.33485972917341666,0.4226607796320554,0.41409515908939143,0.09823735199751002,0.11093266449751002,False,False,True,True,True,True,True,True,True,True,True,True
qft_5_Mutant_Replace_rxx_P1_Q4_[1.5707963267948966].qasm,PureState_6,0,1,0.022202837860856084,0.0235722833780246,0.022200236268354358,0.02356929543631209,8.673617379884035e-17,0.0011937951905068179,0.2500000000000032,0.2480039911237484,0.006347656249999955,0.003906249999999955,False,False,False,False,False,False,False,True,True,True,False,False
qft_5_Mutant_Replace_rxx_P1_Q4_[1.5707963267948966].qasm,Quratest_6,0,1,0.38743114486094654,0.38559804837305683,0.37806855067387335,0.376231890664576,0.4869148637248836,0.47322712309344844,0.4070193587740844,0.39394812754473546,0.4163775683390688,0.3724322558390688,False,False,True,True,True,True,True,True,True,True,True,True
qft_5_Mutant_Replace_rxx_P1_Q4_[1.5707963267948966].qasm,PureState_7,0,1,0.021775327366577415,0.01765080217234852,0.021772976148123614,0.017649435942796103,1.457167719820518e-16,0.0011937951905065958,0.5000000000000044,0.4883461755695344,0.006347656249999993,0.003906249999999993,False,False,False,False,False,False,False,True,True,True,False,False
qft_5_Mutant_Replace_rxx_P1_Q4_[1.5707963267948966].qasm,Quratest_7,0,1,0.4120375592854846,0.4074115653179509,0.3975056454566141,0.3936841644631241,0.40359287908293645,0.40332984750577927,0.40424186859185074,0.39331988529239426,0.01889819258789456,0.01206225508789456,False,False,True,True,True,True,True,True,True,True,True,True
qft_5_Mutant_Replace_rxx_P1_Q4_[1.5707963267948966].qasm,PureState_8,0,1,0.02278503931315941,0.0210192210467168,0.022782535475125584,0.021017224599921037,6.938893903907228e-17,0.0011937951905067433,0.5000000000000047,0.4885474495273178,0.006347656249999955,0.003906249999999955,False,False,False,False,False,False,False,True,True,True,False,False
qft_5_Mutant_Replace_rxx_P1_Q4_[1.5707963267948966].qasm,Quratest_8,0,1,0.35534215683169373,0.3384168491453471,0.34107454115466457,0.3272208585287756,0.362317627590626,0.3539917405192413,0.48607656851457864,0.4694551076769481,0.008722059975103544,0.029229872475103544,False,False,True,True,True,True,True,True,True,True,False,True
qft_5_Mutant_Replace_rxx_P1_Q4_[1.5707963267948966].qasm,PureState_9,0,1,0.01580159478007296,0.023743530516592327,0.015800782992273752,0.023740756177056874,1.0408340855860843e-16,0.0011937951905067294,0.2500000000000032,0.24798257944935898,0.006347656249999962,0.003906249999999962,False,False,False,False,False,False,False,True,True,True,False,False
qft_5_Mutant_Replace_rxx_P1_Q4_[1.5707963267948966].qasm,Quratest_9,0,1,0.47630424616159484,0.4480289275262727,0.4437657669671413,0.4219823271281339,0.4525952638097438,0.44068574076669104,0.26337387947783775,0.26250715546584347,0.0703915318853314,0.05037200063533139,False,False,True,True,True,True,True,True,True,True,True,True
qft_5_Mutant_Replace_rxx_P1_Q4_[1.5707963267948966].qasm,PureState_10,0,1,0.02165999488605236,0.016845271038330608,0.021658051769358234,0.016843979021733468,1.9949319973733282e-16,0.0028026160043378243,0.250000000000003,0.2479625665385614,0.006347656250000014,0.004882812500000014,False,False,False,False,False,False,False,True,True,True,False,False
qft_5_Mutant_Replace_rxx_P1_Q4_[1.5707963267948966].qasm,Quratest_10,0,1,0.3265727397592048,0.3225692049488192,0.3138134706402976,0.3100224980178782,0.27709795130576353,0.27315073958207015,0.4647736047511739,0.4492495514779831,0.07387544105847015,0.07973481605847015,False,False,True,True,True,True,True,True,True,True,True,True
qft_5_Mutant_Replace_rxx_P1_Q4_[1.5707963267948966].qasm,PureState_11,0,1,0.021105395488173074,0.02150523086706709,0.021101388621343094,0.021500873343342376,1.3183898417423734e-16,0.0011937951905066947,0.5000000000000048,0.48846696312488397,0.006347656250000017,0.003906250000000017,False,False,False,False,False,False,False,True,True,True,False,False
qft_5_Mutant_Replace_rxx_P1_Q4_[1.5707963267948966].qasm,Quratest_11,0,1,0.41162364074755625,0.38009644425535877,0.38899417640966166,0.36596234809489026,0.43649394521311846,0.4197854258038114,0.48331494141637077,0.4681819232122832,0.021484374999994102,0.0097656250000059,False,False,True,True,True,True,True,True,True,True,True,False
qft_5_Mutant_Replace_rxx_P1_Q4_[1.5707963267948966].qasm,PureState_12,0,1,0.02025043561966797,0.022148259354515646,0.02024794031580808,0.022145620819468945,1.474514954580286e-16,0.002802616004336688,0.500000000000004,0.486495888155196,0.006347656250000045,0.004882812500000045,False,False,False,False,False,False,False,True,True,True,False,False
qft_5_Mutant_Replace_rxx_P1_Q4_[1.5707963267948966].qasm,Quratest_12,0,1,0.5670561168996425,0.5511952860005632,0.5146044300693094,0.5025797176857434,0.49361650326551676,0.4946256721598806,0.23833858254458826,0.2373395941182091,0.2333771802127464,0.2407013989627464,False,False,True,True,True,True,True,True,True,True,True,True
qft_5_Mutant_Replace_rxx_P1_Q4_[1.5707963267948966].qasm,PureState_13,0,1,0.020491803588868592,0.014509761673581704,0.020489338396918393,0.01450909699936347,1.8388068845354155e-16,0.00280261600433669,0.5000000000000044,0.486555156263655,0.00634765624999999,0.00488281249999999,False,False,False,False,False,False,False,True,True,True,False,False
qft_5_Mutant_Replace_rxx_P1_Q4_[1.5707963267948966].qasm,Quratest_13,0,1,0.4872611980242353,0.48323314716683846,0.4699282629492737,0.4661931452522404,0.5696013816695189,0.567494791123634,0.27713329481645177,0.26870556314475774,0.22361206492492822,0.23240112742492822,False,False,True,True,True,True,True,True,True,True,True,True
qft_5_Mutant_Replace_rxx_P1_Q4_[1.5707963267948966].qasm,PureState_14,0,1,0.01661325045551457,0.020914683006720707,0.016612475969286306,0.020912921567653973,1.214306433183765e-16,0.0028026160043368026,0.5000000000000044,0.48646200534573214,0.0063476562500000035,0.0048828125000000035,False,False,False,False,False,False,False,True,True,True,False,False
qft_5_Mutant_Replace_rxx_P1_Q4_[1.5707963267948966].qasm,Quratest_14,0,1,0.49556809251114414,0.49754239690519686,0.45042466030840406,0.4522257125624445,0.4954815211728101,0.49455828281806763,0.5000000000000056,0.4847735088385169,0.2545264924818148,0.2579444612318148,False,False,True,True,True,True,True,True,True,True,True,True
qft_5_Mutant_Replace_rxx_P1_Q4_[1.5707963267948966].qasm,PureState_15,0,1,0.017359787301658287,0.016845287524032217,0.01735856598536988,0.01684444398035196,1.6132928326584306e-16,0.0028026160043378035,0.25000000000000355,0.24806201465944197,0.0063476562500000035,0.0048828125000000035,False,False,False,False,False,False,False,True,True,True,False,False
qft_5_Mutant_Replace_rxx_P1_Q4_[1.5707963267948966].qasm,Quratest_15,0,1,0.3111302308391929,0.3118411356931635,0.30619490360962187,0.306910971196531,0.38393567248328736,0.38302397479183137,0.4862333683239925,0.47019185010504166,0.012172262954207827,0.023402731704207827,False,False,True,True,True,True,True,True,True,True,True,True
qft_5_Mutant_Add_p_P15_Q0_[2.356194490192345].qasm,PureState_0,0,1,0.020416568402272017,0.020343359166805082,0.020414468734644843,0.020341563312412856,2.42861286636753e-17,0.0017656028283515087,0.14644660940672857,0.14200965536145102,0.0063476562500000035,0.0058593750000000035,False,False,False,False,False,False,False,True,True,True,False,False
qft_5_Mutant_Add_p_P15_Q0_[2.356194490192345].qasm,Quratest_0,0,1,0.015467690207147704,0.10872702490348353,0.014959161185184065,0.1003647097469446,1.8019143645177545e-17,0.0173817469155211,0.2243973292928462,0.21832249742288146,0.007141338698180816,0.013854755051819184,False,False,False,True,False,True,False,True,True,True,False,True
qft_5_Mutant_Add_p_P15_Q0_[2.356194490192345].qasm,PureState_1,0,1,0.018486477292353528,0.020255970018365634,0.01848469641939741,0.020253762934860975,2.949029909160572e-17,0.001765602828351389,0.14644660940672885,0.1422734243206246,0.006347656250000024,0.005859375000000024,False,False,False,False,False,False,False,True,True,True,False,False
qft_5_Mutant_Add_p_P15_Q0_[2.356194490192345].qasm,Quratest_1,0,1,0.019655542334797233,0.0667051678453132,0.019639612975334415,0.06499744686381721,9.784924606681678e-18,0.007003598952284858,0.1907544744867203,0.18527017075681979,0.0052956912362301725,0.020094933763769827,False,False,False,True,False,True,False,True,True,True,False,True
qft_5_Mutant_Add_p_P15_Q0_[2.356194490192345].qasm,PureState_2,0,1,0.02459617293092633,0.016553756276160153,0.02459215081181727,0.016552738123642576,1.3877787807814457e-17,0.0017656028283512242,0.14644660940672896,0.14219960107933316,0.00634765625,0.005859375,False,False,False,False,False,False,False,True,True,True,False,False
qft_5_Mutant_Add_p_P15_Q0_[2.356194490192345].qasm,Quratest_2,0,1,0.01793187317336421,0.04717039255778177,0.017758455864984257,0.047100669952056216,5.2150124496552763e-17,0.012974345972214479,0.15247465033525912,0.14780902716382063,0.023472766168257664,0.028843859918257664,False,False,False,True,False,True,False,True,True,True,True,True
qft_5_Mutant_Add_p_P15_Q0_[2.356194490192345].qasm,PureState_3,0,1,0.018449215698681454,0.02116569079811189,0.018447347437633585,0.021161979050710246,2.6020852139652106e-17,0.0017656028283510924,0.1464466094067287,0.14183293552176024,0.006347656250000021,0.005859375000000021,False,False,False,False,False,False,False,True,True,True,False,False
qft_5_Mutant_Add_p_P15_Q0_[2.356194490192345].qasm,Quratest_3,0,1,0.020912850674090613,0.05721960790945831,0.020887799664230267,0.05614139292010741,2.1738253558334364e-17,0.014311089350957549,0.1789905710609969,0.1734785220411549,0.004329379719565873,0.03264969221956587,False,False,False,True,False,True,False,True,True,True,False,True
qft_5_Mutant_Add_p_P15_Q0_[2.356194490192345].qasm,PureState_4,0,1,0.020393845979806192,0.023575343979554474,0.02039216681946932,0.023570525514596583,2.6020852139652106e-17,0.0017656028283516943,0.14644660940672874,0.14178494585864165,0.006347656249999955,0.005859374999999955,False,False,False,False,False,False,False,True,True,True,False,False
qft_5_Mutant_Add_p_P15_Q0_[2.356194490192345].qasm,Quratest_4,0,1,0.019674691398875375,0.048600552477651666,0.018465587498590164,0.04848838852535766,2.3960868011929648e-17,0.01304256717632885,0.1469449408920267,0.14216027837652023,0.01699047778604526,0.0069353034639547395,False,False,False,True,False,True,False,True,True,True,True,False
qft_5_Mutant_Add_p_P15_Q0_[2.356194490192345].qasm,PureState_5,0,1,0.020726986016675438,0.022825514113506022,0.02072555624039514,0.02282333596301805,2.0816681711721685e-17,0.0017656028283511201,0.14644660940672855,0.1420737437080831,0.006347656250000017,0.005859375000000017,False,False,False,False,False,False,False,True,True,True,False,False
qft_5_Mutant_Add_p_P15_Q0_[2.356194490192345].qasm,Quratest_5,0,1,0.017794604481831375,0.06079446651167775,0.017226341618371683,0.05923314835425524,2.887365910600459e-17,0.014451307004404688,0.20748784410418866,0.20000523226474332,0.01669438324751002,0.00839360199751002,False,False,False,True,False,True,False,True,True,True,True,False
qft_5_Mutant_Add_p_P15_Q0_[2.356194490192345].qasm,PureState_6,0,1,0.017783293550694898,0.02151949641960381,0.01778226495638337,0.021516932702699297,6.938893903907228e-18,0.001765602828351507,0.14644660940672902,0.14165714132248083,0.006347656249999955,0.005859374999999955,False,False,False,False,False,False,False,True,True,True,False,False
qft_5_Mutant_Add_p_P15_Q0_[2.356194490192345].qasm,Quratest_6,0,1,0.018771532663947245,0.07038468528283096,0.018752287824882512,0.06833778084739216,4.363913744254155e-18,0.011621199162086069,0.1464483531368843,0.14174174592430472,0.009403681660931196,0.046260380839068804,False,False,False,True,False,True,False,True,True,True,False,True
qft_5_Mutant_Add_p_P15_Q0_[2.356194490192345].qasm,PureState_7,0,1,0.015698492549329902,0.018719697968119783,0.015697381529875005,0.018718315786740932,2.2551405187698492e-17,0.0017656028283513803,0.14644660940672902,0.1419473830563508,0.006347656249999993,0.005859374999999993,False,False,False,False,False,False,False,True,True,True,False,False
qft_5_Mutant_Add_p_P15_Q0_[2.356194490192345].qasm,Quratest_7,0,1,0.020875682394733388,0.0388070950878939,0.019345405826418038,0.038673441336674205,3.821812658011403e-17,0.012807931660969938,0.14807716428426068,0.14385151363223572,0.00893383866210544,0.01479321366210544,False,False,False,False,False,False,False,True,True,True,False,True
qft_5_Mutant_Add_p_P15_Q0_[2.356194490192345].qasm,PureState_8,0,1,0.020721064171463313,0.023059861666568475,0.020719080388261694,0.02305691717227862,3.469446951953614e-17,0.00176560282835154,0.14644660940672874,0.14206049626557066,0.006347656249999955,0.005859374999999955,False,False,False,False,False,False,False,True,True,True,False,False
qft_5_Mutant_Add_p_P15_Q0_[2.356194490192345].qasm,Quratest_8,0,1,0.01969765712445478,0.05584471019805403,0.01969515758548396,0.055690866793235566,6.331740687315346e-17,0.010323030578100988,0.32490969306399464,0.3130661603849191,0.011651747475103544,0.024347059975103544,False,False,False,True,False,True,False,True,True,True,True,True
qft_5_Mutant_Add_p_P15_Q0_[2.356194490192345].qasm,PureState_9,0,1,0.02317887283198307,0.026037594947632046,0.023174918129700354,0.02603320896261928,2.6020852139652106e-17,0.0017656028283513942,0.14644660940672885,0.14162432636351563,0.006347656249999962,0.005859374999999962,False,False,False,False,False,False,False,True,True,True,False,False
qft_5_Mutant_Add_p_P15_Q0_[2.356194490192345].qasm,Quratest_9,0,1,0.016778333888348353,0.0446032669189801,0.016764038991442416,0.043069293171031364,1.8649971432645185e-17,0.011883812004687862,0.1464588324863876,0.1420830674385301,0.014239188135331392,7.903188533139177e-05,False,False,False,True,False,True,False,True,True,True,True,False
qft_5_Mutant_Add_p_P15_Q0_[2.356194490192345].qasm,PureState_10,0,1,0.022049122542797665,0.023083787525094598,0.022046867876447426,0.02308158900249568,2.2551405187698492e-17,0.0017656028283514758,0.1464466094067287,0.14189679716167022,0.006347656250000014,0.005859375000000014,False,False,False,False,False,False,False,True,True,True,False,False
qft_5_Mutant_Add_p_P15_Q0_[2.356194490192345].qasm,Quratest_10,0,1,0.022301919120118075,0.03734103502869551,0.022271099241926256,0.03731505627451012,2.862293735361732e-17,0.016313514462686876,0.17752926357817497,0.17059893062583603,0.013328566058470145,0.016258253558470145,False,False,False,False,False,False,False,True,True,True,True,True
qft_5_Mutant_Add_p_P15_Q0_[2.356194490192345].qasm,PureState_11,0,1,0.017867328213807262,0.01914964575984708,0.01786638300716283,0.01914831985068144,1.9081958235744878e-17,0.001765602828351415,0.14644660940672888,0.14201943958570074,0.006347656250000017,0.005859375000000017,False,False,False,False,False,False,False,True,True,True,False,False
qft_5_Mutant_Add_p_P15_Q0_[2.356194490192345].qasm,Quratest_11,0,1,0.019100559704934957,0.042146246510571084,0.019052909851469686,0.04029852743155326,4.450649918052996e-17,0.014419831405864336,0.14644660940672866,0.14084782207928406,0.0063476562500059,0.0102539062500059,False,False,False,True,False,False,False,True,True,True,False,False
qft_5_Mutant_Add_p_P15_Q0_[2.356194490192345].qasm,PureState_12,0,1,0.022476629835287327,0.020739881903856974,0.02247315497605421,0.02073842455367897,6.938893903907228e-18,0.0017656028283517308,0.14644660940672896,0.14214899645374265,0.006347656250000045,0.005859375000000045,False,False,False,False,False,False,False,True,True,True,False,False
qft_5_Mutant_Add_p_P15_Q0_[2.356194490192345].qasm,Quratest_12,0,1,0.019659019872005645,0.08725939777879436,0.019247835365767997,0.07938179303415137,4.45446156631564e-17,0.018210509619590344,0.15001378717031802,0.14737269131264372,0.017556867712746393,0.06247874271274639,False,False,False,True,False,True,False,True,True,True,True,True
qft_5_Mutant_Add_p_P15_Q0_[2.356194490192345].qasm,PureState_13,0,1,0.01566940116922166,0.021858605591669356,0.015668351564047642,0.021856073345261816,2.7755575615628914e-17,0.0017656028283516874,0.14644660940672896,0.14212502719709788,0.00634765624999999,0.00585937499999999,False,False,False,False,False,False,False,True,True,True,False,False
qft_5_Mutant_Add_p_P15_Q0_[2.356194490192345].qasm,Quratest_13,0,1,0.013869406342799623,0.0404350162394765,0.013866571712579418,0.040308651303562835,2.2036409155767878e-17,0.018820435481386066,0.14677586089383463,0.1423645498555264,0.027852778825071783,0.006326908674928217,False,False,False,False,False,False,False,True,True,True,True,False
qft_5_Mutant_Add_p_P15_Q0_[2.356194490192345].qasm,PureState_14,0,1,0.01506285161116108,0.018681116444887614,0.015061976773945,0.018678989099763284,3.122502256758253e-17,0.0017656028283515382,0.14644660940672857,0.14212247692648855,0.0063476562500000035,0.0058593750000000035,False,False,False,False,False,False,False,True,True,True,False,False
qft_5_Mutant_Add_p_P15_Q0_[2.356194490192345].qasm,Quratest_14,0,1,0.02599618204951715,0.07546476659905198,0.023177439343163984,0.0733540587726438,2.871272284602627e-17,0.01972333550997736,0.1882015404846447,0.18324424141250065,0.027700070018185197,0.0411475862318148,False,False,False,True,False,True,False,True,True,True,True,True
qft_5_Mutant_Add_p_P15_Q0_[2.356194490192345].qasm,PureState_15,0,1,0.01986162443291868,0.018338801468415086,0.019858197166090285,0.018337533677096944,1.9081958235744878e-17,0.0017656028283515608,0.14644660940672896,0.14194838747751828,0.0063476562500000035,0.0058593750000000035,False,False,False,False,False,False,False,True,True,True,False,False
qft_5_Mutant_Add_p_P15_Q0_[2.356194490192345].qasm,Quratest_15,0,1,0.019529476218823158,0.03407421816918718,0.019525914949784187,0.034039193086800354,3.3068166260807885e-17,0.01668395375856745,0.14653245810774404,0.1426220747905017,0.03219179420420783,0.026332419204207827,False,False,False,False,False,False,False,True,True,True,True,True
qft_5_Mutant_Remove_cp_P6_Q4.qasm,PureState_0,0,1,0.01863958268598207,0.023446968067525286,0.018638103881947796,0.02344403819036336,0.0,0.00202954610170881,1.0000000000000058,0.9663388613691449,0.0063476562500000035,0.0063476562500000035,False,False,False,False,False,False,False,True,False,True,False,False
qft_5_Mutant_Remove_cp_P6_Q4.qasm,Quratest_0,0,1,0.10662445353980883,0.13333118173028122,0.10506185479428591,0.12681230390635528,0.1119697333677104,0.11540071255187608,0.9634132175278133,0.9318040588413241,0.019225848801819184,0.041686786301819184,False,False,True,True,True,True,True,True,True,True,True,True
qft_5_Mutant_Remove_cp_P6_Q4.qasm,PureState_1,0,1,0.023305033983929108,0.02611554392786568,0.0233018692653986,0.026111747197501887,0.0,0.002029546101708966,1.0000000000000058,0.9668803867039714,0.006347656250000024,0.006347656250000024,False,False,False,False,False,False,False,True,False,True,False,False
qft_5_Mutant_Remove_cp_P6_Q4.qasm,Quratest_1,0,1,0.0841466800090519,0.09087470439192208,0.08118626974357356,0.08986205429962109,0.04277438102056731,0.047281567696777216,0.975958382881639,0.9411481731305907,0.018630090013769827,0.023512902513769827,False,False,True,True,True,True,True,True,True,True,True,True
qft_5_Mutant_Remove_cp_P6_Q4.qasm,PureState_2,0,1,0.018755403142524742,0.02424255384582435,0.018753725484779955,0.02423845318411386,4.85722573273506e-17,0.0020295461017089383,0.9619397662556495,0.9302001041083422,0.00634765625,0.00634765625,False,False,False,False,False,False,False,True,True,True,False,False
qft_5_Mutant_Remove_cp_P6_Q4.qasm,Quratest_2,0,1,0.06044898914294818,0.07099770571865216,0.06033792633352919,0.07078689096534321,0.03632356480788692,0.045551998840924854,0.9690010556617111,0.9333290456136597,0.026331921331742336,0.010218640081742336,False,False,True,True,True,True,True,True,True,True,True,False
qft_5_Mutant_Remove_cp_P6_Q4.qasm,PureState_3,0,1,0.017540602969960153,0.019639746633504422,0.01753905383217357,0.01963821226129549,7.112366251504909e-17,0.0020295461017088116,0.9619397662556477,0.9274827903140016,0.006347656250000021,0.006347656250000021,False,False,False,False,False,False,False,True,True,True,False,False
qft_5_Mutant_Remove_cp_P6_Q4.qasm,Quratest_3,0,1,0.03734134828826871,0.06656608581954898,0.03732793913349488,0.0655837497132303,0.0394846474656408,0.04501441601966978,0.9949530755981,0.9582699895622686,0.0009114109695658734,0.023372348469565873,False,False,False,True,False,True,True,True,True,True,False,True
qft_5_Mutant_Remove_cp_P6_Q4.qasm,PureState_4,0,1,0.01833427947228641,0.01876188031912016,0.018333001870467654,0.01876022871825216,0.0,0.002029546101708987,1.0000000000000053,0.9649974858077491,0.006347656249999955,0.006347656249999955,False,False,False,False,False,False,False,True,False,True,False,False
qft_5_Mutant_Remove_cp_P6_Q4.qasm,Quratest_4,0,1,0.05265683281501001,0.06573988259275067,0.052617803887176996,0.06557833373114812,0.05541088424595412,0.062218515985246456,0.9902117156366447,0.9526257520741362,0.02724438403604526,0.0013654777860452605,False,False,True,True,True,True,True,True,True,True,True,False
qft_5_Mutant_Remove_cp_P6_Q4.qasm,PureState_5,0,1,0.02214008042703746,0.02386642957083135,0.022137911742929266,0.023863454067034807,5.724587470723463e-17,0.0020295461017087527,0.9619397662556477,0.9293869375605196,0.006347656250000017,0.006347656250000017,False,False,False,False,False,False,False,True,True,True,False,False
qft_5_Mutant_Remove_cp_P6_Q4.qasm,Quratest_5,0,1,0.03131954812447611,0.06639863089280804,0.03056887806122668,0.06493321321314947,0.018349051107016637,0.02938317314432741,0.9981582242349968,0.9589446208204294,0.0028368667524899804,0.00888188324751002,False,False,False,True,False,True,True,True,True,True,False,False
qft_5_Mutant_Remove_cp_P6_Q4.qasm,PureState_6,0,1,0.016639017402164072,0.016959466691691315,0.016637839573068237,0.016958082879395583,0.0,0.002029546101708782,1.0000000000000067,0.9639392104792808,0.006347656249999955,0.006347656249999955,False,False,False,False,False,False,False,True,False,True,False,False
qft_5_Mutant_Remove_cp_P6_Q4.qasm,Quratest_6,0,1,0.026678375466403885,0.06843519221960621,0.02636226642508297,0.06662445429192053,0.01913987927703483,0.024856769840135025,0.9992209023019951,0.9606653366067069,0.004756474589068804,0.046260380839068804,False,False,False,True,False,True,True,True,True,True,False,True
qft_5_Mutant_Remove_cp_P6_Q4.qasm,PureState_7,0,1,0.018307490649993916,0.019521306887221625,0.01830613425647405,0.01951899594019464,3.8163916471489756e-17,0.00202954610170877,0.9619397662556488,0.9297914912842556,0.006347656249999993,0.006347656249999993,False,False,False,False,False,False,False,True,True,True,False,False
qft_5_Mutant_Remove_cp_P6_Q4.qasm,Quratest_7,0,1,0.024921915962155497,0.04241551282892707,0.024910548917169394,0.04229042368246531,0.016662841050551297,0.022480125098992623,0.9990853494467605,0.963966421749927,0.01284008866210544,0.02114086991210544,False,False,False,True,False,True,True,True,True,True,True,True
qft_5_Mutant_Remove_cp_P6_Q4.qasm,PureState_8,0,1,0.019868805833332694,0.018630860563358234,0.019866861145719044,0.018629001122425617,0.0,0.0020295461017087214,1.0000000000000062,0.9665000182176329,0.006347656249999955,0.006347656249999955,False,False,False,False,False,False,False,True,False,True,False,False
qft_5_Mutant_Remove_cp_P6_Q4.qasm,Quratest_8,0,1,0.07211813691254634,0.06403891231463608,0.07172419127389673,0.06391757444954117,0.06265952932847718,0.06250927331003639,0.9635687506129935,0.9257642282247412,0.037042372475103544,0.014093153725103544,False,False,True,True,True,True,True,True,True,True,True,True
qft_5_Mutant_Remove_cp_P6_Q4.qasm,PureState_9,0,1,0.02135937227982195,0.020996082592976667,0.021357555435797662,0.020994063325225108,5.898059818321144e-17,0.002029546101708829,0.961939766255649,0.9276697764604757,0.006347656249999962,0.006347656249999962,False,False,False,False,False,False,False,True,True,True,False,False
qft_5_Mutant_Remove_cp_P6_Q4.qasm,Quratest_9,0,1,0.08341281436850521,0.08761246739208443,0.08299915048828804,0.08664126120290197,0.061894697877340185,0.06879543366815938,0.9793160105216606,0.9431300006282661,0.0013858118646686082,0.0034970006353313918,False,False,True,True,True,True,True,True,True,True,False,False
qft_5_Mutant_Remove_cp_P6_Q4.qasm,PureState_10,0,1,0.023602486619979098,0.020208126695433735,0.023598810970343987,0.020206266095656063,8.153200337090993e-17,0.002029546101709084,0.961939766255649,0.9281165555812401,0.006347656250000014,0.006347656250000014,False,False,False,False,False,False,False,True,True,True,False,False
qft_5_Mutant_Remove_cp_P6_Q4.qasm,Quratest_10,0,1,0.034530326329083025,0.04011477088154755,0.03451877810980827,0.04008498083365349,0.021723298364352914,0.03307740357112907,0.9984056148006292,0.9573810247607556,0.026512159808470145,0.026512159808470145,False,False,False,False,False,False,True,True,True,True,True,True
qft_5_Mutant_Remove_cp_P6_Q4.qasm,PureState_11,0,1,0.019450003799083102,0.018033365407250704,0.01944745135095797,0.018032047912448543,4.5102810375396984e-17,0.0020295461017088064,0.9619397662556501,0.9300142541817165,0.006347656250000017,0.006347656250000017,False,False,False,False,False,False,False,True,True,True,False,False
qft_5_Mutant_Remove_cp_P6_Q4.qasm,Quratest_11,0,1,0.02926830491770179,0.0402841129249404,0.028995913154103437,0.03904866560401836,0.013518813144575956,0.02417554062398347,0.9991341062197568,0.9572945553988712,0.0117187500000059,0.016601562500005898,False,False,False,False,False,False,True,True,True,True,True,True
qft_5_Mutant_Remove_cp_P6_Q4.qasm,PureState_12,0,1,0.01911439274189222,0.016719798734139143,0.01911289345575309,0.016718794357712057,0.0,0.002029546101708817,1.000000000000007,0.9671052107216758,0.006347656250000045,0.006347656250000045,False,False,False,False,False,False,False,True,False,True,False,False
qft_5_Mutant_Remove_cp_P6_Q4.qasm,Quratest_12,0,1,0.1063850394758327,0.1325945684965121,0.10589631168735314,0.12694768518900543,0.11136854140139663,0.11560925785007105,0.9682616166436839,0.9335271763349449,0.04831858646274639,0.0883576489627464,False,False,True,True,True,True,True,True,True,True,True,True
qft_5_Mutant_Remove_cp_P6_Q4.qasm,PureState_13,0,1,0.02413775400202917,0.02432941262499371,0.024134646879402543,0.02432603813534728,0.0,0.0020295461017089313,1.0000000000000067,0.9671275923968929,0.00634765624999999,0.00634765624999999,False,False,False,False,False,False,False,True,False,True,False,False
qft_5_Mutant_Remove_cp_P6_Q4.qasm,Quratest_13,0,1,0.02544945584042457,0.04024111173654244,0.024819695154825523,0.04013282645869707,0.007096454162312362,0.017833978950502004,0.9997649013408049,0.9637429097789054,0.03322387257507178,0.006815189924928217,False,False,False,False,False,False,True,True,True,True,True,False
qft_5_Mutant_Remove_cp_P6_Q4.qasm,PureState_14,0,1,0.022931338734248498,0.021180556193048396,0.02292887692518315,0.02117869294596619,5.551115123125783e-17,0.002029546101708902,0.961939766255649,0.9306726221141691,0.0063476562500000035,0.0063476562500000035,False,False,False,False,False,False,False,True,True,True,False,False
qft_5_Mutant_Remove_cp_P6_Q4.qasm,Quratest_14,0,1,0.02288165965783566,0.07461601817691974,0.02178704672638454,0.07246899505684794,0.00025055158284871526,0.019044474511593343,0.9993632942244426,0.9671942638111748,0.028676632518185197,0.0406593049818148,False,False,False,True,False,True,True,True,True,True,True,True
qft_5_Mutant_Remove_cp_P6_Q4.qasm,PureState_15,0,1,0.020978582574620607,0.018624382378123732,0.020977273448403007,0.01862282578673178,0.0,0.002029546101709006,1.0000000000000058,0.9647697197985284,0.0063476562500000035,0.0063476562500000035,False,False,False,False,False,False,False,True,False,True,False,False
qft_5_Mutant_Remove_cp_P6_Q4.qasm,Quratest_15,0,1,0.04132550217161646,0.043987570058705336,0.04110602151586322,0.04386024667295776,0.012939102785695308,0.023149487121860133,0.9953490016705554,0.9583066272729809,0.022426169204207827,0.027797262954207827,False,False,False,True,True,True,True,True,True,True,True,True
qft_5_Mutant_Add_t_P8_Q2_[].qasm,PureState_0,0,1,0.021395185520137038,0.02093061387153762,0.02139363112824831,0.020928925095559058,1.8214596497756474e-16,0.0017656028283515052,3.944010497333677e-16,0.001340295150464517,0.0063476562500000035,0.0058593750000000035,False,False,False,False,False,False,False,True,True,True,False,False
qft_5_Mutant_Add_t_P8_Q2_[].qasm,Quratest_0,0,1,0.018186363968569607,0.11090063553077859,0.016845614817448853,0.10143010141748394,1.287419670212796e-16,0.01738174691552109,0.004520496240652949,0.006023245112407439,0.007141338698180816,0.013854755051819184,False,False,False,True,False,True,False,True,True,True,False,True
qft_5_Mutant_Add_t_P8_Q2_[].qasm,PureState_1,0,1,0.019694113552180047,0.01655475254941956,0.019692605513263493,0.01655380842083275,1.8388068845354155e-16,0.0017656028283514012,3.6182136880648977e-16,0.0013410749899831042,0.006347656250000024,0.005859375000000024,False,False,False,False,False,False,False,True,True,True,False,False
qft_5_Mutant_Add_t_P8_Q2_[].qasm,Quratest_1,0,1,0.017041884984143812,0.05859458564751345,0.01703525273375651,0.05686797377128297,1.2869479787402938e-16,0.0070035989522848775,0.02234791286377526,0.023525217755416668,0.0052956912362301725,0.020094933763769827,False,False,False,True,False,True,False,True,True,True,False,True
qft_5_Mutant_Add_t_P8_Q2_[].qasm,PureState_2,0,1,0.018786859135918665,0.021603293300733826,0.01878479223997215,0.02160121284649414,1.7520707107365752e-16,0.0017656028283512294,3.9590042298123267e-16,0.0013405397512478723,0.00634765625,0.005859375,False,False,False,False,False,False,False,True,True,True,False,False
qft_5_Mutant_Add_t_P8_Q2_[].qasm,Quratest_2,0,1,0.02109937136891867,0.0414844951407765,0.021079085393832336,0.041404566150774355,1.809533425878307e-16,0.012974345972214453,4.3698476486800775e-05,0.0018646384751108257,0.023472766168257664,0.028843859918257664,False,False,False,False,False,True,False,True,True,True,True,True
qft_5_Mutant_Add_t_P8_Q2_[].qasm,PureState_3,0,1,0.01774141831613754,0.01869790135655365,0.017740246826206906,0.01869592034647988,1.8561541192951836e-16,0.0017656028283510507,4.0025371643579096e-16,0.0013378701228684768,0.006347656250000021,0.005859375000000021,False,False,False,False,False,False,False,True,True,True,False,False
qft_5_Mutant_Add_t_P8_Q2_[].qasm,Quratest_3,0,1,0.021512993839581385,0.05822587028657198,0.020784316373459906,0.057730906837208155,2.2723522282580566e-16,0.014311089350957545,1.4060957763309636e-05,0.0014293549519828668,0.004329379719565873,0.03264969221956587,False,False,False,True,False,True,False,True,True,True,False,True
qft_5_Mutant_Add_t_P8_Q2_[].qasm,PureState_4,0,1,0.020245142441174067,0.02137629506384125,0.02024388662004956,0.021373909473721045,1.7520707107365752e-16,0.0017656028283517117,3.9279163056743625e-16,0.001276007647351525,0.006347656249999955,0.005859374999999955,False,False,False,False,False,False,False,True,True,True,False,False
qft_5_Mutant_Add_t_P8_Q2_[].qasm,Quratest_4,0,1,0.019548856063175742,0.04620003840706605,0.019526067434197155,0.04610472188936578,2.3505503099485736e-16,0.013042567176328877,0.3032708775021234,0.2960028847565967,0.01699047778604526,0.0069353034639547395,False,False,False,True,False,True,False,True,True,True,True,False
qft_5_Mutant_Add_t_P8_Q2_[].qasm,PureState_5,0,1,0.014881464756113834,0.025507163195934584,0.014880863153936903,0.025504420948786306,2.0990154059319366e-16,0.0017656028283511184,4.045722759271315e-16,0.0013394280363063858,0.006347656250000017,0.005859375000000017,False,False,False,False,False,False,False,True,True,True,False,False
qft_5_Mutant_Add_t_P8_Q2_[].qasm,Quratest_5,0,1,0.02016261286420053,0.06196727286070913,0.01896787305967035,0.06049172852159406,2.6612165840130333e-16,0.01445130700440467,0.08270729611099797,0.08455155246955666,0.01669438324751002,0.00839360199751002,False,False,False,True,False,True,False,True,True,True,True,False
qft_5_Mutant_Add_t_P8_Q2_[].qasm,PureState_6,0,1,0.01591101411566712,0.018464089675361756,0.015909976988688627,0.01846278854884806,1.9255430583342559e-16,0.001765602828351514,4.0170030082831573e-16,0.001337989537614981,0.006347656249999955,0.005859374999999955,False,False,False,False,False,False,False,True,True,True,False,False
qft_5_Mutant_Add_t_P8_Q2_[].qasm,Quratest_6,0,1,0.024053042590647368,0.06650160003838931,0.023962616056983216,0.06481425371967667,1.710871028182126e-16,0.011621199162086102,0.00041036169953752967,0.0052376044093468705,0.009403681660931196,0.046260380839068804,False,False,False,True,False,True,False,True,True,True,False,True
qft_5_Mutant_Add_t_P8_Q2_[].qasm,PureState_7,0,1,0.021797943443218337,0.02071002931708231,0.021795859156007735,0.020707543622287414,1.717376241217039e-16,0.0017656028283513925,3.952116261403006e-16,0.001339945127558795,0.006347656249999993,0.005859374999999993,False,False,False,False,False,False,False,True,True,True,False,False
qft_5_Mutant_Add_t_P8_Q2_[].qasm,Quratest_7,0,1,0.017620094690601093,0.03346713817631761,0.01755377059538046,0.03330330844683057,2.2792640171076517e-16,0.012807931660969886,0.11603370693232697,0.11478091400597545,0.00893383866210544,0.01479321366210544,False,False,False,False,False,False,False,True,True,True,False,True
qft_5_Mutant_Add_t_P8_Q2_[].qasm,PureState_8,0,1,0.019845215782105963,0.014626085073383404,0.01984248917385308,0.01462530818876928,2.1684043449710089e-16,0.0017656028283515642,3.6936543360005717e-16,0.001276980249046022,0.006347656249999955,0.005859374999999955,False,False,False,False,False,False,False,True,True,True,False,False
qft_5_Mutant_Add_t_P8_Q2_[].qasm,Quratest_8,0,1,0.02259781027677129,0.04991036199449754,0.02256239691436224,0.04978926945462705,1.2202695451324352e-16,0.01032303057810099,4.0128618416580405e-16,0.0012649109219773165,0.011651747475103544,0.024347059975103544,False,False,False,True,False,True,False,True,True,True,True,True
qft_5_Mutant_Add_t_P8_Q2_[].qasm,PureState_9,0,1,0.023027503804671924,0.022144212298302747,0.023024608266834994,0.022142355693143552,1.5265566588595902e-16,0.0017656028283514254,3.9964474912635933e-16,0.0012746058240377597,0.006347656249999962,0.005859374999999962,False,False,False,False,False,False,False,True,True,True,False,False
qft_5_Mutant_Add_t_P8_Q2_[].qasm,Quratest_9,0,1,0.02020853980592327,0.04797562795506785,0.02016102244806211,0.0464844696625712,2.475538491645418e-16,0.011883812004687855,0.12063088201261299,0.11781117327815452,0.014239188135331392,7.903188533139177e-05,False,False,False,True,False,True,False,True,True,True,True,False
qft_5_Mutant_Add_t_P8_Q2_[].qasm,PureState_10,0,1,0.019461922283175347,0.020761901242966934,0.019460364922261487,0.020759880234014944,1.3530843112619095e-16,0.0017656028283515295,3.74148939337661e-16,0.0012752277424756186,0.006347656250000014,0.005859375000000014,False,False,False,False,False,False,False,True,True,True,False,False
qft_5_Mutant_Add_t_P8_Q2_[].qasm,Quratest_10,0,1,0.0236374820953495,0.03306566642261282,0.02363040541890956,0.03304057150415952,1.1600963245594897e-16,0.016313514462686834,0.15038501020486736,0.14835659762344636,0.013328566058470145,0.016258253558470145,False,False,False,False,False,False,False,True,True,True,True,True
qft_5_Mutant_Add_t_P8_Q2_[].qasm,PureState_11,0,1,0.023310146587958006,0.016168158401230696,0.023306913129338323,0.01616710986700494,2.1337098754514727e-16,0.0017656028283514272,4.097019918937718e-16,0.001276776100849279,0.006347656250000017,0.005859375000000017,False,False,False,False,False,False,False,True,True,True,False,False
qft_5_Mutant_Add_t_P8_Q2_[].qasm,Quratest_11,0,1,0.022926352162453343,0.043420970423418546,0.022850675132690824,0.040886794540579724,1.2038032246378116e-16,0.014419831405864326,0.007879830740329904,0.009765429893265745,0.0063476562500059,0.0102539062500059,False,False,False,True,False,True,False,True,True,True,False,False
qft_5_Mutant_Add_t_P8_Q2_[].qasm,PureState_12,0,1,0.019176135114901682,0.020243024144027826,0.019174581198030068,0.020240972820522864,1.5612511283791264e-16,0.0017656028283517134,3.624727948634579e-16,0.0012776514645045339,0.006347656250000045,0.005859375000000045,False,False,False,False,False,False,False,True,True,True,False,False
qft_5_Mutant_Add_t_P8_Q2_[].qasm,Quratest_12,0,1,0.02377887075904971,0.08936999348532636,0.02276302371967742,0.08161499883063264,1.1958665259220388e-16,0.01821050961959036,6.261361418526872e-05,0.0019561766772794626,0.017556867712746393,0.06247874271274639,False,False,False,True,False,True,False,True,True,True,True,True
qft_5_Mutant_Add_t_P8_Q2_[].qasm,PureState_13,0,1,0.019223954390793753,0.01986705061618801,0.019222329073326768,0.01986560117336076,1.457167719820518e-16,0.0017656028283516787,3.938627339837953e-16,0.0013412935056639787,0.00634765624999999,0.00585937499999999,False,False,False,False,False,False,False,True,True,True,False,False
qft_5_Mutant_Add_t_P8_Q2_[].qasm,Quratest_13,0,1,0.022629207692343837,0.05017968362706236,0.021930802780045843,0.04982659739347981,1.2952150203054957e-16,0.018820435481386046,0.010605166226254084,0.016477212903426325,0.027852778825071783,0.006326908674928217,False,False,False,True,False,True,False,True,True,True,True,False
qft_5_Mutant_Add_t_P8_Q2_[].qasm,PureState_14,0,1,0.021288082736576404,0.021649765272548926,0.021285867239954816,0.021647988228844808,1.6306400674181987e-16,0.001765602828351526,4.0222789789102683e-16,0.0012775989606085638,0.0063476562500000035,0.0058593750000000035,False,False,False,False,False,False,False,True,True,True,False,False
qft_5_Mutant_Add_t_P8_Q2_[].qasm,Quratest_14,0,1,0.024219360176583993,0.07690487550889046,0.022550849375639944,0.07448948867116552,1.2827466953219124e-16,0.019723335509977364,0.05238872661702077,0.053651995525761276,0.027700070018185197,0.0411475862318148,False,False,False,True,False,True,False,True,True,True,True,True
qft_5_Mutant_Add_t_P8_Q2_[].qasm,PureState_15,0,1,0.01976682047238813,0.01723068676657147,0.01976479682357684,0.0172293641791333,2.0122792321330962e-16,0.001765602828351552,4.083054414549349e-16,0.0012758195363283622,0.0063476562500000035,0.0058593750000000035,False,False,False,False,False,False,False,True,True,True,False,False
qft_5_Mutant_Add_t_P8_Q2_[].qasm,Quratest_15,0,1,0.01820669400389407,0.03457752742122591,0.01820414682125064,0.034548487064953025,2.5603434303245187e-16,0.01668395375856743,3.7491994695756967e-16,0.0013703535745164725,0.03219179420420783,0.026332419204207827,False,False,False,False,False,False,False,True,True,True,True,True
qft_5_Mutant_Add_sx_P7_Q3_[].qasm,PureState_0,0,1,0.5410931959591136,0.45751432891179467,0.46443891754292027,0.4278101552979455,0.4999999999999999,0.48647671389712055,0.500000000000004,0.4858051120279222,0.0068359375000000035,0.0068359375000000035,False,False,True,True,True,True,True,True,True,True,False,False
qft_5_Mutant_Add_sx_P7_Q3_[].qasm,Quratest_0,0,1,0.11765108032682096,0.14748236993047284,0.11664839468682539,0.14100482484935195,0.13795946345241122,0.14005313432581842,0.9357665429778086,0.9035749253190586,0.12030006755181918,0.13983131755181918,False,False,True,True,True,True,True,True,True,True,True,True
qft_5_Mutant_Add_sx_P7_Q3_[].qasm,PureState_1,0,1,0.5411244120827715,0.4603247696168375,0.4644606029065384,0.42938479816760894,0.49999999999999983,0.4864767138971202,0.5000000000000044,0.48617663962851293,0.006835937500000024,0.006835937500000024,False,False,True,True,True,True,True,True,True,True,False,False
qft_5_Mutant_Add_sx_P7_Q3_[].qasm,Quratest_1,0,1,0.10680027590602793,0.12327402039283888,0.10658612517128403,0.12238791982460016,0.1263948657251397,0.12659601347597121,0.9310211585329317,0.8964172636846771,0.014573034986230173,0.011794152513769827,False,False,True,True,True,True,True,True,True,True,True,True
qft_5_Mutant_Add_sx_P7_Q3_[].qasm,PureState_2,0,1,0.5410209447418892,0.4626071105696945,0.46437201677552464,0.43131258210765844,0.4999999999999999,0.4864767138971202,0.5000000000000043,0.48585832883704116,0.0068359375,0.0068359375,False,False,True,True,True,True,True,True,True,True,False,False
qft_5_Mutant_Add_sx_P7_Q3_[].qasm,Quratest_2,0,1,0.3981806164023456,0.37740601248589084,0.3823318965637532,0.3658936223812207,0.44971187770012055,0.4451648612911297,0.6120562181241483,0.5902963919650526,0.11917589116825766,0.13480089116825766,False,False,True,True,True,True,True,True,True,True,True,True
qft_5_Mutant_Add_sx_P7_Q3_[].qasm,PureState_3,0,1,0.5411958203804847,0.4514432071361932,0.46451375394416394,0.4240392236168747,0.5,0.48327665352483906,0.5000000000000039,0.4859184949831378,0.006835937499999979,0.01123046874999998,False,False,True,True,True,True,True,True,True,True,False,False
qft_5_Mutant_Add_sx_P7_Q3_[].qasm,Quratest_3,0,1,0.3213247904954736,0.3130243730460854,0.3126579835236447,0.3046347657383072,0.2854844677400526,0.2801521121651418,0.501920923584501,0.4877791697346764,0.010319057780434127,0.012630160969565873,False,False,True,True,True,True,True,True,True,True,False,True
qft_5_Mutant_Add_sx_P7_Q3_[].qasm,PureState_4,0,1,0.017464066920315865,0.015402892464593955,0.017463073782043245,0.015401817741998754,7.112366251504909e-17,0.0017610224742574659,1.0000000000000053,0.9631551205078466,0.006347656249999955,0.006347656249999955,False,False,False,False,False,False,False,True,False,True,False,False
qft_5_Mutant_Add_sx_P7_Q3_[].qasm,Quratest_4,0,1,0.25971722170763145,0.2482097488124002,0.2507301713296977,0.24209258197616068,0.28364534278694853,0.2810286919688539,0.7855982108829501,0.7556816447009078,0.23789233471395474,0.21445483471395474,False,False,True,True,True,True,True,True,True,True,True,True
qft_5_Mutant_Add_sx_P7_Q3_[].qasm,PureState_5,0,1,0.5410933492684724,0.4583346330696677,0.4644391942579265,0.4285039869975592,0.4999999999999998,0.4864767138971202,0.500000000000004,0.4854276793975854,0.006835937500000017,0.006835937500000017,False,False,True,True,True,True,True,True,True,True,False,False
qft_5_Mutant_Add_sx_P7_Q3_[].qasm,Quratest_5,0,1,0.4518498802959285,0.4589839260296053,0.4074878877054818,0.4139428580219878,0.46374309151350723,0.4636960971477741,0.5235614999191943,0.5032865835411557,0.15585453949751002,0.14755375824751002,False,False,True,True,True,True,True,True,True,True,True,True
qft_5_Mutant_Add_sx_P7_Q3_[].qasm,PureState_6,0,1,0.5411122234375859,0.4554210334823595,0.4644472605307546,0.42662812996121163,0.4999999999999999,0.48327665352483906,0.5000000000000044,0.48594030077309586,0.006835937500000045,0.011230468750000045,False,False,True,True,True,True,True,True,True,True,False,False
qft_5_Mutant_Add_sx_P7_Q3_[].qasm,Quratest_6,0,1,0.35080843846202403,0.3547598251288733,0.3435191759797707,0.34593580212167024,0.40626424976855746,0.39857192879532294,0.5660820200034915,0.5458047508682349,0.048213505839068804,0.0750689745890688,False,False,True,True,True,True,True,True,True,True,True,True
qft_5_Mutant_Add_sx_P7_Q3_[].qasm,PureState_7,0,1,0.5410475584020459,0.45853361581942803,0.4643761500062144,0.4287093681493873,0.4999999999999998,0.48647671389712044,0.500000000000004,0.48564192623720337,0.006835937499999993,0.006835937499999993,False,False,True,True,True,True,True,True,True,True,False,False
qft_5_Mutant_Add_sx_P7_Q3_[].qasm,Quratest_7,0,1,0.44430002243937816,0.4229844981002947,0.41900389158676354,0.403328259033911,0.4673297479055737,0.45943415690673006,0.5539779239626242,0.5367172871525534,0.16928881758789455,0.14389819258789455,False,False,True,True,True,True,True,True,True,True,True,True
qft_5_Mutant_Add_sx_P7_Q3_[].qasm,PureState_8,0,1,0.019847472392964086,0.018614490261622405,0.019845829009199796,0.018613043787554438,7.112366251504909e-17,0.001834801098658299,1.0000000000000058,0.9646550213517326,0.006347656249999955,0.005859374999999955,False,False,False,False,False,False,False,True,False,True,False,False
qft_5_Mutant_Add_sx_P7_Q3_[].qasm,Quratest_8,0,1,0.333103251459223,0.33071830576787253,0.32646404608099877,0.32395888546355667,0.41272007024045637,0.4033746056981445,0.6593242872414299,0.6351358504820844,0.034600966225103544,0.041436903725103544,False,False,True,True,True,True,True,True,True,True,True,True
qft_5_Mutant_Add_sx_P7_Q3_[].qasm,PureState_9,0,1,0.01739335083418031,0.018963061180247983,0.017392129302467012,0.018961176900353528,1.2663481374630692e-16,0.0017610224742572247,1.0000000000000067,0.9620034654930102,0.006347656249999962,0.006347656249999962,False,False,False,False,False,False,False,True,False,True,False,False
qft_5_Mutant_Add_sx_P7_Q3_[].qasm,Quratest_9,0,1,0.35861621485325945,0.36162475539007677,0.3358842320061181,0.338727909407532,0.38220029552389495,0.38147318657835594,0.5830551531515366,0.5634720350172197,0.03556549936466861,0.03654206186466861,False,False,True,True,True,True,True,True,True,True,True,True
qft_5_Mutant_Add_sx_P7_Q3_[].qasm,PureState_10,0,1,0.01742227873551869,0.020421824080672443,0.017421126914627362,0.020419628109610788,1.0928757898653885e-16,0.0017610224742575127,1.0000000000000053,0.9624825662528059,0.006347656250000014,0.006347656250000014,False,False,False,False,False,False,False,True,False,True,False,False
qft_5_Mutant_Add_sx_P7_Q3_[].qasm,Quratest_10,0,1,0.32639197021074984,0.32780608588617544,0.31729561292839537,0.3186122850265017,0.35382390753642956,0.34975737677892743,0.5956699720872375,0.5726605501421823,0.035301222308470145,0.040672316058470145,False,False,True,True,True,True,True,True,True,True,True,True
qft_5_Mutant_Add_sx_P7_Q3_[].qasm,PureState_11,0,1,0.02049167374129196,0.018721509747562558,0.02048960961128085,0.018720449480962492,9.020562075079397e-17,0.001834801098658266,1.0000000000000058,0.9644270697219338,0.006347656250000017,0.005859375000000017,False,False,False,False,False,False,False,True,False,True,False,False
qft_5_Mutant_Add_sx_P7_Q3_[].qasm,Quratest_11,0,1,0.4156763981202753,0.4133704564052108,0.38907247646380366,0.3872929235815903,0.4487997314401794,0.4439128439126718,0.5324285182953441,0.5116880188981231,0.0014648437500058996,0.0029296875000059,False,False,True,True,True,True,True,True,True,True,False,False
qft_5_Mutant_Add_sx_P7_Q3_[].qasm,PureState_12,0,1,0.023138687784365772,0.01702928901813229,0.023136211213395687,0.017027925473995113,7.112366251504909e-17,0.0018348010986583545,1.0000000000000058,0.9652584701418859,0.006347656250000045,0.005859375000000045,False,False,False,False,False,False,False,True,False,True,False,False
qft_5_Mutant_Add_sx_P7_Q3_[].qasm,Quratest_12,0,1,0.501571492939731,0.49682820449485443,0.4790698230839428,0.4749808909688577,0.5962482161438905,0.5853609165619484,0.514126295214353,0.4991851617750083,0.4101349927127464,0.3852326489627464,False,False,True,True,True,True,True,True,True,True,True,True
qft_5_Mutant_Add_sx_P7_Q3_[].qasm,PureState_13,0,1,0.5410954998588269,0.464637620189885,0.464428887877837,0.43230357067811415,0.4999999999999999,0.48647671389712044,0.5000000000000043,0.4862001052863199,0.00683593749999999,0.00683593749999999,False,False,True,True,True,True,True,True,True,True,False,False
qft_5_Mutant_Add_sx_P7_Q3_[].qasm,Quratest_13,0,1,0.3893405298517329,0.381278563100906,0.379666777630097,0.3719760383779005,0.44164862374734914,0.4392584331415983,0.5075663739439397,0.49088988620168944,0.24997925242492822,0.23386597117492822,False,False,True,True,True,True,True,True,True,True,True,True
qft_5_Mutant_Add_sx_P7_Q3_[].qasm,PureState_14,0,1,0.021030800226615826,0.021902701121769785,0.021028687210208546,0.02190053635604939,6.765421556309548e-17,0.001834801098658247,1.0000000000000053,0.965129654399074,0.0063476562500000035,0.0058593750000000035,False,False,False,False,False,False,False,True,False,True,False,False
qft_5_Mutant_Add_sx_P7_Q3_[].qasm,Quratest_14,0,1,0.16485731171074913,0.18844079283359522,0.1630221667530269,0.18518515357870424,0.15528472546590769,0.1674199875794778,0.8033747991949044,0.7768414830649822,0.1085303987318148,0.1539405549818148,False,False,True,True,True,True,True,True,True,True,True,True
qft_5_Mutant_Add_sx_P7_Q3_[].qasm,PureState_15,0,1,0.025718501210808094,0.018183652245388336,0.025715584163641926,0.018181146870112082,1.491862189340054e-16,0.0017610224742574503,1.0000000000000058,0.9629277858873303,0.0063476562500000035,0.0063476562500000035,False,False,False,False,False,False,False,True,False,True,False,False
qft_5_Mutant_Add_sx_P7_Q3_[].qasm,Quratest_15,0,1,0.03908387086135185,0.042677861839598735,0.03907336816620226,0.04265112484160325,0.045599455551236026,0.04731860413467817,0.9958413793068663,0.9572816984246271,0.03658632545420783,0.025355856704207827,False,False,False,True,False,True,True,True,True,True,True,True
qft_5_Mutant_Remove_cp_P11_Q3.qasm,PureState_0,0,1,0.019317054864225105,0.021172525694248313,0.019315635736276555,0.02116981905525945,0.0,0.0017610224742571848,1.0000000000000058,0.9653957695671762,0.0063476562500000035,0.0058593750000000035,False,False,False,False,False,False,False,True,False,True,False,False
qft_5_Mutant_Remove_cp_P11_Q3.qasm,Quratest_0,0,1,0.08268368705145929,0.14187277758994848,0.08166225850384999,0.1334052493805606,0.053694775350847594,0.0680446215789512,0.9739533954053923,0.94118986622861,0.061828838698180816,0.015442119948180816,False,False,True,True,True,True,True,True,True,True,True,True
qft_5_Mutant_Remove_cp_P11_Q3.qasm,PureState_1,0,1,0.022520288735621518,0.016842347684245567,0.022517812172671122,0.016841437463891523,4.5102810375396984e-17,0.001761022474257308,0.9619397662556499,0.9294390313243067,0.006347656250000024,0.005859375000000024,False,False,False,False,False,False,False,True,True,True,False,False
qft_5_Mutant_Remove_cp_P11_Q3.qasm,Quratest_1,0,1,0.06124482249484957,0.079261806070976,0.06111317474650753,0.07866488266511515,0.044630591600974864,0.049593392491662364,0.9866068061471812,0.9504285545847561,0.0064230587637698275,0.020094933763769827,False,False,True,True,True,True,True,True,True,True,False,True
qft_5_Mutant_Remove_cp_P11_Q3.qasm,PureState_2,0,1,0.020087363238966965,0.02074460241381508,0.020085735333578013,0.020743191163436724,5.898059818321144e-17,0.0017610224742573045,0.961939766255649,0.9290800760081352,0.00634765625,0.005859375,False,False,False,False,False,False,False,True,True,True,False,False
qft_5_Mutant_Remove_cp_P11_Q3.qasm,Quratest_2,0,1,0.06617609785253337,0.07015377789696368,0.06606334106786699,0.06999653662666784,0.05677841253272917,0.055963221349036224,0.9629952326749003,0.9268349238861904,0.019566516168257664,0.033726672418257664,False,False,True,True,True,True,True,True,True,True,True,True
qft_5_Mutant_Remove_cp_P11_Q3.qasm,PureState_3,0,1,0.022827541204347337,0.017939291289266277,0.022824523282953025,0.017938048523908845,5.204170427930421e-17,0.0017610224742572265,0.9619397662556486,0.9263817241554716,0.006347656250000021,0.005859375000000021,False,False,False,False,False,False,False,True,True,True,False,False
qft_5_Mutant_Remove_cp_P11_Q3.qasm,Quratest_3,0,1,0.09822621720357254,0.10184737180404395,0.09759942448403303,0.10064896891241806,0.07910088127572262,0.08485789942329275,0.9667269621288849,0.9302894285878948,0.06927078596956587,0.08538406721956587,False,False,True,True,True,True,True,True,True,True,True,True
qft_5_Mutant_Remove_cp_P11_Q3.qasm,PureState_4,0,1,0.015985672608225816,0.020132314013700348,0.01598464421926181,0.020130944339975407,0.0,0.0017610224742573653,1.0000000000000053,0.9640544538096905,0.006347656249999955,0.005859374999999955,False,False,False,False,False,False,False,True,False,True,False,False
qft_5_Mutant_Remove_cp_P11_Q3.qasm,Quratest_4,0,1,0.08315218384259801,0.08707680556379392,0.08299200672546811,0.08682743780675233,0.07517081414146048,0.07764222184423855,0.9825295665572653,0.9442839634193235,0.10146313403604526,0.05751782153604526,False,False,True,True,True,True,True,True,True,True,True,True
qft_5_Mutant_Remove_cp_P11_Q3.qasm,PureState_5,0,1,0.018923003143515024,0.020606069248719296,0.018920785689881432,0.02060392105538425,5.551115123125783e-17,0.0017610224742571883,0.9619397662556477,0.9282545477271501,0.006347656250000017,0.005859375000000017,False,False,False,False,False,False,False,True,True,True,False,False
qft_5_Mutant_Remove_cp_P11_Q3.qasm,Quratest_5,0,1,0.08704669119309769,0.10941823758846543,0.08662612233172348,0.1082654611485958,0.1011619075079541,0.1092141098207538,0.9690952711744244,0.9299338798568725,0.03115717925248998,0.02969233550248998,False,False,True,True,True,True,True,True,True,True,True,True
qft_5_Mutant_Remove_cp_P11_Q3.qasm,PureState_6,0,1,0.019524295351181695,0.023528484021717345,0.019521224964863342,0.023524212337965502,0.0,0.0017610224742572612,1.0000000000000067,0.9629975948521897,0.006347656249999955,0.005859374999999955,False,False,False,False,False,False,False,True,False,True,False,False
qft_5_Mutant_Remove_cp_P11_Q3.qasm,Quratest_6,0,1,0.10450733539733158,0.10539166780737694,0.10312947107399696,0.10352444197684395,0.07817843278954877,0.08441679592193402,0.9654993868371892,0.9272659049415449,0.0023150683390688043,0.051631474589068804,False,False,True,True,True,True,True,True,True,True,False,True
qft_5_Mutant_Remove_cp_P11_Q3.qasm,PureState_7,0,1,0.022798933882933553,0.020067815460536285,0.022796725229648287,0.020066118019181855,0.0,0.0017610224742571658,1.0000000000000062,0.9650997135715368,0.006347656249999993,0.005859374999999993,False,False,False,False,False,False,False,True,False,True,False,False
qft_5_Mutant_Remove_cp_P11_Q3.qasm,Quratest_7,0,1,0.029584404225698954,0.0428611817793661,0.029576535004681753,0.04263637424361688,0.023696511397035058,0.030208803304768588,0.9622070071958357,0.9276435137354826,0.02992993241210544,0.02944165116210544,False,False,False,True,False,True,True,True,True,True,True,True
qft_5_Mutant_Remove_cp_P11_Q3.qasm,PureState_8,0,1,0.020749714683458237,0.017241884413670076,0.0207478269146644,0.01724060706563265,0.0,0.001761022474257197,1.0000000000000062,0.9655568899627733,0.006347656249999955,0.005859374999999955,False,False,False,False,False,False,False,True,False,True,False,False
qft_5_Mutant_Remove_cp_P11_Q3.qasm,Quratest_8,0,1,0.08252951626779384,0.09873932888482588,0.08223443213826208,0.09811913423748787,0.07297895889088929,0.08087821111417179,0.9708269296862081,0.9316653390188758,0.039972059975103544,0.050714247475103544,False,False,True,True,True,True,True,True,True,True,True,True
qft_5_Mutant_Remove_cp_P11_Q3.qasm,PureState_9,0,1,0.018754659996709826,0.01998720123629497,0.01875332472717451,0.01998543790112942,0.0,0.001761022474257178,1.0000000000000062,0.962901754558889,0.006347656249999962,0.005859374999999962,False,False,False,False,False,False,False,True,False,True,False,False
qft_5_Mutant_Remove_cp_P11_Q3.qasm,Quratest_9,0,1,0.036254545822926774,0.05247555609441989,0.0351052311068975,0.05138318329088729,0.0059529043514519875,0.016190709550613677,0.9846620057517258,0.94745383712835,0.004961844385331392,0.005450125635331392,False,False,False,True,False,True,True,True,True,True,False,False
qft_5_Mutant_Remove_cp_P11_Q3.qasm,PureState_10,0,1,0.017098191688537025,0.024166204985542034,0.017096491954346177,0.024162067199095034,4.163336342344337e-17,0.001761022474257556,0.961939766255649,0.9270256172098273,0.006347656250000014,0.005859375000000014,False,False,False,False,False,False,False,True,True,True,False,False
qft_5_Mutant_Remove_cp_P11_Q3.qasm,Quratest_10,0,1,0.02578102366434324,0.044658635873781334,0.025770566000035296,0.044595272556297444,0.01329457210193839,0.025125319840328474,0.9980408314645103,0.9558135302277612,0.005714402691529855,0.0037612776915298546,False,False,False,True,False,True,True,True,True,True,False,False
qft_5_Mutant_Remove_cp_P11_Q3.qasm,PureState_11,0,1,0.01894391155989119,0.01701202241339023,0.018941861150979167,0.017011004843086423,0.0,0.0017610224742571692,1.000000000000007,0.9653286900500299,0.006347656250000017,0.005859375000000017,False,False,False,False,False,False,False,True,False,True,False,False
qft_5_Mutant_Remove_cp_P11_Q3.qasm,Quratest_11,0,1,0.018693152898612456,0.040653715628020996,0.018678844764505254,0.03992177197021023,1.1941436609073236e-15,0.01438562510078383,1.0000000000000058,0.957072556299375,0.0063476562500059,0.0087890625000059,False,False,False,False,False,False,False,True,False,True,False,False
qft_5_Mutant_Remove_cp_P11_Q3.qasm,PureState_12,0,1,0.01694430870136075,0.019671859997163622,0.016943328326760102,0.019669914207034782,0.0,0.0017610224742573323,1.000000000000007,0.9661609050083217,0.006347656250000045,0.005859375000000045,False,False,False,False,False,False,False,True,False,True,False,False
qft_5_Mutant_Remove_cp_P11_Q3.qasm,Quratest_12,0,1,0.08048697127310298,0.11153185123421844,0.07984505730567971,0.10552495398263574,0.05751330907476145,0.0720115175657876,0.9789216903212643,0.9428540971144931,0.0986115552127464,0.1313263989627464,False,False,True,True,True,True,True,True,True,True,True,True
qft_5_Mutant_Remove_cp_P11_Q3.qasm,PureState_13,0,1,0.02228877342273985,0.01921386701722042,0.022286555743737176,0.019212289865166127,0.0,0.0017610224742573965,1.0000000000000067,0.9661833173972624,0.00634765624999999,0.00585937499999999,False,False,False,False,False,False,False,True,False,True,False,False
qft_5_Mutant_Remove_cp_P11_Q3.qasm,Quratest_13,0,1,0.04189400143566825,0.0520320073739792,0.0418510278158395,0.05172121600188024,0.03142076270795652,0.0422398585713016,0.9955807262158602,0.9589227867673809,0.029317622575071783,0.0033972211749282166,False,False,True,True,True,True,True,True,True,True,True,False
qft_5_Mutant_Remove_cp_P11_Q3.qasm,PureState_14,0,1,0.019948374830418957,0.019173864568065666,0.01994653159822475,0.019169941305228613,0.0,0.0017610224742572698,1.0000000000000049,0.9660319334610559,0.0063476562500000035,0.0058593750000000035,False,False,False,False,False,False,False,True,False,True,False,False
qft_5_Mutant_Remove_cp_P11_Q3.qasm,Quratest_14,0,1,0.052433982692595874,0.08942287347588314,0.05149044639328846,0.08676319232825087,0.037533311054197986,0.04956120519955755,0.990900392415656,0.9588607519237773,0.008921023731814803,0.0675147737318148,False,False,True,True,True,True,True,True,True,True,False,True
qft_5_Mutant_Remove_cp_P11_Q3.qasm,PureState_15,0,1,0.02225932352140993,0.016982383484702802,0.022256967407020344,0.01698147557676249,2.7755575615628914e-17,0.001761022474257504,0.961939766255649,0.9274815786366543,0.0063476562500000035,0.0058593750000000035,False,False,False,False,False,False,False,True,True,True,False,False
qft_5_Mutant_Remove_cp_P11_Q3.qasm,Quratest_15,0,1,0.03996338048051433,0.04580780067511043,0.03994795636842976,0.04577049193133136,0.02723122352601519,0.03719907593679063,0.962455267961963,0.9262477982495376,0.023891012954207827,0.03609804420420783,False,False,False,True,False,True,True,True,True,True,True,True
qft_5_Mutant_Add_cz_P13_Q1_[].qasm,PureState_0,0,1,0.02203606072538802,0.018005193725104087,0.022032293097603045,0.018004101839072147,0.0,0.001777506736968736,1.0000000000000058,0.9641312825175189,0.0063476562500000035,0.0063476562500000035,False,False,False,False,False,False,False,True,False,True,False,False
qft_5_Mutant_Add_cz_P13_Q1_[].qasm,Quratest_0,0,1,0.22393129764791986,0.22863890554908037,0.2184846779424113,0.22068794671747272,0.1600923275448052,0.17119471000069902,0.6012531267777148,0.5808979153226959,0.033386005051819184,0.057800067551819184,False,False,True,True,True,True,True,True,True,True,True,True
qft_5_Mutant_Add_cz_P13_Q1_[].qasm,PureState_1,0,1,0.019715178101428744,0.024341620385176885,0.019713489245755406,0.024338850258290006,0.0,0.001777506736968703,3.9211070982490073e-16,0.0012502818894272886,0.006347656250000024,0.006347656250000024,False,False,False,False,False,False,False,True,True,True,False,False
qft_5_Mutant_Add_cz_P13_Q1_[].qasm,Quratest_1,0,1,0.35917941985612184,0.3222480102395866,0.3332433346738997,0.30759445847482997,0.2823821591695742,0.28524067490801797,0.5531882959409077,0.5330091915803118,0.0069113400137698275,0.0039816525137698275,False,False,True,True,True,True,True,True,True,True,False,False
qft_5_Mutant_Add_cz_P13_Q1_[].qasm,PureState_2,0,1,0.016986215898159452,0.024853739046682106,0.016985131771396118,0.02484581082491027,0.0,0.0017775067369685277,3.88390031331585e-16,0.0012599723994131508,0.00634765625,0.00634765625,False,False,False,False,False,False,False,True,True,True,False,False
qft_5_Mutant_Add_cz_P13_Q1_[].qasm,Quratest_2,0,1,0.2377377216777888,0.22450256969058377,0.230270323330481,0.21884044619264229,0.17928741313135343,0.186064247004121,0.08227298773226369,0.08043136279421913,0.07223035883174234,0.032679577581742336,False,False,True,True,True,True,True,True,True,True,True,True
qft_5_Mutant_Add_cz_P13_Q1_[].qasm,PureState_3,0,1,0.01605584836886941,0.019459537643528504,0.016054643357637868,0.01945778187461398,0.0,0.0017775067369683335,3.967157465121884e-16,0.0014466149072923918,0.006347656250000021,0.006347656250000021,False,False,False,False,False,False,False,True,True,True,False,False
qft_5_Mutant_Add_cz_P13_Q1_[].qasm,Quratest_3,0,1,0.4283106947183798,0.3908498856575719,0.40271616511707986,0.3728858638296349,0.35113582560469025,0.35646961502906127,0.12002933667180389,0.11664401692608128,0.05120437971956587,0.07073562971956587,False,False,True,True,True,True,True,True,True,True,True,True
qft_5_Mutant_Add_cz_P13_Q1_[].qasm,PureState_4,0,1,0.022309387554134138,0.020368811903036823,0.022306211013000343,0.020366463072688343,0.0,0.001777506736968965,1.0000000000000053,0.9627924844406242,0.006347656249999955,0.006347656249999955,False,False,False,False,False,False,False,True,False,True,False,False
qft_5_Mutant_Add_cz_P13_Q1_[].qasm,Quratest_4,0,1,0.2985092552887362,0.2695063378416901,0.28825679709671725,0.26215795809624426,0.21658086420292916,0.22505874581107085,0.6761184472837811,0.6497083206312041,0.13584155346395474,0.13388842846395474,False,False,True,True,True,True,True,True,True,True,True,True
qft_5_Mutant_Add_cz_P13_Q1_[].qasm,PureState_5,0,1,0.015328025795020348,0.02092220230425308,0.015326945367389865,0.020919516339210985,0.0,0.0017775067369683768,3.8851715164969794e-16,0.0012589073156407228,0.006347656250000017,0.006347656250000017,False,False,False,False,False,False,False,True,True,True,False,False
qft_5_Mutant_Add_cz_P13_Q1_[].qasm,Quratest_5,0,1,0.37296166583834034,0.3471491615288858,0.3589330961745514,0.3358409059287616,0.3122757320087844,0.31812167838654004,0.08644219188653557,0.0844636797621257,0.17733891449751002,0.15048344574751002,False,False,True,True,True,True,True,True,True,True,True,True
qft_5_Mutant_Add_cz_P13_Q1_[].qasm,PureState_6,0,1,0.022107881567720512,0.018174186570043886,0.022104945391139434,0.018173195377398598,0.0,0.0017775067369687758,1.0000000000000067,0.9617369688302464,0.006347656249999955,0.006347656249999955,False,False,False,False,False,False,False,True,False,True,False,False
qft_5_Mutant_Add_cz_P13_Q1_[].qasm,Quratest_6,0,1,0.38995997456409764,0.3626554111144777,0.36761981821291045,0.3464826279305645,0.31343872855164195,0.3183260624917512,0.1814741399459384,0.17526429414628955,0.2479205370890688,0.2503619433390688,False,False,True,True,True,True,True,True,True,True,True,True
qft_5_Mutant_Add_cz_P13_Q1_[].qasm,PureState_7,0,1,0.01880068459091548,0.01939269637016698,0.018798938828047902,0.019391327734686114,0.0,0.001777506736968585,1.0000000000000062,0.963835616372211,0.006347656249999993,0.006347656249999993,False,False,False,False,False,False,False,True,False,True,False,False
qft_5_Mutant_Add_cz_P13_Q1_[].qasm,Quratest_7,0,1,0.10603416935880389,0.09454844919264864,0.10568067586005266,0.09430396448133778,0.08074286136022955,0.08783641820108547,0.003751781251121461,0.004853811184180219,0.01743334883789456,0.02182788008789456,False,False,True,True,True,True,True,True,True,True,True,True
qft_5_Mutant_Add_cz_P13_Q1_[].qasm,PureState_8,0,1,0.01860852891965849,0.01575023402505257,0.01860708369267187,0.01574915245875116,0.0,0.0017775067369688036,1.0000000000000062,0.9642921824654125,0.006347656249999955,0.006347656249999955,False,False,False,False,False,False,False,True,False,True,False,False
qft_5_Mutant_Add_cz_P13_Q1_[].qasm,Quratest_8,0,1,0.21764968614266939,0.20797362188050225,0.2148639891024959,0.20572331977183134,0.19402422956659127,0.19807742302175002,0.6221223814699978,0.5965215869796953,0.09319471622510354,0.07610487247510354,False,False,True,True,True,True,True,True,True,True,True,True
qft_5_Mutant_Add_cz_P13_Q1_[].qasm,PureState_9,0,1,0.018662476034149698,0.018641848506709274,0.018661234249634832,0.018640473522720087,0.0,0.0017775067369686457,1.0000000000000062,0.9616412751298423,0.006347656249999962,0.006347656249999962,False,False,False,False,False,False,False,True,False,True,False,False
qft_5_Mutant_Add_cz_P13_Q1_[].qasm,Quratest_9,0,1,0.09779602921188904,0.10245230605443302,0.09752669152586574,0.10174314071399515,0.0814466264366783,0.08824095822225408,0.01103118009667575,0.012074795926728086,0.04630768686466861,0.04874909311466861,False,False,True,True,True,True,True,True,True,True,True,True
qft_5_Mutant_Add_cz_P13_Q1_[].qasm,PureState_10,0,1,0.019659586604688504,0.015897188803305474,0.019658454499053988,0.015896487699112533,0.0,0.0017775067369688313,3.869040638544219e-16,0.0012664355454801684,0.006347656250000014,0.006347656250000014,False,False,False,False,False,False,False,True,True,True,False,False
qft_5_Mutant_Add_cz_P13_Q1_[].qasm,Quratest_10,0,1,0.19087584283215442,0.17798891489870702,0.18933794698640732,0.17677682364610459,0.17303606455314086,0.18109064795773794,0.9075177427063845,0.8683466711238209,0.24330903480847016,0.21157075355847016,False,False,True,True,True,True,True,True,True,True,True,True
qft_5_Mutant_Add_cz_P13_Q1_[].qasm,PureState_11,0,1,0.022729498392645337,0.02141028603807201,0.02272700101255504,0.021407766823247857,0.0,0.0017775067369686752,1.000000000000007,0.9640643099170985,0.006347656250000017,0.006347656250000017,False,False,False,False,False,False,False,True,False,True,False,False
qft_5_Mutant_Add_cz_P13_Q1_[].qasm,Quratest_11,0,1,0.01749930777849542,0.04302420883231226,0.017498192279688338,0.0410772009483407,6.439381634252422e-15,0.014492939459775915,1.0000000000000067,0.9559305682857376,0.0063476562500059,0.0087890625000059,False,False,False,True,False,True,False,True,False,True,False,False
qft_5_Mutant_Add_cz_P13_Q1_[].qasm,PureState_12,0,1,0.020205258453923867,0.019888222513655573,0.020203105074293886,0.019886502334476773,0.0,0.0017775067369690326,1.000000000000007,0.9648954047902513,0.006347656250000045,0.006347656250000045,False,False,False,False,False,False,False,True,False,True,False,False
qft_5_Mutant_Add_cz_P13_Q1_[].qasm,Quratest_12,0,1,0.2455983191340361,0.2400156505651661,0.24060331385040074,0.2339357206206612,0.25363092942112997,0.25856494684788245,0.0711301567701163,0.07159392684600036,0.3901154614627464,0.3681428052127464,False,False,True,True,True,True,True,True,True,True,True,True
qft_5_Mutant_Add_cz_P13_Q1_[].qasm,PureState_13,0,1,0.019860693768780045,0.02177278029987225,0.01985898989589161,0.0217703992638306,0.0,0.0017775067369689285,1.0000000000000067,0.9649178048954633,0.00634765624999999,0.00634765624999999,False,False,False,False,False,False,False,True,False,True,False,False
qft_5_Mutant_Add_cz_P13_Q1_[].qasm,Quratest_13,0,1,0.17552568386797968,0.16020518354396057,0.17389663388398788,0.15910670009403594,0.14981792735645666,0.15922515105109894,0.8969599343207758,0.8629252700686747,0.18454956492492822,0.19968628367492822,False,False,True,True,True,True,True,True,True,True,True,True
qft_5_Mutant_Add_cz_P13_Q1_[].qasm,PureState_14,0,1,0.020078395218432712,0.023580420392514026,0.020076286882483686,0.02357712773514515,0.0,0.0017775067369687932,1.0000000000000049,0.9647666347911407,0.0063476562500000035,0.0063476562500000035,False,False,False,False,False,False,False,True,False,True,False,False
qft_5_Mutant_Add_cz_P13_Q1_[].qasm,Quratest_14,0,1,0.16649580285360688,0.17625257846776957,0.164143739382692,0.17328553844166245,0.11247855408055302,0.12761649641565379,0.8479078120147272,0.8196577630010312,0.0894874299818148,0.1368507112318148,False,False,True,True,True,True,True,True,True,True,True,True
qft_5_Mutant_Add_cz_P13_Q1_[].qasm,PureState_15,0,1,0.01781031533105517,0.02135861975281973,0.017808415615719917,0.0213566829742493,0.0,0.0017775067369688782,4.012624202944595e-16,0.0013505000940530899,0.0063476562500000035,0.0063476562500000035,False,False,False,False,False,False,False,True,True,True,False,False
qft_5_Mutant_Add_cz_P13_Q1_[].qasm,Quratest_15,0,1,0.12038260392559214,0.11321713637337838,0.12003675008342392,0.11288149774132471,0.1230473857624076,0.12596657261696975,0.22822861830983132,0.22046458041291297,0.04293398170420783,0.019496481704207827,False,False,True,True,True,True,True,True,True,True,True,True
qft_5_Mutant_Add_sx_P5_Q2_[].qasm,PureState_0,0,1,0.02034581881876874,0.0154262534472179,0.020343082292035013,0.015425358785629902,1.5612511283791264e-16,0.001765599318130943,3.903556276938511e-16,0.0015031239795097696,0.0063476562500000035,0.0058593750000000035,False,False,False,False,False,False,False,True,True,True,False,False
qft_5_Mutant_Add_sx_P5_Q2_[].qasm,Quratest_0,0,1,0.022555808684013544,0.1128673026211661,0.02078033393283442,0.10240716023741366,1.4744244279340482e-16,0.017380738303880768,0.004520496240652962,0.006194860438035753,0.007141338698180816,0.013854755051819184,False,False,False,True,False,True,False,True,True,True,False,True
qft_5_Mutant_Add_sx_P5_Q2_[].qasm,PureState_1,0,1,0.017106395344412665,0.01966068877935435,0.017105433664566558,0.019658877790254235,1.734723475976807e-16,0.0017655993181308494,4.0125320845067667e-16,0.0015039949590170461,0.006347656250000024,0.005859375000000024,False,False,False,False,False,False,False,True,True,True,False,False
qft_5_Mutant_Add_sx_P5_Q2_[].qasm,Quratest_1,0,1,0.015186584471553627,0.06485589447943986,0.015184133872183129,0.06268722556171907,2.0606617540802619e-16,0.0070082613290073925,0.022347912863775188,0.023788429852265494,0.0052956912362301725,0.020094933763769827,False,False,False,True,False,True,False,True,True,True,False,True
qft_5_Mutant_Add_sx_P5_Q2_[].qasm,PureState_2,0,1,0.021931785715556047,0.021828855972508807,0.021929717924764263,0.0218269421623682,2.0990154059319366e-16,0.0017655993181306465,4.003650386814482e-16,0.0015033926156367953,0.00634765625,0.005859375,False,False,False,False,False,False,False,True,True,True,False,False
qft_5_Mutant_Add_sx_P5_Q2_[].qasm,Quratest_2,0,1,0.01766989270788215,0.04971436681983638,0.017667434101883678,0.04956455826849232,2.1667780417122806e-16,0.013054941924163968,4.3698476486809374e-05,0.002031520650122224,0.023472766168257664,0.027379016168257664,False,False,False,True,False,True,False,True,True,True,True,True
qft_5_Mutant_Add_sx_P5_Q2_[].qasm,PureState_3,0,1,0.01824126688058908,0.02357599620267857,0.018239703538845464,0.023572981429499498,1.5439038936193583e-16,0.001765599318130577,3.712888401124294e-16,0.0015002444600918689,0.006347656250000021,0.005859375000000021,False,False,False,False,False,False,False,True,True,True,False,False
qft_5_Mutant_Add_sx_P5_Q2_[].qasm,Quratest_3,0,1,0.018478569287292784,0.0631842185582316,0.018460878054552363,0.062221918421260985,1.2938597675898889e-16,0.014310716594627597,1.4060957763303177e-05,0.0017398089200806577,0.004329379719565873,0.03264969221956587,False,False,False,True,False,True,False,True,True,True,False,True
qft_5_Mutant_Add_sx_P5_Q2_[].qasm,PureState_4,0,1,0.02310231238740652,0.01902724181389275,0.023099549002262767,0.019025887294880424,1.4224732503009818e-16,0.0017655993181312103,3.8641135818372843e-16,0.0015853981219438318,0.006347656249999955,0.005859374999999955,False,False,False,False,False,False,False,True,True,True,False,False
qft_5_Mutant_Add_sx_P5_Q2_[].qasm,Quratest_4,0,1,0.025122435890209325,0.041228250085222566,0.02417149965928949,0.04116640499543241,1.1622647289044608e-16,0.013151317897495438,0.3032708775021235,0.2960018545216657,0.01699047778604526,0.0074235847139547395,False,False,False,False,False,True,False,True,True,True,True,False
qft_5_Mutant_Add_sx_P5_Q2_[].qasm,PureState_5,0,1,0.02058568899784227,0.02084567393839616,0.020583538439374712,0.02084279980724646,1.8388068845354155e-16,0.001765599318130539,3.9479948101341156e-16,0.0015021361591054006,0.006347656250000017,0.005859375000000017,False,False,False,False,False,False,False,True,True,True,False,False
qft_5_Mutant_Add_sx_P5_Q2_[].qasm,Quratest_5,0,1,0.02214300439445317,0.0645430643275726,0.021363115420263108,0.06262453091548856,1.4203895492507362e-16,0.014472092511885297,0.08270729611099817,0.08464178663027518,0.01669438324751002,0.00839360199751002,False,False,False,True,False,True,False,True,True,True,True,False
qft_5_Mutant_Add_sx_P5_Q2_[].qasm,PureState_6,0,1,0.018392413785918306,0.021353514774033935,0.018390063295919697,0.02135086979122758,1.6132928326584306e-16,0.0017655993181309795,4.0457275210038425e-16,0.001500413673013136,0.006347656249999955,0.005859374999999955,False,False,False,False,False,False,False,True,True,True,False,False
qft_5_Mutant_Add_sx_P5_Q2_[].qasm,Quratest_6,0,1,0.02242754881368697,0.07020474369245878,0.02170733348933047,0.06912328227298035,1.635247926651262e-16,0.011734802045999545,0.00041036169953751476,0.005353585480292732,0.009403681660931196,0.046748662089068804,False,False,False,True,False,True,False,True,True,True,False,True
qft_5_Mutant_Add_sx_P5_Q2_[].qasm,PureState_7,0,1,0.01936631589421645,0.01604317183595937,0.019364623616753496,0.016042311452771216,1.5265566588595902e-16,0.0017655993181307523,3.941505125896175e-16,0.0015027239333401294,0.006347656249999993,0.005859374999999993,False,False,False,False,False,False,False,True,True,True,False,False
qft_5_Mutant_Add_sx_P5_Q2_[].qasm,Quratest_7,0,1,0.0244301899182962,0.036990004072560236,0.02440947591259671,0.03678270594298786,8.97990449361119e-17,0.012919912793969753,0.11603370693232741,0.1149184376348745,0.00893383866210544,0.01430493241210544,False,False,False,False,False,False,False,True,True,True,False,True
qft_5_Mutant_Add_sx_P5_Q2_[].qasm,PureState_8,0,1,0.019393725305778552,0.01635181158780543,0.019392420985063625,0.016350848106147894,1.4224732503009818e-16,0.0017655993181310004,3.938736323755887e-16,0.001586852815433249,0.006347656249999955,0.005859374999999955,False,False,False,False,False,False,False,True,True,True,False,False
qft_5_Mutant_Add_sx_P5_Q2_[].qasm,Quratest_8,0,1,0.02138811345635866,0.054056911443505294,0.021377849247632162,0.053872037100969335,1.0554708149146386e-16,0.010323031910567078,3.9103785271694457e-16,0.0015728326684159401,0.011651747475103544,0.024347059975103544,False,False,False,True,False,True,False,True,True,True,True,True
qft_5_Mutant_Add_sx_P5_Q2_[].qasm,PureState_9,0,1,0.0226951107444712,0.020357214220354594,0.022692488988869802,0.02035501930792635,1.8214596497756474e-16,0.001765599318130931,4.023888155106756e-16,0.0015836264155905959,0.006347656249999962,0.005859374999999962,False,False,False,False,False,False,False,True,True,True,False,False
qft_5_Mutant_Add_sx_P5_Q2_[].qasm,Quratest_9,0,1,0.018068975118337507,0.04697115383423792,0.018052808977599866,0.045502418377093984,6.679363008868511e-17,0.011888995450762697,0.12063088201261307,0.11805101704720346,0.014239188135331392,7.903188533139177e-05,False,False,False,True,False,True,False,True,True,True,True,False
qft_5_Mutant_Add_sx_P5_Q2_[].qasm,PureState_10,0,1,0.016911784874260153,0.023546864998960557,0.016910654793832688,0.023543357181814252,1.5439038936193583e-16,0.0017655993181308286,3.869714847555148e-16,0.0015844022675337419,0.006347656250000014,0.005859375000000014,False,False,False,False,False,False,False,True,True,True,False,False
qft_5_Mutant_Add_sx_P5_Q2_[].qasm,Quratest_10,0,1,0.019529310385844153,0.03236759256104377,0.019524881238313523,0.03235072410965365,7.090682208055199e-17,0.01651777979705573,0.15038501020486725,0.14845853276242424,0.013328566058470145,0.017234816058470145,False,False,False,False,False,False,False,True,True,True,True,True
qft_5_Mutant_Add_sx_P5_Q2_[].qasm,PureState_11,0,1,0.01692412416099297,0.01735288478275507,0.016923043660683906,0.01735215383601652,1.734723475976807e-16,0.0017655993181307714,4.0689145149319933e-16,0.0015865755010320514,0.006347656250000017,0.005859375000000017,False,False,False,False,False,False,False,True,True,True,False,False
qft_5_Mutant_Add_sx_P5_Q2_[].qasm,Quratest_11,0,1,0.016410315457217266,0.041640539309796734,0.0159274850305909,0.039795104790776255,1.8720444573856743e-16,0.014407469277686375,0.007879830740329927,0.010041980481806854,0.0063476562500059,0.0102539062500059,False,False,False,False,False,False,False,True,True,True,False,False
qft_5_Mutant_Add_sx_P5_Q2_[].qasm,PureState_12,0,1,0.016578800967065002,0.015544651616440294,0.016577437108435417,0.01554355058248372,1.4224732503009818e-16,0.0017655993181311044,3.935286483557428e-16,0.0015877178961401933,0.006347656250000045,0.005859375000000045,False,False,False,False,False,False,False,True,True,True,False,False
qft_5_Mutant_Add_sx_P5_Q2_[].qasm,Quratest_12,0,1,0.01954652583045797,0.09215099239164878,0.017867887416658262,0.0834036221364053,1.293831577274613e-16,0.01821562978660087,6.261361418527401e-05,0.0022683186196952435,0.017556867712746393,0.06199046146274639,False,False,False,True,False,True,False,True,True,True,True,True
qft_5_Mutant_Add_sx_P5_Q2_[].qasm,PureState_13,0,1,0.01801542949516999,0.02110889777154516,0.01801368961572542,0.021107345671734116,1.682681771697503e-16,0.0017655993181311166,3.942960164586429e-16,0.0015042551967182885,0.00634765624999999,0.00585937499999999,False,False,False,False,False,False,False,True,True,True,False,False
qft_5_Mutant_Add_sx_P5_Q2_[].qasm,Quratest_13,0,1,0.01931889892141872,0.04553686521777913,0.019303844938897176,0.04536936711907887,5.2244992186645245e-17,0.019044602513173747,0.010605166226254096,0.016625490503759582,0.027852778825071783,0.006326908674928217,False,False,False,True,False,True,False,True,True,True,True,False
qft_5_Mutant_Add_sx_P5_Q2_[].qasm,PureState_14,0,1,0.0199031272588377,0.02085973453658046,0.0199015287965734,0.02085640603851359,1.3877787807814457e-16,0.0017655993181308546,3.9719081505505983e-16,0.0015876240645789162,0.0063476562500000035,0.0058593750000000035,False,False,False,False,False,False,False,True,True,True,False,False
qft_5_Mutant_Add_sx_P5_Q2_[].qasm,Quratest_14,0,1,0.022786662847294054,0.07970452272905838,0.021372802930411373,0.07748464045351494,1.442971447624536e-16,0.01979657054036743,0.05238872661702077,0.05388312111761406,0.027700070018185197,0.0411475862318148,False,False,False,True,False,True,False,True,True,True,True,True
qft_5_Mutant_Add_sx_P5_Q2_[].qasm,PureState_15,0,1,0.018750457461388165,0.017454085924162584,0.018748993623996575,0.01745280667844376,1.682681771697503e-16,0.0017655993181309847,4.0325068331935484e-16,0.0015851370146844235,0.0063476562500000035,0.0058593750000000035,False,False,False,False,False,False,False,True,True,True,False,False
qft_5_Mutant_Add_sx_P5_Q2_[].qasm,Quratest_15,0,1,0.014771189934055481,0.028182855619440648,0.01476933181751007,0.028163865466977075,2.0491421059976034e-16,0.01668395250202406,3.883133304817862e-16,0.001679107262081926,0.03219179420420783,0.026332419204207827,False,False,False,False,False,False,False,True,True,True,True,True
qft_5_Mutant_Remove_cp_P8_Q2.qasm,PureState_0,0,1,0.02290292369542524,0.018127596471776197,0.022898821426429253,0.018126741015971854,0.0,0.001761022474257275,1.0000000000000058,0.9653716466763921,0.0063476562500000035,0.0063476562500000035,False,False,False,False,False,False,False,True,False,True,False,False
qft_5_Mutant_Remove_cp_P8_Q2.qasm,Quratest_0,0,1,0.26012608560043415,0.2503757247979278,0.2530488150332172,0.24213945040130158,0.1850770015253585,0.19273538579322355,0.5650234540613615,0.546402161330109,0.10711647380181918,0.10858131755181918,False,False,True,True,True,True,True,True,True,True,True,True
qft_5_Mutant_Remove_cp_P8_Q2.qasm,PureState_1,0,1,0.018568016525278713,0.022252465544981496,0.01856698695827734,0.022249043099735123,0.0,0.0017610224742573809,1.0000000000000058,0.9659122688346612,0.006347656250000024,0.006347656250000024,False,False,False,False,False,False,False,True,False,True,False,False
qft_5_Mutant_Remove_cp_P8_Q2.qasm,Quratest_1,0,1,0.2780958640333161,0.272130563346351,0.2663445843388994,0.2619310432780328,0.1973961794111094,0.20150874791224174,0.6584287778775961,0.6346256245438486,0.011305871263769827,0.0059347775137698275,False,False,True,True,True,True,True,True,True,True,False,False
qft_5_Mutant_Remove_cp_P8_Q2.qasm,PureState_2,0,1,0.014280054693169534,0.0173598938788567,0.014279362009168108,0.01735875530144092,2.0816681711721685e-17,0.0017610224742573462,0.5000000000000043,0.4831939488968408,0.00634765625,0.00634765625,False,False,False,False,False,False,False,True,True,True,False,False
qft_5_Mutant_Remove_cp_P8_Q2.qasm,Quratest_2,0,1,0.2825559109291145,0.2894010165163338,0.27746139056817015,0.2838397577490525,0.2633636680609636,0.2694629065958923,0.5231789400076421,0.50390745108203,0.058140734918257664,0.09525010991825766,False,False,True,True,True,True,True,True,True,True,True,True
qft_5_Mutant_Remove_cp_P8_Q2.qasm,PureState_3,0,1,0.0208478674728012,0.020658912073043798,0.02084632568717819,0.020656922993364992,2.2551405187698492e-17,0.0017610224742572005,0.5000000000000037,0.48177597057576016,0.006347656250000021,0.006347656250000021,False,False,False,False,False,False,False,True,True,True,False,False
qft_5_Mutant_Remove_cp_P8_Q2.qasm,Quratest_3,0,1,0.13927984493200277,0.15585388256800625,0.13872355268571607,0.15416672715695096,0.1348018759497504,0.1417640073097997,0.9485057184314727,0.9125627555180469,0.06585281721956587,0.08245437971956587,False,False,True,True,True,True,True,True,True,True,True,True
qft_5_Mutant_Remove_cp_P8_Q2.qasm,PureState_4,0,1,0.020065119688881073,0.017431743744232887,0.020063089039743,0.01743066881045301,0.0,0.0017610224742574607,1.0000000000000053,0.9640311290667122,0.006347656249999955,0.006347656249999955,False,False,False,False,False,False,False,True,False,True,False,False
qft_5_Mutant_Remove_cp_P8_Q2.qasm,Quratest_4,0,1,0.2248503104386023,0.22620984849765763,0.223435063348515,0.22464451394661994,0.27226939793311594,0.27514800156166624,0.8799006401860866,0.8456087449746262,0.11415844653604526,0.06826000903604526,False,False,True,True,True,True,True,True,True,True,True,True
qft_5_Mutant_Remove_cp_P8_Q2.qasm,PureState_5,0,1,0.016592529306900194,0.018712507398253756,0.016591495582902935,0.01871131115517626,1.5612511283791264e-17,0.0017610224742572438,0.500000000000003,0.48276460804918425,0.006347656250000017,0.006347656250000017,False,False,False,False,False,False,False,True,True,True,False,False
qft_5_Mutant_Remove_cp_P8_Q2.qasm,Quratest_5,0,1,0.1125343976987359,0.1275060018305446,0.11200415405852075,0.12664956009001205,0.13068271912691606,0.1386252992624613,0.9702065366005136,0.9311010945907839,0.02676264800248998,0.02090327300248998,False,False,True,True,True,True,True,True,True,True,True,True
qft_5_Mutant_Remove_cp_P8_Q2.qasm,PureState_6,0,1,0.023498766585304462,0.021219264116952675,0.023495849273662398,0.02121760669521297,0.0,0.0017610224742572664,1.0000000000000067,0.9629742348453425,0.006347656249999955,0.006347656249999955,False,False,False,False,False,False,False,True,False,True,False,False
qft_5_Mutant_Remove_cp_P8_Q2.qasm,Quratest_6,0,1,0.05466566341542998,0.08815490831782835,0.05462122365854225,0.08667101091493087,0.056041085406335,0.06209145360888086,0.9928841066311462,0.9534950834012657,0.007938837910931196,0.036494755839068804,False,False,True,True,True,True,True,True,True,True,False,True
qft_5_Mutant_Remove_cp_P8_Q2.qasm,PureState_7,0,1,0.019099085520610393,0.01931827220125707,0.019097929339123805,0.019316948550541464,1.3877787807814457e-17,0.0017610224742571883,0.5000000000000044,0.4829744490732146,0.006347656249999993,0.006347656249999993,False,False,False,False,False,False,False,True,True,True,False,False
qft_5_Mutant_Remove_cp_P8_Q2.qasm,Quratest_7,0,1,0.06507805440867594,0.0724798580332501,0.0650289312499924,0.07228494047471629,0.07350182842026484,0.07814284825958799,0.990660105451692,0.9548950603422739,0.01869946366210544,0.01235180741210544,False,False,True,True,True,True,True,True,True,True,True,True
qft_5_Mutant_Remove_cp_P8_Q2.qasm,PureState_8,0,1,0.021034014553427644,0.018293642652687694,0.021031797083494046,0.018292435357871294,0.0,0.001761022474257223,1.0000000000000062,0.9655327495796501,0.006347656249999955,0.006347656249999955,False,False,False,False,False,False,False,True,False,True,False,False
qft_5_Mutant_Remove_cp_P8_Q2.qasm,Quratest_8,0,1,0.2273153524983859,0.17595705723037242,0.2195479020458746,0.17350481260025852,0.16438847755556357,0.16635914241057093,0.5289627060304191,0.5080059928159535,0.015069716225103544,0.013116591225103544,False,False,True,True,True,True,True,True,True,True,True,True
qft_5_Mutant_Remove_cp_P8_Q2.qasm,PureState_9,0,1,0.01887809632573254,0.0160310192923754,0.018876618030957956,0.01602992290760847,2.2551405187698492e-17,0.0017610224742571935,0.5000000000000047,0.4819537378260403,0.006347656249999962,0.006347656249999962,False,False,False,False,False,False,False,True,True,True,False,False
qft_5_Mutant_Remove_cp_P8_Q2.qasm,Quratest_9,0,1,0.37807388442380624,0.37922948695506953,0.3636653552239608,0.3642767025132362,0.3714742990831031,0.37249356259068134,0.6489298805127762,0.6249027901048028,0.03165924936466861,0.03214753061466861,False,False,True,True,True,True,True,True,True,True,True,True
qft_5_Mutant_Remove_cp_P8_Q2.qasm,PureState_10,0,1,0.016274275273878806,0.01814125669715744,0.016273358789649556,0.018140144052411992,6.938893903907228e-18,0.0017610224742575283,0.500000000000004,0.48219334398681774,0.006347656250000014,0.006347656250000014,False,False,False,False,False,False,False,True,True,True,False,False
qft_5_Mutant_Remove_cp_P8_Q2.qasm,Quratest_10,0,1,0.08083888212787371,0.08060410060484959,0.08068675069401372,0.08045595734430666,0.05514375088903218,0.06507957984639676,0.9878901285686692,0.946054803008733,0.042625441058470145,0.038719191058470145,False,False,True,True,True,True,True,True,True,True,True,True
qft_5_Mutant_Remove_cp_P8_Q2.qasm,PureState_11,0,1,0.017791310390764203,0.016845685179271958,0.017790108319365585,0.016844478613519096,1.0408340855860843e-17,0.0017610224742572369,0.5000000000000047,0.4831676118049092,0.006347656250000017,0.006347656250000017,False,False,False,False,False,False,False,True,True,True,False,False
qft_5_Mutant_Remove_cp_P8_Q2.qasm,Quratest_11,0,1,0.28763491293425225,0.2927142043888083,0.2798947034764917,0.28460686226831056,0.23278193456950994,0.23655249953677998,0.6484106261080645,0.622314669711888,0.0034179687499941,0.0029296874999941,False,False,True,True,True,True,True,True,True,True,False,False
qft_5_Mutant_Remove_cp_P8_Q2.qasm,PureState_12,0,1,0.019452290521309486,0.018684765667949608,0.01945009102941012,0.01868350136804998,0.0,0.0017610224742573288,1.000000000000007,0.9661367480982284,0.006347656250000045,0.006347656250000045,False,False,False,False,False,False,False,True,False,True,False,False
qft_5_Mutant_Remove_cp_P8_Q2.qasm,Quratest_12,0,1,0.22121411247006734,0.23927943900465914,0.21589154168782207,0.2303711508094073,0.17064979871762845,0.17772871225724374,0.7479724254713466,0.7207541626551637,0.03855296146274639,0.0737092114627464,False,False,True,True,True,True,True,True,True,True,True,True
qft_5_Mutant_Remove_cp_P8_Q2.qasm,PureState_13,0,1,0.020105225436602987,0.020544213803526754,0.02010343143182207,0.020542617881189086,0.0,0.001761022474257407,1.0000000000000067,0.9661591735659442,0.00634765624999999,0.00634765624999999,False,False,False,False,False,False,False,True,False,True,False,False
qft_5_Mutant_Remove_cp_P8_Q2.qasm,Quratest_13,0,1,0.02661117843686582,0.052430732220990796,0.026601279999119983,0.052310299555758874,0.029048138487922526,0.03983935110183973,0.9982091573113026,0.9614249986967454,0.017598872575071783,0.022440189924928217,False,False,False,True,False,True,True,True,True,True,True,True
qft_5_Mutant_Remove_cp_P8_Q2.qasm,PureState_14,0,1,0.0179783443198402,0.01813848614033935,0.01797618865773509,0.018136761814251695,1.9081958235744878e-17,0.0017610224742573444,0.5000000000000036,0.4835195449390787,0.0063476562500000035,0.0063476562500000035,False,False,False,False,False,False,False,True,True,True,False,False
qft_5_Mutant_Remove_cp_P8_Q2.qasm,Quratest_14,0,1,0.15927970307654205,0.17750925261042586,0.15817098928059284,0.1754116813653878,0.15607420551795978,0.16858200924915628,0.5100479636838997,0.49480589853153584,0.020864132518185197,0.0387061799818148,False,False,True,True,True,True,True,True,True,True,True,True
qft_5_Mutant_Remove_cp_P8_Q2.qasm,PureState_15,0,1,0.017900999980132146,0.0198012612601211,0.01789949296198627,0.019799526740356992,0.0,0.001761022474257485,1.0000000000000058,0.9638036020141754,0.0063476562500000035,0.0063476562500000035,False,False,False,False,False,False,False,True,False,True,False,False
qft_5_Mutant_Remove_cp_P8_Q2.qasm,Quratest_15,0,1,0.19510858789832733,0.19651726974034767,0.18909830286446255,0.1905352861379846,0.12251949381568061,0.131406254344774,0.7651434333858985,0.7362299254037008,0.007358987045792173,0.018589455795792173,False,False,True,True,True,True,True,True,True,True,False,True
qft_5_Mutant_Add_ch_P10_Q4_[].qasm,PureState_0,0,1,0.2236001814866181,0.17449187690890952,0.21229744094095337,0.1715956074326116,0.16018221548384418,0.16040169343310434,0.7285533905932788,0.7025807478656192,0.018554687499999997,0.010253906249999997,False,False,True,True,True,True,True,True,True,True,True,False
qft_5_Mutant_Add_ch_P10_Q4_[].qasm,Quratest_0,0,1,0.4461232943928771,0.40902910166172507,0.4143467627110351,0.38925831562414587,0.40355207250350444,0.4086128765301721,0.012946355538436328,0.01479792561531108,0.3786008488018192,0.3361203800518192,False,False,True,True,True,True,True,True,True,True,True,True
qft_5_Mutant_Add_ch_P10_Q4_[].qasm,PureState_1,0,1,0.2177926476637688,0.17965489897216738,0.20786570647641608,0.17629049708189554,0.16018221548384415,0.1602819621185136,0.02144660940672755,0.03141561511277689,0.04492187500000003,0.05371093750000003,False,False,True,True,True,True,True,True,True,True,True,True
qft_5_Mutant_Add_ch_P10_Q4_[].qasm,Quratest_1,0,1,0.21016290952976172,0.17834515549851013,0.19750571624413985,0.17216091012847523,0.09754117707104282,0.10161760564732547,0.8466568957925837,0.8148700227683565,0.05412381623623017,0.021408972486230173,False,False,True,True,True,True,True,True,True,True,True,True
qft_5_Mutant_Add_ch_P10_Q4_[].qasm,PureState_2,0,1,0.22668526392465077,0.17000038665442163,0.21495564012657067,0.16721051538546197,0.1601822154838441,0.16028196211851325,0.021446609406727473,0.031419627186824596,0.044921875,0.0537109375,False,False,True,True,True,True,True,True,True,True,True,True
qft_5_Mutant_Add_ch_P10_Q4_[].qasm,Quratest_2,0,1,0.2274933915707453,0.2135853636419831,0.22113021065549662,0.20919767331382405,0.1505385480205938,0.1608801377365518,0.2192513843441762,0.21813138675398458,0.050257702581742336,0.026820202581742336,False,False,True,True,True,True,True,True,True,True,True,True
qft_5_Mutant_Add_ch_P10_Q4_[].qasm,PureState_3,0,1,0.2221715441084067,0.17458054854747485,0.20925886236768504,0.1716107239053303,0.1601822154838442,0.16028196211851325,0.021446609406727424,0.031391165315917124,0.04492187500000002,0.05371093750000002,False,False,True,True,True,True,True,True,True,True,True,True
qft_5_Mutant_Add_ch_P10_Q4_[].qasm,Quratest_3,0,1,0.2128828402124913,0.21143419836267116,0.20592122056892986,0.20512587231633064,0.18695890995594672,0.19257349462446277,0.034730327694128385,0.04505152476651143,0.17229812971956587,0.16936844221956587,False,False,True,True,True,True,True,True,True,True,True,True
qft_5_Mutant_Add_ch_P10_Q4_[].qasm,PureState_4,0,1,0.22600820405521027,0.17367469634403349,0.21299813061210546,0.17078172454302132,0.16018221548384415,0.16040169343310423,0.7285533905932791,0.70134284294072,0.018554687500000045,0.010253906250000045,False,False,True,True,True,True,True,True,True,True,True,False
qft_5_Mutant_Add_ch_P10_Q4_[].qasm,Quratest_4,0,1,0.2747548939284258,0.2633520375409903,0.2686243305556079,0.25783947094702064,0.27155752770485386,0.275246753648289,1.3563452020066926e-05,0.0033052142409888525,0.06113452221395474,0.08017749096395474,False,False,True,True,True,True,True,True,True,True,True,True
qft_5_Mutant_Add_ch_P10_Q4_[].qasm,PureState_5,0,1,0.23159637018715215,0.17899507530292388,0.21906254831703487,0.1756471515063555,0.1601822154838442,0.1602819621185133,0.021446609406727376,0.0316546660201185,0.044921875000000014,0.053710937500000014,False,False,True,True,True,True,True,True,True,True,True,True
qft_5_Mutant_Add_ch_P10_Q4_[].qasm,Quratest_5,0,1,0.25258148267540803,0.2429581407391,0.24595223258660218,0.23649721902963422,0.20193433495494262,0.20903365082758382,0.3137692497124592,0.30314032060266494,0.06698735199751002,0.08505375824751002,False,False,True,True,True,True,True,True,True,True,True,True
qft_5_Mutant_Add_ch_P10_Q4_[].qasm,PureState_6,0,1,0.2264177151047337,0.17734430627156283,0.21421519054725124,0.17378563167135466,0.16018221548384418,0.1604016934331043,0.7285533905932792,0.7005823308753916,0.018554687500000045,0.010253906250000045,False,False,True,True,True,True,True,True,True,True,True,False
qft_5_Mutant_Add_ch_P10_Q4_[].qasm,Quratest_6,0,1,0.26747570120148256,0.2751116782348853,0.25958565518533105,0.26639196726206915,0.2697839266316026,0.2749898379499568,0.4935203465523446,0.47316532365257735,0.3236041308390688,0.3172564745890688,False,False,True,True,True,True,True,True,True,True,True,True
qft_5_Mutant_Add_ch_P10_Q4_[].qasm,PureState_7,0,1,0.22698959479308234,0.17166362738750798,0.21395906447957383,0.16849903491504079,0.16018221548384415,0.16040169343310393,0.7285533905932791,0.7023648881223463,0.018554687500000007,0.010253906250000007,False,False,True,True,True,True,True,True,True,True,True,False
qft_5_Mutant_Add_ch_P10_Q4_[].qasm,Quratest_7,0,1,0.20050276807760273,0.14729486769521047,0.193551756730382,0.14560104663879017,0.16286179503242956,0.16504111701461838,0.393987235528866,0.3872304144675461,0.09828930741210544,0.07729321366210544,False,False,True,True,True,True,True,True,True,True,True,True
qft_5_Mutant_Add_ch_P10_Q4_[].qasm,PureState_8,0,1,0.2200425780977267,0.1749699627960048,0.2102547843675825,0.17206256584421117,0.16018221548384415,0.16040169343310418,0.7285533905932784,0.702699771271106,0.018554687500000045,0.010253906250000045,False,False,True,True,True,True,True,True,True,True,True,False
qft_5_Mutant_Add_ch_P10_Q4_[].qasm,Quratest_8,0,1,0.2642811108536474,0.25916379754864083,0.26001315779990575,0.254997558155303,0.2921535343211676,0.2935488385482165,0.12305448802222058,0.1210948967329494,0.036065809975103544,0.055597059975103544,False,False,True,True,True,True,True,True,True,True,True,True
qft_5_Mutant_Add_ch_P10_Q4_[].qasm,PureState_9,0,1,0.2202003537848525,0.16100063872940842,0.20916079806388518,0.15881842359448087,0.16018221548384418,0.16040169343310395,0.7285533905932791,0.7005122122511932,0.018554687500000038,0.010253906250000038,False,False,True,True,True,True,True,True,True,True,True,False
qft_5_Mutant_Add_ch_P10_Q4_[].qasm,Quratest_9,0,1,0.10571324763158442,0.08264650134851248,0.1039844529076024,0.0816742040361646,0.07580776483500606,0.08168449766608406,0.007823394553281435,0.022021995828691333,0.0887881556146686,0.0873233118646686,False,False,True,True,True,True,True,True,True,True,True,True
qft_5_Mutant_Add_ch_P10_Q4_[].qasm,PureState_10,0,1,0.2262594289482454,0.1675055507379615,0.21256108646872707,0.16512697677113866,0.16018221548384415,0.16028196211851348,0.021446609406727483,0.0310717533196979,0.044921875000000014,0.053710937500000014,False,False,True,True,True,True,True,True,True,True,True,True
qft_5_Mutant_Add_ch_P10_Q4_[].qasm,Quratest_10,0,1,0.2643328924118271,0.21492158917169857,0.24833884307928228,0.21071382862591376,0.1869907086013089,0.19685688871138773,0.7251500027089647,0.6936691311058586,0.13266752769152984,0.09360502769152985,False,False,True,True,True,True,True,True,True,True,True,True
qft_5_Mutant_Add_ch_P10_Q4_[].qasm,PureState_11,0,1,0.22056651788017312,0.17176539517341846,0.20839628988794867,0.1686277786577503,0.16018221548384415,0.1604016934331039,0.7285533905932781,0.7025327624180956,0.018554687499999983,0.010253906249999983,False,False,True,True,True,True,True,True,True,True,True,False
qft_5_Mutant_Add_ch_P10_Q4_[].qasm,Quratest_11,0,1,0.2153051478770485,0.17253367988539164,0.20243698259153342,0.1697436026140263,0.1468758974201566,0.15740316403192248,0.7647652008976811,0.7312594989504848,0.0483398437499941,0.0454101562499941,False,False,True,True,True,True,True,True,True,True,True,True
qft_5_Mutant_Add_ch_P10_Q4_[].qasm,PureState_12,0,1,0.22444127052655966,0.1723576178602027,0.212033364491238,0.16968486658510556,0.16018221548384415,0.16040169343310431,0.7285533905932786,0.7031259125960742,0.018554687499999955,0.010253906249999955,False,False,True,True,True,True,True,True,True,True,True,False
qft_5_Mutant_Add_ch_P10_Q4_[].qasm,Quratest_12,0,1,0.26098273351963264,0.2605087710262278,0.25490832185510454,0.2520380335096851,0.28964715809349517,0.2950656312870825,0.45910269777505497,0.44378628262345315,0.2392365552127464,0.2548615552127464,False,False,True,True,True,True,True,True,True,True,True,True
qft_5_Mutant_Add_ch_P10_Q4_[].qasm,PureState_13,0,1,0.21851472527852178,0.17593092915347552,0.20838013580977616,0.172879509428023,0.16018221548384415,0.1604016934331044,0.7285533905932784,0.7031443986645155,0.01855468750000001,0.01025390625000001,False,False,True,True,True,True,True,True,True,True,True,False
qft_5_Mutant_Add_ch_P10_Q4_[].qasm,Quratest_13,0,1,0.382888541180587,0.3403961694565591,0.3695739632286002,0.3324531151196548,0.401048218760795,0.4027308267177646,0.12273242754221697,0.11970958205427149,0.5356237836749282,0.46824097117492824,False,False,True,True,True,True,True,True,True,True,True,True
qft_5_Mutant_Add_ch_P10_Q4_[].qasm,PureState_14,0,1,0.22896193328777606,0.16843314352037222,0.2160780981698973,0.16546676820540365,0.16018221548384412,0.16040169343310406,0.7285533905932778,0.7030332543257447,0.018554687499999997,0.010253906249999997,False,False,True,True,True,True,True,True,True,True,True,False
qft_5_Mutant_Add_ch_P10_Q4_[].qasm,Quratest_14,0,1,0.040057698431219584,0.08065798935576746,0.03713996681251478,0.07746154343391967,0.0021374202120861743,0.020094273283751466,0.9914740287053391,0.9579141444934104,0.0355125700181852,0.0401710237318148,False,False,False,True,False,True,True,True,True,True,True,True
qft_5_Mutant_Add_ch_P10_Q4_[].qasm,PureState_15,0,1,0.22452397676591512,0.18183815582345217,0.213588711335455,0.17822432807131444,0.16018221548384412,0.16028196211851364,0.02144660940672754,0.03110350045471215,0.044921875,0.0537109375,False,False,True,True,True,True,True,True,True,True,True,True
qft_5_Mutant_Add_ch_P10_Q4_[].qasm,Quratest_15,0,1,0.08164099854660148,0.07098517197828268,0.07947658398659732,0.07060157021907792,0.02801612989036375,0.04138727768690966,0.6053425918022117,0.5881980485204349,0.027308981704207827,0.024867575454207827,False,False,True,True,True,True,True,True,True,True,True,True
qft_5_Mutant_Replace_s_P0_Q4_[].qasm,PureState_0,0,1,0.5414381734492814,0.447715252898205,0.4647420555157186,0.42117132447789984,0.4999999999999999,0.48504825330459983,0.5000000000000037,0.4895093602192749,0.0068359374999999965,0.009765624999999997,False,False,True,True,True,True,True,True,True,True,False,False
qft_5_Mutant_Replace_s_P0_Q4_[].qasm,Quratest_0,0,1,0.4935650195194175,0.4962271186745709,0.43734382498556373,0.4400856971560998,0.46413556483103646,0.4635713124554711,0.5345781774589791,0.5213918659841004,0.019225848801819184,0.038757098801819184,False,False,True,True,True,True,True,True,True,True,True,True
qft_5_Mutant_Replace_s_P0_Q4_[].qasm,PureState_1,0,1,0.5410887372573205,0.44263700237935616,0.46442131955018245,0.4178192183952667,0.49999999999999983,0.4818835735001533,0.5000000000000043,0.4896588971852156,0.006835937500000024,0.011230468750000024,False,False,True,True,True,True,True,True,True,True,False,False
qft_5_Mutant_Replace_s_P0_Q4_[].qasm,Quratest_1,0,1,0.38307776621525064,0.3350535871582898,0.35842087852920573,0.32197478837857835,0.36843267915649514,0.3498919076831848,0.6142573609295711,0.5980149980475514,0.17570584748623017,0.14201444123623017,False,False,True,True,True,True,True,True,True,True,True,True
qft_5_Mutant_Replace_s_P0_Q4_[].qasm,PureState_2,0,1,0.5412511201736899,0.437299609374706,0.4645744935979415,0.4139488505226781,0.4999999999999999,0.4818835735001534,0.5000000000000041,0.4894691208490457,0.0068359375,0.01123046875,False,False,True,True,True,True,True,True,True,True,False,False
qft_5_Mutant_Replace_s_P0_Q4_[].qasm,Quratest_2,0,1,0.3550707047082028,0.3105588730919909,0.3350818391411957,0.29991137220714864,0.3404344757074212,0.32209696704337604,0.6341043677498189,0.6157250900402895,0.052699108831742336,0.024378796331742336,False,False,True,True,True,True,True,True,True,True,True,True
qft_5_Mutant_Replace_s_P0_Q4_[].qasm,PureState_3,0,1,0.5412567829506311,0.4495007287780488,0.4645929682590263,0.42248962157578196,0.4999999999999999,0.4850482533045998,0.5000000000000032,0.4891805455698704,0.006835937499999979,0.00976562499999998,False,False,True,True,True,True,True,True,True,True,False,False
qft_5_Mutant_Replace_s_P0_Q4_[].qasm,Quratest_3,0,1,0.5420789784286612,0.5074318030307872,0.510503496939016,0.48363139223314283,0.6279729655073575,0.609759490317158,0.3556499545918987,0.34928442299815243,0.2562825047195659,0.22796219221956587,False,False,True,True,True,True,True,True,True,True,True,True
qft_5_Mutant_Replace_s_P0_Q4_[].qasm,PureState_4,0,1,0.5411022811322465,0.441072082325688,0.4644362803759174,0.41650792240330325,0.4999999999999999,0.4818835735001535,0.5000000000000043,0.4877000362151659,0.006835937499999955,0.011230468749999955,False,False,True,True,True,True,True,True,True,True,False,False
qft_5_Mutant_Replace_s_P0_Q4_[].qasm,Quratest_4,0,1,0.04339968457853304,0.06428468379477191,0.04337290673874597,0.06416795598368312,0.04461545832312967,0.052865334502258936,0.9842931661441613,0.9456921351050016,0.02968579028604526,0.0033186027860452605,False,False,True,True,True,True,True,True,True,True,True,False
qft_5_Mutant_Replace_s_P0_Q4_[].qasm,PureState_5,0,1,0.5411264942377891,0.4508090125361545,0.4644627520077112,0.4234166285675328,0.4999999999999998,0.48504825330459966,0.5000000000000036,0.4891337103627886,0.006835937499999983,0.009765624999999983,False,False,True,True,True,True,True,True,True,True,False,False
qft_5_Mutant_Replace_s_P0_Q4_[].qasm,Quratest_5,0,1,0.4456539837452725,0.43855752526697467,0.41781515962849963,0.4113445592718174,0.38823012555944647,0.3886150910535648,0.3035664020261731,0.2999816690806831,0.07040532074751002,0.06796391449751002,False,False,True,True,True,True,True,True,True,True,True,True
qft_5_Mutant_Replace_s_P0_Q4_[].qasm,PureState_6,0,1,0.5411534970817543,0.45194786367131456,0.4644927798496251,0.42403712779225944,0.49999999999999983,0.4850482533046,0.500000000000004,0.48930064590970873,0.006835937500000045,0.009765625000000045,False,False,True,True,True,True,True,True,True,True,False,False
qft_5_Mutant_Replace_s_P0_Q4_[].qasm,Quratest_6,0,1,0.17911727156976368,0.18421022071348794,0.17528969816652754,0.18136577142050223,0.18541902709712577,0.18729465507444543,0.6390088887086016,0.6178346694877453,0.1737017870890688,0.1981158495890688,False,False,True,True,True,True,True,True,True,True,True,True
qft_5_Mutant_Replace_s_P0_Q4_[].qasm,PureState_7,0,1,0.5410885217851843,0.44397022968707595,0.4644343258707855,0.41855363131107504,0.4999999999999997,0.48504825330459983,0.5000000000000036,0.4893483415945009,0.006835937500000007,0.009765625000000007,False,False,True,True,True,True,True,True,True,True,False,False
qft_5_Mutant_Replace_s_P0_Q4_[].qasm,Quratest_7,0,1,0.1484738497174404,0.15769628966540689,0.14626914877083794,0.15561503712978783,0.1252705235124597,0.12981312096660722,0.7247217227983322,0.7032076072184661,0.0037614738378945606,0.0016096199121054394,False,False,True,True,True,True,True,True,True,True,False,False
qft_5_Mutant_Replace_s_P0_Q4_[].qasm,PureState_8,0,1,0.5410603957597175,0.45013791151943217,0.4643902480150019,0.4230032126715279,0.4999999999999999,0.48504825330459983,0.5000000000000047,0.489631709164666,0.006835937500000045,0.009765625000000045,False,False,True,True,True,True,True,True,True,True,False,False
qft_5_Mutant_Replace_s_P0_Q4_[].qasm,Quratest_8,0,1,0.5275312257414243,0.505081842389173,0.5124901883870208,0.49220220196701936,0.6864117787206673,0.6711263262402394,0.2882440958704081,0.28434933218542247,0.061456434975103544,0.055597059975103544,False,False,True,True,True,True,True,True,True,True,True,True
qft_5_Mutant_Replace_s_P0_Q4_[].qasm,PureState_9,0,1,0.5410715358392421,0.4458672664723938,0.46440259526862715,0.4199730030791845,0.49999999999999994,0.4850482533045999,0.5000000000000041,0.48924114618674497,0.006835937500000038,0.009765625000000038,False,False,True,True,True,True,True,True,True,True,False,False
qft_5_Mutant_Replace_s_P0_Q4_[].qasm,Quratest_9,0,1,0.3039784687157428,0.2971633848560531,0.28167321026155834,0.27475987317175454,0.197977112161116,0.19896229710217161,0.2773951906582669,0.27655856716036986,0.03556549936466861,0.020428780614668608,False,False,True,True,True,True,True,True,True,True,True,True
qft_5_Mutant_Replace_s_P0_Q4_[].qasm,PureState_10,0,1,0.5409768506532818,0.4463156458507993,0.4643367788486122,0.4203479044581933,0.4999999999999998,0.4818835735001532,0.5000000000000037,0.487346446332197,0.006835937500000014,0.011230468750000014,False,False,True,True,True,True,True,True,True,True,False,False
qft_5_Mutant_Replace_s_P0_Q4_[].qasm,Quratest_10,0,1,0.28769392296105667,0.28321970279552905,0.28046493186824223,0.27785459949486996,0.32017587708794304,0.3161683278108982,0.27671713825640437,0.27188831686779,0.044578566058470145,0.049461378558470145,False,False,True,True,True,True,True,True,True,True,True,True
qft_5_Mutant_Replace_s_P0_Q4_[].qasm,PureState_11,0,1,0.5410762535692728,0.4458222731310686,0.4644076829586174,0.4198666193877301,0.4999999999999999,0.4850482533045998,0.5000000000000044,0.48949303437991254,0.006835937499999983,0.009765624999999983,False,False,True,True,True,True,True,True,True,True,False,False
qft_5_Mutant_Replace_s_P0_Q4_[].qasm,Quratest_11,0,1,0.4015885617965567,0.38693871522077333,0.38961555814544063,0.37661705787986255,0.47325073893957026,0.46355098177153325,0.2765709652574845,0.2708755891426522,0.0034179687499941,0.0014648437500058996,False,False,True,True,True,True,True,True,True,True,False,False
qft_5_Mutant_Replace_s_P0_Q4_[].qasm,PureState_12,0,1,0.541122962304506,0.44607629492360845,0.4644588512001419,0.42007096604973226,0.4999999999999999,0.4818835735001535,0.5000000000000048,0.4897129386078451,0.006835937500000045,0.011230468750000045,False,False,True,True,True,True,True,True,True,True,False,False
qft_5_Mutant_Replace_s_P0_Q4_[].qasm,Quratest_12,0,1,0.4351937630423634,0.44584158179288186,0.397512705177444,0.40671850685620503,0.4139751339658625,0.41512159827431566,0.5786245884579505,0.561779558098317,0.2587678052127464,0.2758576489627464,False,False,True,True,True,True,True,True,True,True,True,True
qft_5_Mutant_Replace_s_P0_Q4_[].qasm,PureState_13,0,1,0.5411364432204598,0.4393637735268175,0.46447372847599433,0.41542672289310045,0.4999999999999999,0.48188357350015343,0.5000000000000047,0.4897740402351241,0.00683593749999999,0.01123046874999999,False,False,True,True,True,True,True,True,True,True,False,False
qft_5_Mutant_Replace_s_P0_Q4_[].qasm,Quratest_13,0,1,0.23627519145243647,0.2483496956198399,0.23056279876213548,0.24206728590664914,0.2373836954179194,0.24302335905540443,0.6936489811497379,0.6706124758632847,0.04001831492492822,0.06394409617492822,False,False,True,True,True,True,True,True,True,True,True,True
qft_5_Mutant_Replace_s_P0_Q4_[].qasm,PureState_14,0,1,0.5411215736314119,0.44059867041876766,0.46445763842368626,0.4162486067295271,0.4999999999999999,0.48188357350015343,0.5000000000000043,0.48967350222930545,0.0068359375000000035,0.011230468750000003,False,False,True,True,True,True,True,True,True,True,False,False
qft_5_Mutant_Replace_s_P0_Q4_[].qasm,Quratest_14,0,1,0.4515998063399511,0.45489093543491205,0.41059599082801196,0.41360557769298495,0.4284139270883496,0.43249061225592134,0.5664615070767429,0.5519080357777901,0.2061866487318148,0.2252296174818148,False,False,True,True,True,True,True,True,True,True,True,True
qft_5_Mutant_Replace_s_P0_Q4_[].qasm,PureState_15,0,1,0.5411188231923094,0.44002236353696045,0.46446732768964055,0.4156494584637023,0.4999999999999999,0.4818835735001531,0.5000000000000043,0.4875838449895906,0.0068359375000000035,0.011230468750000003,False,False,True,True,True,True,True,True,True,True,False,False
qft_5_Mutant_Replace_s_P0_Q4_[].qasm,Quratest_15,0,1,0.06717487583318917,0.07999041205239675,0.06704513298987427,0.0797921064038771,0.06363362847668791,0.07656087469327824,0.7459507613268958,0.7211975517598149,0.027308981704207827,0.03219179420420783,False,False,True,True,True,True,True,True,True,True,True,True
qft_5_Mutant_Replace_rz_P9_Q1_[3.9269908169872414].qasm,PureState_0,0,1,0.5410754803214073,0.49272000459759285,0.4644321972160674,0.4487490322579304,0.4999999999999999,0.49804665685989946,0.5000000000000037,0.4826921664342356,0.0068359375000000035,0.009765625000000003,False,False,True,True,True,True,True,True,True,True,False,False
qft_5_Mutant_Replace_rz_P9_Q1_[3.9269908169872414].qasm,Quratest_0,0,1,0.36085578576705724,0.3528236526743153,0.3532681859116064,0.3429653995619265,0.45998379481489826,0.4626211589415216,0.42684850578301975,0.4129500925576798,0.2584836613018192,0.23309303630181918,False,False,True,True,True,True,True,True,True,True,True,True
qft_5_Mutant_Replace_rz_P9_Q1_[3.9269908169872414].qasm,PureState_1,0,1,0.541102275751127,0.4865703931571169,0.4644361252986851,0.4454012693808498,0.4999999999999999,0.498046656859899,0.5000000000000047,0.48301102730144835,0.006835937500000024,0.009765625000000024,False,False,True,True,True,True,True,True,True,True,False,False
qft_5_Mutant_Replace_rz_P9_Q1_[3.9269908169872414].qasm,Quratest_1,0,1,0.31699320604376574,0.30930182124917993,0.3032662575001184,0.2950184616967173,0.33914942661286596,0.33829912811272617,0.49580258013861306,0.47870891336795013,0.11238009001376983,0.09724337126376983,False,False,True,True,True,True,True,True,True,True,True,True
qft_5_Mutant_Replace_rz_P9_Q1_[3.9269908169872414].qasm,PureState_2,0,1,0.541129452098069,0.4863054010716163,0.464465727553004,0.44461565509589,0.49999999999999983,0.4973739672741504,0.5000000000000041,0.4830946674744183,0.0068359375,0.0126953125,False,False,True,True,True,True,True,True,True,True,False,True
qft_5_Mutant_Replace_rz_P9_Q1_[3.9269908169872414].qasm,Quratest_2,0,1,0.34718602132476595,0.3447488850322594,0.3390207176419472,0.3367837371722242,0.36636640994154207,0.3627129983605127,0.6437579726593807,0.6194737943995648,0.042027453668257664,0.06302354741825766,False,False,True,True,True,True,True,True,True,True,True,True
qft_5_Mutant_Replace_rz_P9_Q1_[3.9269908169872414].qasm,PureState_3,0,1,0.5411464764682768,0.48529035288150923,0.46448479159710804,0.445069539042421,0.4999999999999999,0.4973739672741506,0.5000000000000039,0.48177144879742784,0.006835937499999979,0.01269531249999998,False,False,True,True,True,True,True,True,True,True,False,True
qft_5_Mutant_Replace_rz_P9_Q1_[3.9269908169872414].qasm,Quratest_3,0,1,0.4019945188489579,0.39946930234981703,0.38827130805882965,0.38604712178415385,0.45844153045882563,0.4565193054828044,0.42878811397856714,0.412724633802263,0.10992843278043413,0.07574874528043413,False,False,True,True,True,True,True,True,True,True,True,True
qft_5_Mutant_Replace_rz_P9_Q1_[3.9269908169872414].qasm,PureState_4,0,1,0.5411185849854752,0.4868980596152857,0.4644546466431211,0.44578684181494765,0.4999999999999999,0.49804665685989935,0.5000000000000048,0.4820603025527883,0.006835937499999955,0.009765624999999955,False,False,True,True,True,True,True,True,True,True,False,False
qft_5_Mutant_Replace_rz_P9_Q1_[3.9269908169872414].qasm,Quratest_4,0,1,0.30392287659069095,0.3031299726326684,0.2962748427489095,0.29595562100422573,0.3180935801849448,0.31624484060837776,0.43146724204595044,0.41509436331385907,0.01503735278604526,0.00791186596395474,False,False,True,True,True,True,True,True,True,True,True,False
qft_5_Mutant_Replace_rz_P9_Q1_[3.9269908169872414].qasm,PureState_5,0,1,0.5411773946853905,0.48632958920052943,0.46450617231199265,0.44548789912640296,0.4999999999999998,0.4973739672741506,0.5000000000000039,0.48266539986318907,0.006835937499999983,0.012695312499999983,False,False,True,True,True,True,True,True,True,True,False,True
qft_5_Mutant_Replace_rz_P9_Q1_[3.9269908169872414].qasm,Quratest_5,0,1,0.4140461069421928,0.40601103463371796,0.3918410286350058,0.3860124810911445,0.43083348732388216,0.42875629958725836,0.4585380734103928,0.4404459062415388,0.07968266449751002,0.07138188324751002,False,False,True,True,True,True,True,True,True,True,True,True
qft_5_Mutant_Replace_rz_P9_Q1_[3.9269908169872414].qasm,PureState_6,0,1,0.5410749473548937,0.4908952527353191,0.46440622034546186,0.4478245332865724,0.4999999999999999,0.49804665685989946,0.5000000000000041,0.48149404430468884,0.006835937499999955,0.009765624999999955,False,False,True,True,True,True,True,True,True,True,False,False
qft_5_Mutant_Replace_rz_P9_Q1_[3.9269908169872414].qasm,Quratest_6,0,1,0.4864104781472704,0.46848621701007664,0.44587122293408915,0.43588154241216787,0.4932852696642533,0.4911051349891019,0.4608302205888795,0.4428492194326282,0.037471318339068804,0.0755572558390688,False,False,True,True,True,True,True,True,True,True,True,True
qft_5_Mutant_Replace_rz_P9_Q1_[3.9269908169872414].qasm,PureState_7,0,1,0.5411393745344176,0.4834439421287451,0.46446431917179126,0.4439998211803201,0.4999999999999998,0.4973739672741507,0.5000000000000037,0.48288914691558443,0.006835937500000007,0.012695312500000007,False,False,True,True,True,True,True,True,True,True,False,True
qft_5_Mutant_Replace_rz_P9_Q1_[3.9269908169872414].qasm,Quratest_7,0,1,0.4766811507104676,0.4575674614834199,0.43670140939804947,0.4256010053149242,0.47486600874988016,0.4726387206159122,0.4729531083500157,0.4560602512145574,0.02455883866210544,0.01284008866210544,False,False,True,True,True,True,True,True,True,True,True,True
qft_5_Mutant_Replace_rz_P9_Q1_[3.9269908169872414].qasm,PureState_8,0,1,0.5411153426067704,0.49098059974294533,0.4644506669100567,0.4477344874176781,0.4999999999999999,0.49804665685989946,0.500000000000004,0.4828108411780019,0.006835937499999955,0.009765624999999955,False,False,True,True,True,True,True,True,True,True,False,False
qft_5_Mutant_Replace_rz_P9_Q1_[3.9269908169872414].qasm,Quratest_8,0,1,0.37226088022674914,0.31998496458733156,0.36085549519316484,0.31355655607316824,0.43356247112847623,0.42689540155965167,0.4448937827843897,0.42759407241747943,0.0009095599751035438,0.014581434975103544,False,False,True,True,True,True,True,True,True,True,False,True
qft_5_Mutant_Replace_rz_P9_Q1_[3.9269908169872414].qasm,PureState_9,0,1,0.5412450727118194,0.4881984614464597,0.4645806161983598,0.4466683370118999,0.49999999999999983,0.49737396727415084,0.500000000000004,0.4817903337946444,0.006835937500000038,0.012695312500000038,False,False,True,True,True,True,True,True,True,True,False,True
qft_5_Mutant_Replace_rz_P9_Q1_[3.9269908169872414].qasm,Quratest_9,0,1,0.2832398588754683,0.2872105058195145,0.27291526031197827,0.2766718265777769,0.2570353354728182,0.25885209351149335,0.5978065080699627,0.5750613195647207,0.014239188135331392,0.004803780614668608,False,False,True,True,True,True,True,True,True,True,True,False
qft_5_Mutant_Replace_rz_P9_Q1_[3.9269908169872414].qasm,PureState_10,0,1,0.5411335515752878,0.49398530849164274,0.46447046911400725,0.4487029390130731,0.4999999999999998,0.4973739672741504,0.500000000000004,0.4820199999758541,0.006835937499999986,0.012695312499999986,False,False,True,True,True,True,True,True,True,True,False,True
qft_5_Mutant_Replace_rz_P9_Q1_[3.9269908169872414].qasm,Quratest_10,0,1,0.4146972990942734,0.3912098406294636,0.38949046018309585,0.3723122396687184,0.41795912684022307,0.4159861032560296,0.5712283545640713,0.5470652989099021,0.14809419105847016,0.13442231605847016,False,False,True,True,True,True,True,True,True,True,True,True
qft_5_Mutant_Replace_rz_P9_Q1_[3.9269908169872414].qasm,PureState_11,0,1,0.5412631715165734,0.49018944170826256,0.4646003508415558,0.44747976203130974,0.4999999999999998,0.49737396727415073,0.5000000000000051,0.4830039151696526,0.006835937499999983,0.012695312499999983,False,False,True,True,True,True,True,True,True,True,False,True
qft_5_Mutant_Replace_rz_P9_Q1_[3.9269908169872414].qasm,Quratest_11,0,1,0.39558116879530886,0.36816815941963055,0.37724931684005186,0.35636597343898585,0.4136790682162842,0.407297212610918,0.4333431915588037,0.41703940066752515,0.0083007812500059,0.0097656250000059,False,False,True,True,True,True,True,True,True,True,False,False
qft_5_Mutant_Replace_rz_P9_Q1_[3.9269908169872414].qasm,PureState_12,0,1,0.541171577644249,0.4959554896224185,0.4645124005966642,0.45049336294774206,0.4999999999999999,0.49804665685989946,0.500000000000004,0.4831128234404416,0.006835937500000045,0.009765625000000045,False,False,True,True,True,True,True,True,True,True,False,False
qft_5_Mutant_Replace_rz_P9_Q1_[3.9269908169872414].qasm,Quratest_12,0,1,0.38508081079806716,0.38989161863486,0.37499534260568285,0.3775557331356493,0.4562046859368306,0.4562801652189399,0.5205832327154223,0.5025300915532337,0.03513499271274639,0.0673615552127464,False,False,True,True,True,True,True,True,True,True,True,True
qft_5_Mutant_Replace_rz_P9_Q1_[3.9269908169872414].qasm,PureState_13,0,1,0.541102641096634,0.4886046148442851,0.4644367176250094,0.4464765231572236,0.4999999999999999,0.49804665685989946,0.5000000000000043,0.48308590379471894,0.00683593749999999,0.00976562499999999,False,False,True,True,True,True,True,True,True,True,False,False
qft_5_Mutant_Replace_rz_P9_Q1_[3.9269908169872414].qasm,Quratest_13,0,1,0.5164347267936544,0.490904742090976,0.46054207772635225,0.4493602535098546,0.5022320479927487,0.499970033659553,0.5117989685363638,0.492976481635173,0.010721439924928217,0.04001831492492822,False,False,True,True,True,True,True,True,True,True,False,True
qft_5_Mutant_Replace_rz_P9_Q1_[3.9269908169872414].qasm,PureState_14,0,1,0.5411970054665872,0.4827166158081442,0.4645151462668716,0.44358732019674896,0.49999999999999983,0.4973739672741508,0.5000000000000043,0.48335574429724143,0.0068359374999999965,0.012695312499999997,False,False,True,True,True,True,True,True,True,True,False,True
qft_5_Mutant_Replace_rz_P9_Q1_[3.9269908169872414].qasm,Quratest_14,0,1,0.49695492032128086,0.4884752690542651,0.4802891291429743,0.4725898244451099,0.6194475227615023,0.616465192479333,0.4897421913653507,0.4744906931556187,0.0938819612318148,0.1329444612318148,False,False,True,True,True,True,True,True,True,True,True,True
qft_5_Mutant_Replace_rz_P9_Q1_[3.9269908169872414].qasm,PureState_15,0,1,0.541196002089238,0.4895566072391844,0.4645261617079125,0.446999155014982,0.4999999999999999,0.49804665685989924,0.5000000000000041,0.48200820671458994,0.0068359375000000035,0.009765625000000003,False,False,True,True,True,True,True,True,True,True,False,False
qft_5_Mutant_Replace_rz_P9_Q1_[3.9269908169872414].qasm,Quratest_15,0,1,0.40215631422985143,0.4000508244058107,0.39199548615793556,0.3895670166525815,0.49699261854730414,0.4944465299441781,0.43954899016036275,0.42471547252683167,0.05179258079579217,0.04007383079579217,False,False,True,True,True,True,True,True,True,True,True,True
qft_5_Mutant_Remove_h_P14_Q0.qasm,PureState_0,0,1,0.5409548126611646,0.3681388368913404,0.4642995396716499,0.3577865001586827,0.4999999999999999,0.4972442140309176,0.5000000000000044,0.48298504182229723,0.0068359375000000035,0.008789062500000003,False,False,True,True,True,True,True,True,True,True,False,False
qft_5_Mutant_Remove_h_P14_Q0.qasm,Quratest_0,0,1,0.4083814475809938,0.38674416824327734,0.3956314725648699,0.37342739067547936,0.4784405682732572,0.48081845659551115,0.09110162405280978,0.08971533526185202,0.3248899113018192,0.3038938175518192,False,False,True,True,True,True,True,True,True,True,True,True
qft_5_Mutant_Remove_h_P14_Q0.qasm,PureState_1,0,1,0.5411090322058593,0.368370721294387,0.4644435119383126,0.3580278120325969,0.4999999999999999,0.496989599517226,0.5000000000000044,0.4829122522233892,0.006835937499999976,0.008300781249999976,False,False,True,True,True,True,True,True,True,True,False,False
qft_5_Mutant_Remove_h_P14_Q0.qasm,Quratest_1,0,1,0.2862180855578944,0.2717968738857196,0.27795544547054085,0.2637903966206181,0.27523826649566796,0.2758133712804753,0.28626674103837396,0.2771240500933796,0.03459256623623017,0.019455847486230173,False,False,True,True,True,True,True,True,True,True,True,True
qft_5_Mutant_Remove_h_P14_Q0.qasm,PureState_2,0,1,0.5410283026086364,0.37066928980617525,0.4643549616818671,0.3600345775912344,0.4999999999999999,0.496989599517226,0.500000000000004,0.48270472466511927,0.0068359375,0.00830078125,False,False,True,True,True,True,True,True,True,True,False,False
qft_5_Mutant_Remove_h_P14_Q0.qasm,Quratest_2,0,1,0.3110501080183867,0.285414058657604,0.30492112127756504,0.2808500764218927,0.341309545789601,0.3419254108891964,0.22123313160437202,0.2139450317511357,0.014683703668257664,0.054234484918257664,False,False,True,True,True,True,True,True,True,True,True,True
qft_5_Mutant_Remove_h_P14_Q0.qasm,PureState_3,0,1,0.5410116964852286,0.3714158613654904,0.46434932584142924,0.36060063944138737,0.4999999999999999,0.49698959951722604,0.5000000000000039,0.48131729632871767,0.006835937499999979,0.00830078124999998,False,False,True,True,True,True,True,True,True,True,False,False
qft_5_Mutant_Remove_h_P14_Q0.qasm,Quratest_3,0,1,0.30422044800593895,0.2932917775177382,0.29483296165871986,0.28429855316671204,0.32799822556052255,0.3270961976742933,0.002478777029745258,0.0039036679524066214,0.11663406721956587,0.10686844221956587,False,False,True,True,True,True,True,True,True,True,True,True
qft_5_Mutant_Remove_h_P14_Q0.qasm,PureState_4,0,1,0.5410516830373948,0.36862294684659846,0.4643806551263772,0.3581201725984303,0.4999999999999999,0.49724421403091745,0.5000000000000043,0.48229839056088697,0.006835937499999955,0.008789062499999955,False,False,True,True,True,True,True,True,True,True,False,False
qft_5_Mutant_Remove_h_P14_Q0.qasm,Quratest_4,0,1,0.2710870173698137,0.2523568346455599,0.26727750052332816,0.248894592998129,0.3090952855281775,0.30837860823440827,0.16864577890886073,0.1630284485849216,0.18759936596395474,0.17978686596395474,False,False,True,True,True,True,True,True,True,True,True,True
qft_5_Mutant_Remove_h_P14_Q0.qasm,PureState_5,0,1,0.5412449899714773,0.3708479150372973,0.4645677234142194,0.36015201475598013,0.4999999999999999,0.4969895995172261,0.5000000000000036,0.4822759496510849,0.006835937499999983,0.008300781249999983,False,False,True,True,True,True,True,True,True,True,False,False
qft_5_Mutant_Remove_h_P14_Q0.qasm,Quratest_5,0,1,0.2141615847114581,0.2115089830557636,0.21082734727010577,0.20819900776395373,0.21614365461461454,0.2206162510658182,0.33730164610780344,0.324455025127204,0.12167485199751002,0.09921391449751002,False,False,True,True,True,True,True,True,True,True,True,True
qft_5_Mutant_Remove_h_P14_Q0.qasm,PureState_6,0,1,0.5411655431841857,0.36787148955398136,0.46450589717438634,0.3575247464527415,0.4999999999999999,0.4972442140309177,0.5000000000000039,0.48178557253489246,0.006835937499999955,0.008789062499999955,False,False,True,True,True,True,True,True,True,True,False,False
qft_5_Mutant_Remove_h_P14_Q0.qasm,Quratest_6,0,1,0.29421049230626223,0.2924154615962605,0.28375909868442817,0.28168438296117815,0.3160754287590698,0.3170646529340047,0.010646523645495934,0.011653631565685664,0.2337603808390688,0.2386431933390688,False,False,True,True,True,True,True,True,True,True,True,True
qft_5_Mutant_Remove_h_P14_Q0.qasm,PureState_7,0,1,0.5411888999491563,0.3718241686312587,0.4645186814528906,0.36100614037295087,0.4999999999999999,0.4972442140309176,0.5000000000000041,0.4828260128617663,0.006835937499999993,0.008789062499999993,False,False,True,True,True,True,True,True,True,True,False,False
qft_5_Mutant_Remove_h_P14_Q0.qasm,Quratest_7,0,1,0.42441943721797964,0.3335787313169198,0.40215087411694617,0.32582871387242196,0.45222322589383895,0.4491026459080554,0.4918938506193649,0.4743823946329911,0.02768725508789456,0.02231616133789456,False,False,True,True,True,True,True,True,True,True,True,True
qft_5_Mutant_Remove_h_P14_Q0.qasm,PureState_8,0,1,0.5410901273106384,0.3756540984909066,0.464422944723796,0.36427787404504014,0.4999999999999999,0.49724421403091773,0.5000000000000043,0.4830815658647397,0.006835937499999955,0.008789062499999955,False,False,True,True,True,True,True,True,True,True,False,False
qft_5_Mutant_Remove_h_P14_Q0.qasm,Quratest_8,0,1,0.322416695943561,0.2872049948941003,0.31154896349468203,0.2819661139162071,0.3415093693647298,0.3388306825240319,0.05815744957168747,0.0589775213092617,0.24700330997510356,0.21526502872510356,False,False,True,True,True,True,True,True,True,True,True,True
qft_5_Mutant_Remove_h_P14_Q0.qasm,PureState_9,0,1,0.5412132899018384,0.36964708138915153,0.4645329288500119,0.3591473233061924,0.4999999999999999,0.4972442140309176,0.5000000000000041,0.4817266924832312,0.006835937499999962,0.008789062499999962,False,False,True,True,True,True,True,True,True,True,False,False
qft_5_Mutant_Remove_h_P14_Q0.qasm,Quratest_9,0,1,0.4318078265893283,0.3506748224907439,0.4104885610267322,0.34204398817850434,0.4721846907367646,0.4692140761059389,0.4530927847251278,0.43622636513230806,0.27677643686466863,0.2220889368646686,False,False,True,True,True,True,True,True,True,True,True,True
qft_5_Mutant_Remove_h_P14_Q0.qasm,PureState_10,0,1,0.5411907847013286,0.369573210389375,0.4645082225217209,0.35899349676574516,0.4999999999999998,0.49698959951722604,0.500000000000004,0.48163515967495935,0.006835937499999986,0.008300781249999986,False,False,True,True,True,True,True,True,True,True,False,False
qft_5_Mutant_Remove_h_P14_Q0.qasm,Quratest_10,0,1,0.45781898967417134,0.39323619192933007,0.4407405433461619,0.3844738575156634,0.5413301445938569,0.5387405872669699,0.2457025188063044,0.2364015707647809,0.041160597308470145,0.048484816058470145,False,False,True,True,True,True,True,True,True,True,True,True
qft_5_Mutant_Remove_h_P14_Q0.qasm,PureState_11,0,1,0.5411815715851179,0.3689786834987637,0.4645106758897633,0.3584745885559159,0.4999999999999999,0.49724421403091773,0.5000000000000047,0.4829630660854557,0.006835937500000017,0.008789062500000017,False,False,True,True,True,True,True,True,True,True,False,False
qft_5_Mutant_Remove_h_P14_Q0.qasm,Quratest_11,0,1,0.5413711573546239,0.3729275023071582,0.464680106882468,0.3617363923771485,0.5000000000000066,0.4970990881163098,0.4999999999999907,0.47895243259867715,0.4116210937500059,0.3325195312500059,False,False,True,True,True,True,True,True,True,True,True,True
qft_5_Mutant_Remove_h_P14_Q0.qasm,PureState_12,0,1,0.541182733506998,0.37296631923555035,0.4645246811362582,0.36194469409879954,0.4999999999999999,0.4972442140309175,0.5000000000000047,0.4833835472721227,0.006835937500000045,0.008789062500000045,False,False,True,True,True,True,True,True,True,True,False,False
qft_5_Mutant_Remove_h_P14_Q0.qasm,Quratest_12,0,1,0.19166209955850708,0.20528872814594917,0.18734152844959887,0.19753267626858168,0.20141497722958948,0.20859891302508138,0.0066543859948806705,0.010355410957630172,0.2446076489627464,0.2280060864627464,False,False,True,True,True,True,True,True,True,True,True,True
qft_5_Mutant_Remove_h_P14_Q0.qasm,PureState_13,0,1,0.5410789412330645,0.37307830405694625,0.4644105966385474,0.3620721242543008,0.49999999999999994,0.4972442140309176,0.5000000000000044,0.4833788724632902,0.00683593749999999,0.00878906249999999,False,False,True,True,True,True,True,True,True,True,False,False
qft_5_Mutant_Remove_h_P14_Q0.qasm,Quratest_13,0,1,0.39183958494906923,0.33234385858854365,0.37812176953059845,0.3251130904284125,0.43766464535675,0.43487283844138286,0.4182556599662652,0.40333592946432184,0.15915893992492822,0.16013550242492822,False,False,True,True,True,True,True,True,True,True,True,True
qft_5_Mutant_Remove_h_P14_Q0.qasm,PureState_14,0,1,0.541096330385951,0.36894867404974185,0.4644296562089013,0.35852909114349385,0.4999999999999999,0.4972442140309176,0.500000000000004,0.4833147118070514,0.0068359375000000035,0.008789062500000003,False,False,True,True,True,True,True,True,True,True,False,False
qft_5_Mutant_Remove_h_P14_Q0.qasm,Quratest_14,0,1,0.4034384099929194,0.37073298125703935,0.3940884758388935,0.3635021984208101,0.48289290929546697,0.48169395828978556,0.13699119324845707,0.13381994898144922,0.4351905549818148,0.4137061799818148,False,False,True,True,True,True,True,True,True,True,True,True
qft_5_Mutant_Remove_h_P14_Q0.qasm,PureState_15,0,1,0.5412545152849473,0.36697757503163236,0.46459091924688994,0.3567321081577244,0.4999999999999999,0.4969895995172261,0.5000000000000052,0.4818496888398003,0.0068359374999999965,0.008300781249999997,False,False,True,True,True,True,True,True,True,True,False,False
qft_5_Mutant_Remove_h_P14_Q0.qasm,Quratest_15,0,1,0.42025177179724954,0.3469201329861687,0.4022212638429621,0.3391591045361152,0.4661120648358815,0.4617016582288895,0.41602378159636605,0.40118012753878696,0.1786761692042078,0.1386371067042078,False,False,True,True,True,True,True,True,True,True,True,True
qft_5_Mutant_Replace_z_P0_Q4_[].qasm,PureState_0,0,1,0.5414425168026221,0.44245963509662883,0.4647469117235923,0.4176663315310592,0.4999999999999999,0.48504825330459983,0.5000000000000037,0.4895093602192749,0.0068359374999999965,0.009765624999999997,False,False,True,True,True,True,True,True,True,True,False,False
qft_5_Mutant_Replace_z_P0_Q4_[].qasm,Quratest_0,0,1,0.5010020445490145,0.5025744939880046,0.444074666706845,0.4456432606901782,0.46413556483103646,0.4635713124554711,0.5000000000000043,0.4887099729087014,0.019225848801819184,0.038757098801819184,False,False,True,True,True,True,True,True,True,True,True,True
qft_5_Mutant_Replace_z_P0_Q4_[].qasm,PureState_1,0,1,0.5411609891317569,0.4369629565384448,0.4645010445417528,0.41345195962713405,0.49999999999999983,0.4818835735001533,0.5000000000000043,0.4896588971852156,0.006835937500000024,0.011230468750000024,False,False,True,True,True,True,True,True,True,True,False,False
qft_5_Mutant_Replace_z_P0_Q4_[].qasm,Quratest_1,0,1,0.38760369194304695,0.331928552531085,0.3603048094202039,0.31943892871983115,0.36843267915649514,0.34989190768318484,0.5000000000000037,0.48977694462117216,0.17570584748623017,0.14201444123623017,False,False,True,True,True,True,True,True,True,True,True,True
qft_5_Mutant_Replace_z_P0_Q4_[].qasm,PureState_2,0,1,0.5412907869709139,0.43666785536022495,0.46461815062926876,0.4134386753461093,0.4999999999999999,0.4818835735001534,0.5000000000000041,0.4894691208490457,0.0068359375,0.01123046875,False,False,True,True,True,True,True,True,True,True,False,False
qft_5_Mutant_Replace_z_P0_Q4_[].qasm,Quratest_2,0,1,0.3519294447033119,0.3067049170254644,0.33289035003949086,0.2965185547831279,0.3404344757074212,0.322096967043376,0.5000000000000047,0.4888038906511549,0.052699108831742336,0.024378796331742336,False,False,True,True,True,True,True,True,True,True,True,True
qft_5_Mutant_Replace_z_P0_Q4_[].qasm,PureState_3,0,1,0.5411946069680725,0.4498882137530522,0.4645247649674852,0.4228283122206226,0.4999999999999999,0.4850482533045998,0.5000000000000032,0.4891805455698704,0.006835937499999979,0.00976562499999998,False,False,True,True,True,True,True,True,True,True,False,False
qft_5_Mutant_Replace_z_P0_Q4_[].qasm,Quratest_3,0,1,0.5404052228611013,0.5115848211237269,0.5094564718178454,0.48696282055770146,0.6279729655073575,0.6097594903171579,0.5000000000000043,0.4861104810752031,0.2562825047195659,0.22796219221956587,False,False,True,True,True,True,True,True,True,True,True,True
qft_5_Mutant_Replace_z_P0_Q4_[].qasm,PureState_4,0,1,0.541130473774049,0.43592619648860303,0.4644671894653259,0.4127071285088132,0.4999999999999999,0.4818835735001535,0.5000000000000043,0.4877000362151659,0.006835937499999955,0.011230468749999955,False,False,True,True,True,True,True,True,True,True,False,False
qft_5_Mutant_Replace_z_P0_Q4_[].qasm,Quratest_4,0,1,0.04822810502525059,0.06755210103425399,0.048192535635080254,0.06745921204037576,0.04461545832312967,0.05286533450225889,0.608082566400932,0.589476348332171,0.02968579028604526,0.0033186027860452605,False,False,True,True,True,True,True,True,True,True,True,False
qft_5_Mutant_Replace_z_P0_Q4_[].qasm,PureState_5,0,1,0.5411080359952591,0.4446118066769888,0.46444264398810337,0.4191785858156411,0.4999999999999998,0.48504825330459966,0.5000000000000036,0.4891337103627886,0.006835937499999983,0.009765624999999983,False,False,True,True,True,True,True,True,True,True,False,False
qft_5_Mutant_Replace_z_P0_Q4_[].qasm,Quratest_5,0,1,0.4496834568689747,0.4392546216299629,0.4218527919464789,0.4124198467441128,0.38823012555944647,0.38861509105356473,0.5010783390733866,0.48583650488832475,0.07040532074751002,0.06796391449751002,False,False,True,True,True,True,True,True,True,True,True,True
qft_5_Mutant_Replace_z_P0_Q4_[].qasm,PureState_6,0,1,0.541065101219519,0.4508140152560486,0.46439544105736474,0.4235347987432158,0.49999999999999983,0.4850482533046,0.500000000000004,0.48930064590970873,0.006835937500000045,0.009765625000000045,False,False,True,True,True,True,True,True,True,True,False,False
qft_5_Mutant_Replace_z_P0_Q4_[].qasm,Quratest_6,0,1,0.17988746391913493,0.18066483659122873,0.17366919579974527,0.17758031573308544,0.18541902709712577,0.1872946550744454,0.5576546815636498,0.5407649849355515,0.1737017870890688,0.1981158495890688,False,False,True,True,True,True,True,True,True,True,True,True
qft_5_Mutant_Replace_z_P0_Q4_[].qasm,PureState_7,0,1,0.5410057926760582,0.4503285474450168,0.464342971511353,0.4227349679905212,0.4999999999999997,0.48504825330459983,0.5000000000000036,0.4893483415945009,0.006835937500000007,0.009765625000000007,False,False,True,True,True,True,True,True,True,True,False,False
qft_5_Mutant_Replace_z_P0_Q4_[].qasm,Quratest_7,0,1,0.14984946932691381,0.15791244165740306,0.1476986712217038,0.15559588210713818,0.1252705235124597,0.1298131209666072,0.5000000000000039,0.49083994723899954,0.0037614738378945606,0.0016096199121054394,False,False,True,True,True,True,True,True,True,True,False,False
qft_5_Mutant_Replace_z_P0_Q4_[].qasm,PureState_8,0,1,0.5410478465074317,0.4497549745101791,0.464376449160511,0.42277940974223244,0.4999999999999999,0.48504825330459983,0.5000000000000047,0.489631709164666,0.006835937500000045,0.009765625000000045,False,False,True,True,True,True,True,True,True,True,False,False
qft_5_Mutant_Replace_z_P0_Q4_[].qasm,Quratest_8,0,1,0.5283391136704035,0.5151329323206831,0.5131929484269285,0.5012225233531877,0.6864117787206673,0.6711263262402394,0.5194311656663723,0.5023286143705553,0.061456434975103544,0.055597059975103544,False,False,True,True,True,True,True,True,True,True,True,True
qft_5_Mutant_Replace_z_P0_Q4_[].qasm,PureState_9,0,1,0.5410541690927244,0.4466881353532354,0.46438344221867867,0.4206678454024836,0.49999999999999994,0.4850482533045999,0.5000000000000041,0.48924114618674497,0.006835937500000038,0.009765625000000038,False,False,True,True,True,True,True,True,True,True,False,False
qft_5_Mutant_Replace_z_P0_Q4_[].qasm,Quratest_9,0,1,0.3035973973304496,0.2958266886760832,0.2813638373245616,0.27378113197956966,0.197977112161116,0.19896229710217164,0.6476292803282144,0.6268759123448117,0.03556549936466861,0.020428780614668608,False,False,True,True,True,True,True,True,True,True,True,True
qft_5_Mutant_Replace_z_P0_Q4_[].qasm,PureState_10,0,1,0.5409649028903181,0.4419666547559339,0.46432321155892636,0.41682583399535383,0.4999999999999998,0.4818835735001532,0.5000000000000037,0.487346446332197,0.006835937500000014,0.011230468750000014,False,False,True,True,True,True,True,True,True,True,False,False
qft_5_Mutant_Replace_z_P0_Q4_[].qasm,Quratest_10,0,1,0.29156839428798076,0.2832388546785884,0.2849818924981625,0.27796297199936826,0.32017587708794304,0.3161683278108982,0.6141493958065869,0.5912807342186106,0.044578566058470145,0.049461378558470145,False,False,True,True,True,True,True,True,True,True,True,True
qft_5_Mutant_Replace_z_P0_Q4_[].qasm,PureState_11,0,1,0.5411519982224021,0.446731019601362,0.46449065185727345,0.42052088663543946,0.4999999999999999,0.4850482533045998,0.5000000000000044,0.48949303437991254,0.006835937499999983,0.009765624999999983,False,False,True,True,True,True,True,True,True,True,False,False
qft_5_Mutant_Replace_z_P0_Q4_[].qasm,Quratest_11,0,1,0.3950382705488677,0.39038885063008844,0.38429885649325335,0.37974602317352135,0.47325073893957026,0.4635509817715333,0.5003176452178731,0.4823142377359464,0.0034179687499941,0.0014648437500058996,False,False,True,True,True,True,True,True,True,True,False,False
qft_5_Mutant_Replace_z_P0_Q4_[].qasm,PureState_12,0,1,0.5411233856903365,0.4424294882197378,0.46445933328734434,0.41762315841875675,0.4999999999999999,0.4818835735001535,0.5000000000000048,0.4897129386078451,0.006835937500000045,0.011230468750000045,False,False,True,True,True,True,True,True,True,True,False,False
qft_5_Mutant_Replace_z_P0_Q4_[].qasm,Quratest_12,0,1,0.4421310696123252,0.43973862191985436,0.40391287695753575,0.4012878940110976,0.4139751339658625,0.4151215982743157,0.5000000000000048,0.48763004494267004,0.2587678052127464,0.2758576489627464,False,False,True,True,True,True,True,True,True,True,True,True
qft_5_Mutant_Replace_z_P0_Q4_[].qasm,PureState_13,0,1,0.5410969680722689,0.4422048243693739,0.4644304465206683,0.4175315714569823,0.4999999999999999,0.48188357350015343,0.5000000000000047,0.4897740402351241,0.00683593749999999,0.01123046874999999,False,False,True,True,True,True,True,True,True,True,False,False
qft_5_Mutant_Replace_z_P0_Q4_[].qasm,Quratest_13,0,1,0.2463484438190793,0.250595884849408,0.24019955987061112,0.24418613168033274,0.2373836954179194,0.2430233590554045,0.500000000000004,0.4872532934597729,0.04001831492492822,0.06394409617492822,False,False,True,True,True,True,True,True,True,True,True,True
qft_5_Mutant_Replace_z_P0_Q4_[].qasm,PureState_14,0,1,0.5411879861328411,0.4434064291148262,0.4645302476607338,0.41815245664797734,0.4999999999999999,0.48188357350015343,0.5000000000000043,0.48967350222930545,0.0068359375000000035,0.011230468750000003,False,False,True,True,True,True,True,True,True,True,False,False
qft_5_Mutant_Replace_z_P0_Q4_[].qasm,Quratest_14,0,1,0.4497807940807426,0.4544127047541782,0.4089978731741356,0.41328080486716656,0.4284139270883496,0.43249061225592145,0.5000000000000041,0.4888964672259864,0.2061866487318148,0.2252296174818148,False,False,True,True,True,True,True,True,True,True,True,True
qft_5_Mutant_Replace_z_P0_Q4_[].qasm,PureState_15,0,1,0.5410999118366465,0.44375240932103915,0.4644458543591712,0.41834811052354953,0.4999999999999999,0.4818835735001531,0.5000000000000043,0.4875838449895906,0.0068359375000000035,0.011230468750000003,False,False,True,True,True,True,True,True,True,True,False,False
qft_5_Mutant_Replace_z_P0_Q4_[].qasm,Quratest_15,0,1,0.06565980773806747,0.08045645945921642,0.06552692249245479,0.08024068415875668,0.06363362847668791,0.0765608746932782,0.500000000000004,0.48885430707952554,0.027308981704207827,0.03219179420420783,False,False,True,True,True,True,True,True,True,True,True,True
qft_5_Mutant_Replace_id_P0_Q4_[].qasm,PureState_0,0,1,0.5414010597681922,0.4462393788138793,0.46470134683737363,0.4201471414163344,0.4999999999999999,0.484435136220253,0.5000000000000037,0.4895094118409839,0.0068359374999999965,0.008789062499999997,False,False,True,True,True,True,True,True,True,True,False,False
qft_5_Mutant_Replace_id_P0_Q4_[].qasm,Quratest_0,0,1,0.5020363848411485,0.5042096878733708,0.4450339849157604,0.44717457884508355,0.46413556483103646,0.4637329554351789,0.5691563549179539,0.5539149678522576,0.019225848801819184,0.038757098801819184,False,False,True,True,True,True,True,True,True,True,True,True
qft_5_Mutant_Replace_id_P0_Q4_[].qasm,PureState_1,0,1,0.5411331007630434,0.43753863721464437,0.46446991014223227,0.41367727397800885,0.49999999999999983,0.48152620835608495,0.5000000000000043,0.48965886718547647,0.006835937500000024,0.010742187500000024,False,False,True,True,True,True,True,True,True,True,False,False
qft_5_Mutant_Replace_id_P0_Q4_[].qasm,Quratest_1,0,1,0.38493053259044535,0.34182479691319007,0.35953226494762947,0.32743680358652744,0.36843267915649514,0.3495490348764877,0.7285147218591383,0.7062715443638083,0.17570584748623017,0.14201444123623017,False,False,True,True,True,True,True,True,True,True,True,True
qft_5_Mutant_Replace_id_P0_Q4_[].qasm,PureState_2,0,1,0.5412599829800202,0.4378700080545541,0.4645840907441334,0.4144567876545994,0.4999999999999999,0.48152620835608495,0.5000000000000041,0.48946909087741575,0.0068359375,0.0107421875,False,False,True,True,True,True,True,True,True,True,False,False
qft_5_Mutant_Replace_id_P0_Q4_[].qasm,Quratest_2,0,1,0.3517955947090215,0.3138191894308021,0.3328910388055061,0.30262042568471614,0.3404344757074212,0.3217597988614455,0.7682087354996314,0.7427414708284704,0.052699108831742336,0.024378796331742336,False,False,True,True,True,True,True,True,True,True,True,True
qft_5_Mutant_Replace_id_P0_Q4_[].qasm,PureState_3,0,1,0.5411593032554166,0.44854252157354707,0.4644861925162695,0.4217778017794375,0.4999999999999999,0.4844351362202529,0.5000000000000032,0.48917931370621504,0.006835937499999979,0.00878906249999998,False,False,True,True,True,True,True,True,True,True,False,False
qft_5_Mutant_Replace_id_P0_Q4_[].qasm,Quratest_3,0,1,0.5467658004716073,0.5094568661445658,0.5138261514579218,0.4853835388128403,0.6279729655073575,0.6094258031676372,0.2112999091837924,0.2129467930480512,0.2562825047195659,0.22796219221956587,False,False,True,True,True,True,True,True,True,True,True,True
qft_5_Mutant_Replace_id_P0_Q4_[].qasm,PureState_4,0,1,0.5411018137583083,0.44105652682668745,0.4644356753398032,0.4163703427560684,0.4999999999999999,0.48152620835608523,0.5000000000000043,0.48770075503431026,0.006835937499999955,0.010742187499999955,False,False,True,True,True,True,True,True,True,True,False,False
qft_5_Mutant_Replace_id_P0_Q4_[].qasm,Quratest_4,0,1,0.0462245985968916,0.061798883883675396,0.04617515832495574,0.06170411418087606,0.04461545832312967,0.0532733306368707,0.7798537889553838,0.7516504350330186,0.02968579028604526,0.0033186027860452605,False,False,True,True,True,True,True,True,True,True,True,False
qft_5_Mutant_Replace_id_P0_Q4_[].qasm,PureState_5,0,1,0.5411243577595757,0.45184992420278414,0.4644606154443113,0.42401524626504306,0.4999999999999998,0.4844351362202528,0.5000000000000036,0.4891337618303243,0.006835937499999983,0.008789062499999983,False,False,True,True,True,True,True,True,True,True,False,False
qft_5_Mutant_Replace_id_P0_Q4_[].qasm,Quratest_5,0,1,0.43880751094738324,0.4350307200428864,0.4124572442205,0.4085354070989394,0.38823012555944647,0.3885301169980392,0.08671458631764764,0.09552398916921177,0.07040532074751002,0.06747563324751002,False,False,True,True,True,True,True,True,True,True,True,True
qft_5_Mutant_Replace_id_P0_Q4_[].qasm,PureState_6,0,1,0.5411278942062762,0.44376671503853554,0.4644644997352668,0.4184490649954543,0.49999999999999983,0.48443513622025314,0.500000000000004,0.4892994135894091,0.006835937500000045,0.008789062500000045,False,False,True,True,True,True,True,True,True,True,False,False
qft_5_Mutant_Replace_id_P0_Q4_[].qasm,Quratest_6,0,1,0.1740349063647368,0.18413274450777753,0.16950839112250216,0.1811330285140474,0.18541902709712577,0.187347508018444,0.41208602290034874,0.4031207799941991,0.1737017870890688,0.1976275683390688,False,False,True,True,True,True,True,True,True,True,True,True
qft_5_Mutant_Replace_id_P0_Q4_[].qasm,PureState_7,0,1,0.5410964256265751,0.4485959761039864,0.4644423698872839,0.42206359175511315,0.4999999999999997,0.4844351362202529,0.5000000000000036,0.48934839315248463,0.006835937500000007,0.008789062500000007,False,False,True,True,True,True,True,True,True,True,False,False
qft_5_Mutant_Replace_id_P0_Q4_[].qasm,Quratest_7,0,1,0.15108152531166577,0.14625012631281548,0.14857384934389772,0.1445138745441859,0.1252705235124597,0.12996005548398332,0.9494434455966605,0.9150428877207971,0.0037614738378945606,0.0020979011621054394,False,False,True,True,True,True,True,True,True,True,False,False
qft_5_Mutant_Replace_id_P0_Q4_[].qasm,PureState_8,0,1,0.5411858288032078,0.4522797230526212,0.46452795418986736,0.42446767171162725,0.4999999999999999,0.4844351362202529,0.5000000000000047,0.489631760738308,0.006835937500000045,0.008789062500000045,False,False,True,True,True,True,True,True,True,True,False,False
qft_5_Mutant_Replace_id_P0_Q4_[].qasm,Quratest_8,0,1,0.5247561451747923,0.5059779410946003,0.5099623991704796,0.49297242048364504,0.6864117787206673,0.6708748148262988,0.01881540873432312,0.030715002051245326,0.061456434975103544,0.055108778725103544,False,False,True,True,True,True,True,True,True,True,True,True
qft_5_Mutant_Replace_id_P0_Q4_[].qasm,PureState_9,0,1,0.5410947928892129,0.4498574728298207,0.4644281508179358,0.4229116241386803,0.49999999999999994,0.484435136220253,0.5000000000000041,0.4892399140267644,0.006835937500000038,0.008789062500000038,False,False,True,True,True,True,True,True,True,True,False,False
qft_5_Mutant_Replace_id_P0_Q4_[].qasm,Quratest_9,0,1,0.29966812960451183,0.30522793796511677,0.2777829153428834,0.2820805844102624,0.197977112161116,0.19888534508352107,0.02254565504381704,0.03514423581105996,0.03556549936466861,0.020917061864668608,False,False,True,True,True,True,True,True,True,True,True,True
qft_5_Mutant_Replace_id_P0_Q4_[].qasm,PureState_10,0,1,0.541020968737824,0.4357955535523733,0.4643845609042466,0.4126326318407299,0.4999999999999998,0.48152620835608484,0.5000000000000037,0.48734716458815736,0.006835937500000014,0.010742187500000014,False,False,True,True,True,True,True,True,True,True,False,False
qft_5_Mutant_Replace_id_P0_Q4_[].qasm,Quratest_10,0,1,0.2902094003070268,0.27924687298118855,0.28368625929892244,0.27412484351141586,0.32017587708794304,0.3160565635509814,0.011385203962000634,0.02093506548258725,0.044578566058470145,0.049461378558470145,False,False,True,True,True,True,True,True,True,True,True,True
qft_5_Mutant_Replace_id_P0_Q4_[].qasm,PureState_11,0,1,0.5411438651120419,0.45211678818681567,0.46448228673459646,0.42440935957389286,0.4999999999999999,0.48443513622025286,0.5000000000000044,0.48949308594731555,0.006835937499999983,0.008789062499999983,False,False,True,True,True,True,True,True,True,True,False,False
qft_5_Mutant_Replace_id_P0_Q4_[].qasm,Quratest_11,0,1,0.40138881983106145,0.3862631582841112,0.38990992677173003,0.37622651986448835,0.47325073893957026,0.4631803948553441,0.061676699340617036,0.06796511634224137,0.0034179687499941,0.0024414062500059,False,False,True,True,True,True,True,True,True,True,False,False
qft_5_Mutant_Replace_id_P0_Q4_[].qasm,PureState_12,0,1,0.5412037308421961,0.4416733203414723,0.46454773748762157,0.4168949725949258,0.4999999999999999,0.48152620835608523,0.5000000000000048,0.4897129086234138,0.006835937500000045,0.010742187500000045,False,False,True,True,True,True,True,True,True,True,False,False
qft_5_Mutant_Replace_id_P0_Q4_[].qasm,Quratest_12,0,1,0.43765541192694923,0.44494146841779414,0.399982711491871,0.4058766952357506,0.4139751339658625,0.41532675413132425,0.6572491769158975,0.6356962568062438,0.2587678052127464,0.2758576489627464,False,False,True,True,True,True,True,True,True,True,True,True
qft_5_Mutant_Replace_id_P0_Q4_[].qasm,PureState_13,0,1,0.541070229644075,0.43795119640827224,0.46440113943524536,0.4143857629775089,0.4999999999999999,0.48152620835608506,0.5000000000000047,0.489774010270999,0.00683593749999999,0.01074218749999999,False,False,True,True,True,True,True,True,True,True,False,False
qft_5_Mutant_Replace_id_P0_Q4_[].qasm,Quratest_13,0,1,0.2433290898728408,0.24388432937162835,0.23728332171518904,0.23778957083111602,0.2373836954179194,0.24335911658693943,0.88729796229947,0.853362788584275,0.04001831492492822,0.06345581492492822,False,False,True,True,True,True,True,True,True,True,True,True
qft_5_Mutant_Replace_id_P0_Q4_[].qasm,PureState_14,0,1,0.5410918275703107,0.4388157868633156,0.4644246931676022,0.41496246476403503,0.4999999999999999,0.4815262083560852,0.5000000000000043,0.489673472260625,0.0068359375000000035,0.010742187500000003,False,False,True,True,True,True,True,True,True,True,False,False
qft_5_Mutant_Replace_id_P0_Q4_[].qasm,Quratest_14,0,1,0.44601761097054593,0.45340117538651026,0.405552290651464,0.41234523096536124,0.4284139270883496,0.4324275466360806,0.63292301415348,0.6149378682059644,0.2061866487318148,0.2252296174818148,False,False,True,True,True,True,True,True,True,True,True,True
qft_5_Mutant_Replace_id_P0_Q4_[].qasm,PureState_15,0,1,0.5410038103192555,0.44497245988533285,0.46434069003460743,0.4191155935638516,0.4999999999999999,0.48152620835608484,0.5000000000000043,0.4875845635498196,0.0068359375000000035,0.010742187500000003,False,False,True,True,True,True,True,True,True,True,False,False
qft_5_Mutant_Replace_id_P0_Q4_[].qasm,Quratest_15,0,1,0.06851206917592609,0.08054746505255,0.06837608401150054,0.08032689084710257,0.06363362847668791,0.07674220687776104,0.9919015226537864,0.9532858805505384,0.027308981704207827,0.03219179420420783,False,False,True,True,True,True,True,True,True,True,True,True
qft_5_Mutant_Replace_x_P0_Q4_[].qasm,PureState_0,0,1,0.5412308318223539,0.4407119052438882,0.4645647420149114,0.41633785794161543,0.5,0.48091309127173837,0.5000000000000041,0.4895905357419245,0.0068359375000000035,0.010253906250000003,False,False,True,True,True,True,True,True,True,True,False,False
qft_5_Mutant_Replace_x_P0_Q4_[].qasm,Quratest_0,0,1,0.5443109271212081,0.5432474221540109,0.48325492650945673,0.48234950733119725,0.5334586933015288,0.5303392577488719,0.5000000000000039,0.4881749603087348,0.020202411301819184,0.042175067551819184,False,False,True,True,True,True,True,True,True,True,True,True
qft_5_Mutant_Replace_x_P0_Q4_[].qasm,PureState_1,0,1,0.5415367908542281,0.4527424818727339,0.4648378439225065,0.4249903568348705,0.5,0.4850482533045998,0.5000000000000041,0.489577616151533,0.006835937499999976,0.009765624999999976,False,False,True,True,True,True,True,True,True,True,False,False
qft_5_Mutant_Replace_x_P0_Q4_[].qasm,Quratest_1,0,1,0.5457252846187819,0.5006372475760626,0.5066489040935257,0.4760227310949534,0.6035373732666163,0.5881757739351232,0.5000000000000037,0.4872330877180564,0.2984152462637698,0.2700949337637698,False,False,True,True,True,True,True,True,True,True,True,True
qft_5_Mutant_Replace_x_P0_Q4_[].qasm,PureState_2,0,1,0.5413590622862718,0.4451853828786598,0.46466759155576776,0.4193176035380554,0.4999999999999999,0.4850482533045999,0.5000000000000039,0.48938792369331197,0.0068359375,0.009765625,False,False,True,True,True,True,True,True,True,True,False,False
qft_5_Mutant_Replace_x_P0_Q4_[].qasm,Quratest_2,0,1,0.5470753540982825,0.5083149902051552,0.5118734636000505,0.48315352937121314,0.6197615410380133,0.6046089091405521,0.500000000000004,0.48612950085772877,0.09036729741825766,0.10989854741825766,False,False,True,True,True,True,True,True,True,True,True,True
qft_5_Mutant_Replace_x_P0_Q4_[].qasm,PureState_3,0,1,0.5414333572498233,0.4366978111128619,0.46473662284108136,0.41341420619562347,0.5,0.48091309127173815,0.5000000000000036,0.48723964687200827,0.006835937500000021,0.01025390625000002,False,False,True,True,True,True,True,True,True,True,False,False
qft_5_Mutant_Replace_x_P0_Q4_[].qasm,Quratest_3,0,1,0.34066332896897633,0.31233243211487915,0.3230412841485189,0.2994379429383267,0.32503838941253516,0.31001327202132967,0.5000000000000049,0.4892842215662696,0.14117843278043413,0.09674483903043413,False,False,True,True,True,True,True,True,True,True,True,True
qft_5_Mutant_Replace_x_P0_Q4_[].qasm,PureState_4,0,1,0.541561910636979,0.4395756695175838,0.464865305931137,0.4153944941923137,0.5,0.4850482533046,0.5000000000000041,0.4896448647180549,0.006835937500000045,0.009765625000000045,False,False,True,True,True,True,True,True,True,True,False,False
qft_5_Mutant_Replace_x_P0_Q4_[].qasm,Quratest_4,0,1,0.47173382451594686,0.45714962512201573,0.4618805491897921,0.4479224031044863,0.624441265835058,0.6122613485728022,0.6080825664009314,0.5847146002384054,0.14882641528604526,0.09902172778604526,False,False,True,True,True,True,True,True,True,True,True,True
qft_5_Mutant_Replace_x_P0_Q4_[].qasm,PureState_5,0,1,0.5414460946153057,0.43754266352267934,0.46473813475435594,0.4139622988569897,0.5,0.48091309127173837,0.5000000000000033,0.48921469263546036,0.006835937500000017,0.010253906250000017,False,False,True,True,True,True,True,True,True,True,False,False
qft_5_Mutant_Replace_x_P0_Q4_[].qasm,Quratest_5,0,1,0.41696310633725314,0.411413225867689,0.3914064455182626,0.38561363301193124,0.41303204935663074,0.4057803676257028,0.501078339073387,0.48453412205830615,0.07412592925248998,0.04629389800248998,False,False,True,True,True,True,True,True,True,True,True,True
qft_5_Mutant_Replace_x_P0_Q4_[].qasm,PureState_6,0,1,0.5415177540283272,0.43471678590324353,0.46481692230172217,0.41201351863998875,0.5,0.4809130912717385,0.5000000000000047,0.48735898985208553,0.006835937499999955,0.010253906249999955,False,False,True,True,True,True,True,True,True,True,False,False
qft_5_Mutant_Replace_x_P0_Q4_[].qasm,Quratest_6,0,1,0.3987090434777816,0.37932970210210837,0.3858429758591148,0.36924179849755595,0.453919609017029,0.4434534973468644,0.5576546815636495,0.5388902978077652,0.016963505839068804,0.058467412089068804,False,False,True,True,True,True,True,True,True,True,True,True
qft_5_Mutant_Replace_x_P0_Q4_[].qasm,PureState_7,0,1,0.541580745257227,0.43852857455073374,0.4648734346665,0.4148848561096534,0.5000000000000001,0.4809130912717384,0.5000000000000047,0.4894294585716189,0.006835937499999993,0.010253906249999993,False,False,True,True,True,True,True,True,True,True,False,False
qft_5_Mutant_Replace_x_P0_Q4_[].qasm,Quratest_7,0,1,0.5342149157496099,0.5137106314028875,0.5173672895553344,0.4988051559791894,0.6890005245268886,0.6744744593522123,0.5000000000000049,0.4863379705532652,0.13559741133789455,0.10385913008789456,False,False,True,True,True,True,True,True,True,True,True,True
qft_5_Mutant_Replace_x_P0_Q4_[].qasm,PureState_8,0,1,0.5415787262491583,0.43887098400933516,0.4648837261459982,0.4149118936825561,0.5,0.48091309127173854,0.5000000000000037,0.48971285717875784,0.006835937499999955,0.010253906249999955,False,False,True,True,True,True,True,True,True,True,False,False
qft_5_Mutant_Replace_x_P0_Q4_[].qasm,Quratest_8,0,1,0.09802412892998226,0.09543297694401234,0.09765650188516851,0.095065863469203,0.09699332125028484,0.08506728985008437,0.5194311656663725,0.506455658629721,0.005304091225103544,0.021417372475103544,False,False,True,True,True,True,True,True,True,True,False,True
qft_5_Mutant_Replace_x_P0_Q4_[].qasm,PureState_9,0,1,0.5415609014926454,0.43952495112254825,0.4648642595277886,0.4157343547154725,0.5,0.4809130912717383,0.5000000000000052,0.4872997817084479,0.006835937499999962,0.010253906249999962,False,False,True,True,True,True,True,True,True,True,False,False
qft_5_Mutant_Replace_x_P0_Q4_[].qasm,Quratest_9,0,1,0.33107296554773763,0.3324082806759848,0.3199492079371976,0.3197264491751292,0.3881969857452586,0.38623110407053424,0.6476292803282163,0.625763868695326,0.0013858118646686082,0.004803780614668608,False,False,True,True,True,True,True,True,True,True,False,False
qft_5_Mutant_Replace_x_P0_Q4_[].qasm,PureState_10,0,1,0.5416304863137318,0.45202801467980874,0.46490277371586275,0.4245304720176316,0.5000000000000002,0.4850482533045999,0.5000000000000036,0.4892897512345296,0.006835937499999986,0.009765624999999986,False,False,True,True,True,True,True,True,True,True,False,False
qft_5_Mutant_Replace_x_P0_Q4_[].qasm,Quratest_10,0,1,0.42327102088245455,0.4022266986024956,0.40723367974652175,0.38872974897329543,0.4711882113446798,0.4644672165786832,0.6141493958065862,0.5909315350075289,0.13832856605847016,0.14028169105847016,False,False,True,True,True,True,True,True,True,True,True,True
qft_5_Mutant_Replace_x_P0_Q4_[].qasm,PureState_11,0,1,0.5415883457397562,0.4438401062668885,0.4648942260990412,0.41869273939831936,0.5000000000000001,0.48091309127173837,0.5000000000000044,0.4895741648728066,0.006835937500000017,0.010253906250000017,False,False,True,True,True,True,True,True,True,True,False,False
qft_5_Mutant_Replace_x_P0_Q4_[].qasm,Quratest_11,0,1,0.16829772387624956,0.1635239117531179,0.1664285306277767,0.16128041656101247,0.1756085125223364,0.1639819970028749,0.5003176452178727,0.4833271990936095,0.0063476562500059,0.0039062500000059,False,False,True,True,True,True,True,True,True,True,False,False
qft_5_Mutant_Replace_x_P0_Q4_[].qasm,PureState_12,0,1,0.5414775625823856,0.45129311348472895,0.464772645933058,0.4238125665143557,0.5,0.4850482533046,0.5000000000000043,0.489631709164666,0.006835937499999955,0.009765624999999955,False,False,True,True,True,True,True,True,True,True,False,False
qft_5_Mutant_Replace_x_P0_Q4_[].qasm,Quratest_12,0,1,0.5483309309050196,0.546698766181107,0.5007781795551826,0.49865472324834226,0.5732578725651714,0.5686446142337582,0.5000000000000037,0.48633593855189966,0.3617951489627464,0.3700959302127464,False,False,True,True,True,True,True,True,True,True,True,True
qft_5_Mutant_Replace_x_P0_Q4_[].qasm,PureState_13,0,1,0.541511194032172,0.4534288731993626,0.4648096092117325,0.4255607848914656,0.5,0.4850482533046,0.5000000000000041,0.4896928188111465,0.00683593750000001,0.00976562500000001,False,False,True,True,True,True,True,True,True,True,False,False
qft_5_Mutant_Replace_x_P0_Q4_[].qasm,Quratest_13,0,1,0.5450957163476579,0.524706363176269,0.5220618309542426,0.502974535529693,0.666069802010069,0.6565723358925344,0.5000000000000039,0.4829792402688869,0.17136597117492822,0.18845581492492822,False,False,True,True,True,True,True,True,True,True,True,True
qft_5_Mutant_Replace_x_P0_Q4_[].qasm,PureState_14,0,1,0.5416059193307824,0.4470624274189275,0.4649134442403747,0.4208064165513371,0.5000000000000001,0.4850482533046,0.5000000000000039,0.4895923095845317,0.0068359374999999965,0.009765624999999997,False,False,True,True,True,True,True,True,True,True,False,False
qft_5_Mutant_Replace_x_P0_Q4_[].qasm,Quratest_14,0,1,0.5435934999639187,0.5418259700953652,0.49423233638667946,0.4926851656631329,0.5625491152572705,0.5620575406580541,0.5000000000000043,0.4873904475236207,0.2989600862318148,0.3004249299818148,False,False,True,True,True,True,True,True,True,True,True,True
qft_5_Mutant_Replace_x_P0_Q4_[].qasm,PureState_15,0,1,0.541570160398592,0.4466262283407582,0.4648616432976561,0.42071020146440696,0.49999999999999994,0.4850482533045998,0.5000000000000041,0.48952795329783577,0.0068359374999999965,0.009765624999999997,False,False,True,True,True,True,True,True,True,True,False,False
qft_5_Mutant_Replace_x_P0_Q4_[].qasm,Quratest_15,0,1,0.5408385687048991,0.5293406100075017,0.5250557701005019,0.5144300060345618,0.7042377164898871,0.6947572523276692,0.500000000000004,0.48369458412248617,0.04251523704579217,0.026890237045792173,False,False,True,True,True,True,True,True,True,True,True,True
